-7702805.587093
0
0.000240 0.001446 0.000574 0.000000 0.001711 0.002782 0.000000 0.003524 0.020164 0.015578 0.014847 0.018092 0.004205 0.010061 0.002517 0.005161 0.031485 0.025568 0.067939 0.027476 0.001871 0.005286 0.003241 0.006805 0.000000 0.000731 0.001269 0.000000 0.000000 0.001743 0.001428 0.001888 0.009939 0.008780 0.025515 0.012910 0.000874 0.006308 0.003243 0.006842 0.021673 0.027720 0.072216 0.038947 0.002626 0.012531 0.014269 0.030512 0.000412 0.001526 0.000984 0.000000 0.001102 0.004180 0.000000 0.002362 0.017696 0.020875 0.004614 0.025125 0.002239 0.007342 0.003369 0.003959 0.045448 0.036462 0.060433 0.040803 0.000000 0.001998 0.000000 0.010331 0.000000 0.000000 0.000000 0.000000 0.000000 0.001015 0.000000 0.002628 0.002332 0.001291 0.000000 0.004794 0.001947 0.003776 0.001183 0.002635 0.019551 0.023415 0.031559 0.022771 0.001421 0.004757 0.003740 0.007390 
0.037018 0.007475 0.003060 0.003502 0.016994 0.014282 0.029085 0.010751 0.004768 0.005270 0.000154 0.005021 0.003465 0.000000 0.005259 0.000068 0.000000 0.013982 0.000340 0.002859 0.008027 0.004312 0.023866 0.000963 0.000000 0.000000 0.000000 0.000000 0.015822 0.007114 0.019332 0.016343 0.000433 0.008874 0.000285 0.003698 0.000000 0.000000 0.000000 0.000000 0.000000 0.059399 0.000000 0.003577 0.000646 0.001579 0.019414 0.000027 0.020293 0.010590 0.008166 0.009378 0.023755 0.033405 0.043780 0.029469 0.001123 0.000005 0.000719 0.003236 0.002581 0.001144 0.001603 0.001204 0.000000 0.004081 0.000597 0.000000 0.036029 0.052120 0.236970 0.037861 0.001003 0.000000 0.000000 0.000000 0.002175 0.006860 0.013688 0.001017 0.000172 0.000171 0.000384 0.000268 0.000000 0.000000 0.000000 0.001027 0.000000 0.018487 0.000584 0.000000 0.006611 0.010419 0.014752 0.007211 
0.000566 0.000177 0.000000 0.000160 0.000059 0.000212 0.000360 0.000244 0.000420 0.025858 0.000373 0.008557 0.001300 0.000697 0.001087 0.003191 0.000179 0.000096 0.000046 0.001034 0.000309 0.000446 0.001052 0.000418 0.001534 0.000000 0.000567 0.001185 0.000136 0.000344 0.001060 0.000468 0.072899 0.121190 0.034505 0.085198 0.000431 0.000861 0.000352 0.001555 0.000687 0.000223 0.000144 0.003569 0.000155 0.000515 0.001057 0.001114 0.000000 0.000000 0.000000 0.000000 0.000000 0.000092 0.000026 0.000092 0.000000 0.024653 0.000000 0.015533 0.000330 0.000236 0.000533 0.000696 0.000000 0.000000 0.000000 0.008014 0.000012 0.000000 0.000085 0.000457 0.001003 0.002293 0.000000 0.000000 0.000000 0.000872 0.000348 0.000000 0.094706 0.256349 0.116247 0.082481 0.001046 0.001489 0.000806 0.004486 0.001787 0.001377 0.001661 0.002122 0.000436 0.001093 0.000735 0.001316 
0.000584 0.000424 0.000000 0.000000 0.000566 0.000666 0.000000 0.001127 0.007488 0.002586 0.219472 0.000666 0.000116 0.000876 0.000000 0.001631 0.002180 0.003237 0.007912 0.000000 0.000000 0.000000 0.000000 0.000000 0.004679 0.007867 0.006951 0.006308 0.000000 0.000000 0.000000 0.000000 0.004610 0.001054 0.218805 0.001394 0.000000 0.000375 0.000000 0.000000 0.002366 0.002715 0.015050 0.000727 0.000000 0.001766 0.002236 0.000000 0.001505 0.000766 0.001283 0.000000 0.000582 0.002387 0.000000 0.000893 0.017567 0.017999 0.275356 0.011633 0.000000 0.000379 0.000000 0.000446 0.006159 0.004080 0.007937 0.001551 0.000000 0.000000 0.000000 0.000000 0.000000 0.000604 0.000721 0.000000 0.000000 0.000263 0.000000 0.000000 0.002782 0.004469 0.103298 0.000345 0.000176 0.000186 0.000000 0.000000 0.002386 0.002327 0.005485 0.000000 0.000000 0.000000 0.000000 0.000000 
0.028827 0.026260 0.020747 0.018328 0.009581 0.006203 0.005602 0.006361 0.010566 0.006861 0.003108 0.005503 0.005594 0.004196 0.013821 0.003422 0.007936 0.000590 0.005143 0.004962 0.001209 0.000787 0.001948 0.000000 0.061575 0.050500 0.043015 0.038289 0.011689 0.012561 0.011255 0.011474 0.021540 0.015989 0.010090 0.018756 0.007760 0.012861 0.035319 0.012437 0.002621 0.001422 0.002609 0.003158 0.001093 0.000536 0.004492 0.000000 0.035334 0.038051 0.029893 0.023411 0.006467 0.009328 0.007970 0.006289 0.010940 0.009443 0.003955 0.007087 0.007882 0.005080 0.014094 0.005137 0.000615 0.000000 0.000000 0.000385 0.000000 0.000000 0.000000 0.000000 0.028445 0.043496 0.021945 0.029553 0.000000 0.010438 0.005060 0.001675 0.000000 0.007514 0.000000 0.003670 0.004967 0.006646 0.010504 0.006011 0.001091 0.000235 0.001109 0.001130 0.001157 0.001323 0.003388 0.000685 
0.000000 0.003351 0.000000 0.010767 0.000000 0.000000 0.000000 0.000000 0.033393 0.034398 0.022672 0.024580 0.000000 0.002690 0.000000 0.003186 0.000709 0.001858 0.000480 0.000000 0.000000 0.000000 0.000000 0.000000 0.010859 0.027733 0.006466 0.126681 0.000000 0.000000 0.000000 0.000000 0.008874 0.029552 0.008137 0.020315 0.000000 0.002034 0.000000 0.000000 0.000000 0.002392 0.000613 0.000000 0.000000 0.000000 0.000000 0.000000 0.002539 0.011634 0.000959 0.044332 0.000000 0.000000 0.000000 0.000000 0.083296 0.161012 0.122787 0.091751 0.000000 0.002410 0.000000 0.000962 0.006818 0.010430 0.001752 0.002580 0.000000 0.001108 0.000000 0.001353 0.001275 0.008850 0.000000 0.019868 0.000000 0.000000 0.000000 0.000000 0.010734 0.016150 0.000000 0.012255 0.000000 0.000000 0.000000 0.000000 0.000000 0.003404 0.000000 0.000000 0.000000 0.000000 0.000000 0.000000 
0.000295 0.001301 0.000346 0.008934 0.000400 0.000102 0.000000 0.000000 0.000000 0.002706 0.008661 0.003873 0.000000 0.000000 0.000000 0.001253 0.003084 0.004628 0.000836 0.003074 0.001306 0.004098 0.001567 0.016456 0.001986 0.000000 0.000034 0.012811 0.000000 0.000000 0.000000 0.000057 0.000000 0.000528 0.001528 0.002528 0.000000 0.000000 0.000000 0.000734 0.000097 0.001347 0.000000 0.001016 0.002077 0.001571 0.002981 0.018763 0.000942 0.002415 0.000000 0.009248 0.000235 0.000000 0.000000 0.000185 0.000000 0.015193 0.038841 0.018360 0.000000 0.000108 0.000000 0.000273 0.007290 0.013478 0.003710 0.012266 0.000717 0.002355 0.000760 0.003667 0.035902 0.008609 0.003708 0.267694 0.000000 0.000000 0.000000 0.000000 0.002686 0.018105 0.271322 0.035715 0.000107 0.000548 0.000277 0.002186 0.002692 0.008485 0.004215 0.007635 0.005850 0.009617 0.002224 0.071398 
0.001086 0.001165 0.000475 0.000761 0.003027 0.001170 0.000871 0.002535 0.004090 0.001331 0.003435 0.001800 0.000173 0.000557 0.000475 0.000124 0.000715 0.000592 0.000550 0.000676 0.000000 0.000085 0.000330 0.000000 0.001598 0.000787 0.000284 0.000737 0.004503 0.001258 0.001222 0.004486 0.009830 0.000965 0.006660 0.003408 0.000000 0.000469 0.000368 0.000349 0.000106 0.000400 0.000217 0.000594 0.000000 0.000111 0.000000 0.000465 0.001287 0.001174 0.000275 0.001197 0.001360 0.000877 0.000191 0.002336 0.007144 0.002996 0.003270 0.002951 0.000069 0.000271 0.000149 0.000172 0.000277 0.000075 0.000428 0.000129 0.000428 0.000081 0.000000 0.000094 0.024227 0.016219 0.005671 0.011292 0.153502 0.052529 0.019499 0.176543 0.219539 0.053204 0.064519 0.108788 0.000085 0.000289 0.000000 0.000225 0.000160 0.000713 0.000166 0.000348 0.000070 0.000121 0.000225 0.000000 
0.083113 0.013322 0.102314 0.000522 0.318627 0.464882 0.000000 0.017221 
0.000470 0.000000 0.000000 0.174970 0.025882 0.008665 0.783489 0.006523 
0.156676 0.003282 0.000000 0.654614 0.002261 0.172551 0.008827 0.001790 
0.100618 0.001877 0.000000 0.822226 0.000112 0.073326 0.000000 0.001842 
0.044383 0.000000 0.000000 0.749010 0.020913 0.171471 0.007498 0.006726 
0.407169 0.000000 0.000000 0.021880 0.376472 0.040947 0.107703 0.045830 
0.028913 0.000000 0.000000 0.821596 0.021423 0.124615 0.000000 0.003452 
0.095087 0.000000 0.036303 0.623795 0.029284 0.204608 0.010911 0.000012 
0.064842 0.000000 0.000000 0.834180 0.031562 0.060887 0.000000 0.008528 
0.092022 0.003471 0.023224 0.753004 0.006445 0.121824 0.000000 0.000009 
0.113064 0.000985 0.000000 0.660274 0.017071 0.206551 0.000000 0.002055 
0.308600 0.032604 0.082561 0.286961 0.244894 0.000466 0.000000 0.043915 
0.017066 0.011943 0.109487 0.013338 0.013847 0.000842 0.042776 0.790702 
0.302703 0.057713 0.147656 0.220084 0.213318 0.051384 0.002212 0.004929 
0.276522 0.028549 0.196950 0.320709 0.137886 0.020031 0.001556 0.017797 
0.359303 0.016402 0.130590 0.254411 0.191441 0.017821 0.002216 0.027816 
0.373092 0.025166 0.128094 0.343736 0.074190 0.011564 0.000470 0.043689 
0.353308 0.032021 0.108245 0.266401 0.144811 0.026018 0.002051 0.067145 
0.328213 0.027768 0.126798 0.304524 0.128454 0.027370 0.031889 0.024983 
0.217240 0.039343 0.058309 0.189277 0.391261 0.024920 0.027372 0.052277 
0.246361 0.061655 0.183855 0.197567 0.211958 0.037099 0.000804 0.060701 
0.482559 0.083452 0.089787 0.171120 0.111240 0.012590 0.008814 0.040438 
0.254191 0.045567 0.096257 0.179572 0.275790 0.046357 0.076253 0.026014 
0.303745 0.048885 0.116115 0.233955 0.263423 0.009099 0.001190 0.023587 
0.000000 0.000000 0.000000 0.000000 0.000000 0.000000 0.010826 0.989174 
0.371015 0.000000 0.000000 0.114167 0.000000 0.000000 0.035951 0.478867 
0.142367 0.000000 0.000000 0.244903 0.311721 0.000000 0.021694 0.279316 
0.000000 0.003011 0.028979 0.000000 0.000000 0.000000 0.000000 0.968011 
0.000000 0.006076 0.000000 0.030399 0.033986 0.000000 0.000000 0.929539 
0.000000 0.999047 0.000000 0.000000 0.000000 0.000000 0.000000 0.000953 
0.190762 0.149004 0.106160 0.000000 0.377285 0.100624 0.000000 0.076165 
0.359471 0.000000 0.011282 0.179414 0.033077 0.415205 0.000000 0.001551 
0.000000 0.999974 0.000000 0.000000 0.000000 0.000000 0.000000 0.000026 
0.000000 0.000868 0.000000 0.000000 0.000000 0.000000 0.008658 0.990473 
0.000000 0.000000 0.037744 0.000000 0.000000 0.000000 0.017908 0.944348 
0.003927 0.000000 0.000000 0.049791 0.009823 0.013531 0.921803 0.001126 
0.286852 0.005498 0.028933 0.249767 0.032402 0.378871 0.011508 0.006170 
0.000000 0.000000 0.000000 0.000000 0.000000 0.000000 0.000000 1.000000 
0.389537 0.010670 0.000000 0.315246 0.031315 0.210519 0.000000 0.042713 
0.279389 0.067790 0.135574 0.301771 0.170252 0.000000 0.000000 0.045224 
0.000000 0.000000 0.025593 0.000000 0.000000 0.000000 0.000000 0.974407 
0.000000 0.000000 0.032790 0.016352 0.000000 0.000000 0.041274 0.909584 
0.000000 0.000000 0.055642 0.000000 0.000000 0.000000 0.000000 0.944358 
0.000000 0.030788 0.553812 0.000000 0.000000 0.400813 0.000000 0.014588 
0.414797 0.003019 0.000000 0.236719 0.013267 0.322463 0.009697 0.000038 
0.000000 0.000000 0.063938 0.039482 0.000000 0.000000 0.000000 0.896580 
0.000000 0.000000 0.000000 0.000000 0.000000 0.000000 0.000000 1.000000 
0.000000 0.016501 0.038219 0.063487 0.000000 0.000000 0.000000 0.881793 
0.079291 0.000000 0.023369 0.000000 0.039869 0.000000 0.025855 0.831616 
0.087990 0.004917 0.036390 0.075163 0.011023 0.128687 0.016792 0.639039 
0.000000 0.000000 0.000000 0.012365 0.000000 0.000000 0.000000 0.987635 
0.805944 0.001629 0.000000 0.000000 0.145266 0.000000 0.029697 0.017465 
0.422196 0.022947 0.000000 0.198143 0.167770 0.125720 0.000000 0.063224 
0.000000 0.032332 0.000000 0.000000 0.000000 0.000000 0.013855 0.953814 
0.000000 0.000000 0.032882 0.009428 0.000000 0.000000 0.011252 0.946438 
0.000000 0.000000 0.000000 0.000000 0.000000 0.000000 0.000000 1.000000 
0.000000 0.000000 0.028607 0.015921 0.000000 0.000000 0.035346 0.920126 
0.000000 0.000000 0.012996 0.017959 0.000000 0.000000 0.013325 0.955719 
0.025301 0.000000 0.037285 0.101005 0.000000 0.000000 0.018031 0.818378 
0.000000 0.000000 0.086250 0.052402 0.000000 0.000000 0.000000 0.861348 
0.100980 0.000000 0.116610 0.187312 0.031570 0.000000 0.000000 0.563528 
0.000000 0.000000 0.070038 0.107531 0.000000 0.000000 0.017181 0.805250 
0.000000 0.000000 0.007245 0.016640 0.000000 0.000000 0.000000 0.976115 
0.018301 0.000000 0.082872 0.062778 0.000000 0.000000 0.034305 0.801743 
0.419966 0.083777 0.058081 0.040857 0.123515 0.000000 0.000000 0.273803 
0.555855 0.096697 0.054814 0.097207 0.124720 0.000000 0.000000 0.070708 
0.000000 0.000000 0.067650 0.084670 0.000000 0.000000 0.028791 0.818889 
0.065040 0.018629 0.042058 0.082044 0.238116 0.000000 0.000000 0.554112 
0.023159 0.000000 0.000259 0.052850 0.000000 0.000000 0.000000 0.923732 
0.000000 0.000000 0.036611 0.044954 0.032621 0.022762 0.000000 0.863051 
0.000000 0.001805 0.024354 0.000162 0.000000 0.000000 0.023116 0.950563 
0.060060 0.034522 0.000042 0.062586 0.000000 0.000000 0.840396 0.002394 
0.005448 0.000000 0.012886 0.034282 0.000000 0.000000 0.000000 0.947384 
0.000000 0.000000 0.021585 0.017769 0.000000 0.000000 0.000000 0.960646 
0.000000 0.003766 0.119805 0.055511 0.000000 0.000000 0.017497 0.803421 
0.000000 0.000000 0.037530 0.028541 0.000000 0.000000 0.005681 0.928248 
0.000000 0.000000 0.061086 0.098164 0.000000 0.000000 0.000000 0.840749 
0.000000 0.000000 0.000166 0.003368 0.000000 0.000000 0.000000 0.996466 
0.000000 0.000000 0.111506 0.049013 0.000000 0.000000 0.017963 0.821517 
0.000000 0.000000 0.056940 0.074362 0.000000 0.000000 0.020180 0.848517 
0.000000 0.000000 0.073490 0.060875 0.000000 0.000000 0.061458 0.804177 
0.044457 0.000000 0.075949 0.120547 0.000000 0.000000 0.000000 0.759047 
0.000000 0.000000 0.026121 0.000116 0.000000 0.000000 0.001327 0.972436 
0.000000 0.003392 0.111302 0.048229 0.034957 0.000000 0.000000 0.802119 
0.016011 0.000000 0.000000 0.074390 0.000427 0.001348 0.905484 0.002340 
0.290248 0.003743 0.025399 0.294395 0.138088 0.201127 0.042030 0.004971 
0.221971 0.000000 0.000000 0.375323 0.104692 0.284515 0.000000 0.013498 
0.194719 0.002675 0.000000 0.396571 0.054845 0.350135 0.001054 0.000000 
0.189691 0.007375 0.000000 0.497938 0.017025 0.283187 0.000000 0.004784 
0.052940 0.000000 0.023830 0.100410 0.009369 0.003075 0.810375 0.000000 
0.227028 0.000000 0.000000 0.494199 0.078836 0.164839 0.019220 0.015878 
0.080300 0.000000 0.000000 0.799497 0.016830 0.101167 0.000000 0.002206 
0.150749 0.009981 0.000000 0.461934 0.034354 0.342980 0.000000 0.000000 
0.081863 0.000000 0.000000 0.247794 0.005043 0.597694 0.067461 0.000144 
0.759756 0.004650 0.000000 0.142982 0.050232 0.042380 0.000000 0.000000 
0.056435 0.003398 0.007906 0.098182 0.000020 0.030680 0.802809 0.000568 
0.045666 0.002007 0.019663 0.155947 0.008914 0.569904 0.197753 0.000145 
0.217091 0.000000 0.000000 0.255136 0.112073 0.339954 0.053919 0.021827 
0.239587 0.000000 0.000000 0.445628 0.094708 0.203038 0.012647 0.004392 
0.249220 0.009358 0.012764 0.378805 0.037748 0.312105 0.000000 0.000000 
0.043034 0.012101 0.000000 0.135032 0.335775 0.002025 0.000000 0.472032 
0.146018 0.008912 0.000000 0.379204 0.040718 0.408787 0.016361 0.000000 
0.014371 0.001263 0.031118 0.337781 0.001761 0.147445 0.465705 0.000556 
0.191003 0.008103 0.000000 0.443028 0.068500 0.266384 0.000000 0.022981 
0.190027 0.003348 0.028939 0.415979 0.033477 0.328230 0.000000 0.000000 
0.160235 0.000000 0.050317 0.485725 0.033807 0.261387 0.000000 0.008529 
0.005533 0.000000 0.006943 0.048227 0.018630 0.013526 0.907139 0.000000 
0.319042 0.008147 0.016104 0.297432 0.085500 0.273774 0.000000 0.000000 
0.464489 0.009476 0.033573 0.191058 0.036116 0.265288 0.000000 0.000000 
0.229333 0.003550 0.022791 0.333212 0.050904 0.338783 0.000000 0.021428 
0.191436 0.003708 0.000000 0.492703 0.081542 0.230611 0.000000 0.000000 
0.056824 0.000000 0.000000 0.037443 0.014044 0.000323 0.891366 0.000000 
0.016666 0.000000 0.000000 0.519426 0.002822 0.458109 0.002977 0.000000 
0.303791 0.000000 0.031711 0.271317 0.072973 0.320208 0.000000 0.000000 
0.067312 0.000000 0.000000 0.601601 0.101296 0.216974 0.012817 0.000000 
0.021749 0.000000 0.005929 0.056278 0.012799 0.044268 0.858977 0.000000 
0.182629 0.000000 0.000000 0.353413 0.039522 0.394108 0.023590 0.006737 
0.194511 0.000000 0.015099 0.341170 0.156269 0.267719 0.011415 0.013817 
0.210369 0.002364 0.018811 0.331808 0.121387 0.315261 0.000000 0.000000 
0.219340 0.006610 0.000000 0.444148 0.055442 0.252436 0.008352 0.013672 
0.093526 0.004792 0.047435 0.246699 0.000022 0.259594 0.346954 0.000978 
0.686245 0.011682 0.038438 0.211633 0.039408 0.012594 0.000000 0.000000 
0.243289 0.000000 0.006382 0.482666 0.024746 0.242916 0.000000 0.000000 
0.185011 0.000000 0.030883 0.444171 0.077967 0.261967 0.000000 0.000000 
0.014243 0.000000 0.011381 0.081163 0.008870 0.001022 0.880113 0.003207 
0.077730 0.000000 0.000000 0.212869 0.649004 0.060396 0.000000 0.000000 
0.009925 0.000000 0.026527 0.035509 0.000219 0.002298 0.000000 0.925522 
0.150104 0.000000 0.030746 0.514977 0.034539 0.269633 0.000000 0.000000 
0.084134 0.000000 0.000000 0.838937 0.010259 0.066670 0.000000 0.000000 
0.272880 0.006455 0.000000 0.353887 0.044500 0.299602 0.000000 0.022676 
0.469939 0.002609 0.000000 0.260808 0.057072 0.209571 0.000000 0.000000 
0.278950 0.000000 0.020256 0.382097 0.095531 0.223165 0.000000 0.000000 
0.203490 0.019294 0.032134 0.410430 0.037752 0.283669 0.013231 0.000000 
0.152031 0.031860 0.000000 0.477711 0.090204 0.239432 0.000000 0.008762 
0.170495 0.000000 0.000000 0.433000 0.063574 0.320808 0.000000 0.012124 
0.220046 0.002296 0.044907 0.221478 0.055065 0.223873 0.000000 0.232335 
0.303231 0.030970 0.000000 0.297205 0.020099 0.342796 0.002121 0.003578 
0.001482 0.000000 0.000000 0.072168 0.030003 0.011241 0.884329 0.000778 
0.229017 0.003045 0.057149 0.223001 0.160284 0.287715 0.000000 0.039790 
0.172889 0.001996 0.000000 0.457898 0.047600 0.319617 0.000000 0.000000 
0.204937 0.003082 0.000000 0.472338 0.044346 0.275296 0.000000 0.000000 
0.027282 0.000000 0.000000 0.706603 0.051890 0.074241 0.129362 0.010622 
0.018994 0.000000 0.004425 0.041671 0.016025 0.032516 0.886369 0.000000 
0.792889 0.006460 0.005290 0.018983 0.063974 0.002927 0.109477 0.000000 
0.120397 0.000000 0.000000 0.609744 0.070438 0.199421 0.000000 0.000000 
0.205238 0.000000 0.000000 0.419666 0.069065 0.268392 0.021211 0.016428 
0.015810 0.000000 0.024725 0.115534 0.009916 0.012585 0.821429 0.000000 
0.188932 0.000000 0.000000 0.442234 0.077626 0.279287 0.000000 0.011922 
0.158233 0.011140 0.000000 0.496268 0.036196 0.298163 0.000000 0.000000 
0.184485 0.005515 0.000000 0.424414 0.037366 0.329670 0.000000 0.018549 
0.043045 0.000000 0.021078 0.268628 0.005879 0.293938 0.367433 0.000000 
0.385805 0.001560 0.019695 0.419216 0.004770 0.162384 0.000000 0.006570 
0.338047 0.006166 0.000000 0.221372 0.025040 0.402308 0.000000 0.007067 
0.202284 0.013633 0.000000 0.415718 0.060527 0.295964 0.000000 0.011874 
0.022817 0.002032 0.000000 0.801219 0.002282 0.171650 0.000000 0.000000 
0.162429 0.000000 0.000000 0.531330 0.056763 0.249478 0.000000 0.000000 
0.017556 0.000000 0.098283 0.153239 0.108087 0.006273 0.063295 0.553267 
0.006057 0.000000 0.000000 0.085696 0.005168 0.006664 0.896414 0.000000 
0.020126 0.001188 0.023098 0.112096 0.004868 0.000897 0.837727 0.000000 
0.113282 0.000000 0.000000 0.554312 0.067014 0.265392 0.000000 0.000000 
0.133235 0.014485 0.000000 0.445320 0.060563 0.329262 0.013183 0.003952 
0.195633 0.004286 0.000000 0.407492 0.068827 0.319087 0.000000 0.004674 
0.215735 0.008903 0.000000 0.413075 0.075838 0.286448 0.000000 0.000000 
0.121031 0.000000 0.024590 0.589604 0.110151 0.154624 0.000000 0.000000 
0.141432 0.000000 0.000000 0.399618 0.100848 0.343376 0.000000 0.014726 
0.171844 0.000000 0.162986 0.209237 0.065002 0.367924 0.000000 0.023006 
0.174766 0.001973 0.013963 0.390780 0.081341 0.331633 0.000000 0.005544 
0.105903 0.002968 0.000000 0.531290 0.090397 0.261384 0.000000 0.008058 
0.046355 0.000000 0.010152 0.079765 0.004797 0.011099 0.847832 0.000000 
0.170239 0.000000 0.000000 0.524605 0.041456 0.263700 0.000000 0.000000 
0.199098 0.000000 0.019902 0.426175 0.095511 0.253650 0.000000 0.005663 
0.583042 0.002034 0.035527 0.136151 0.034656 0.202551 0.000000 0.006039 
0.058679 0.026399 0.000000 0.036909 0.134759 0.005344 0.000000 0.737910 
0.059111 0.002093 0.020367 0.779450 0.032693 0.086220 0.000000 0.020066 
0.457172 0.040098 0.075238 0.252091 0.136642 0.000000 0.000000 0.038758 
0.457852 0.040904 0.074886 0.251287 0.133882 0.000000 0.002272 0.038916 
0.296260 0.049339 0.025055 0.242346 0.262224 0.050518 0.000000 0.074258 
0.220399 0.097177 0.001519 0.008096 0.515355 0.000000 0.083955 0.073499 
0.077974 0.054900 0.658749 0.048994 0.122753 0.000000 0.012835 0.023795 
0.072222 0.052620 0.670760 0.052515 0.116377 0.000000 0.024885 0.010621 
0.049797 0.005913 0.077786 0.391890 0.111119 0.279534 0.064189 0.019774 
0.534021 0.004070 0.013287 0.105323 0.099545 0.226001 0.011037 0.006715 
0.000509 0.003427 0.001830 0.989144 0.005042 0.000000 0.000000 0.000048 
0.128244 0.000281 0.000835 0.865286 0.002684 0.000000 0.000000 0.002670 
0.080017 0.022635 0.658027 0.077577 0.132513 0.000000 0.022110 0.007121 
0.510862 0.046274 0.086510 0.185171 0.127245 0.000000 0.000000 0.043939 
0.341765 0.117940 0.020020 0.150454 0.222202 0.037819 0.060842 0.048959 
0.092728 0.054293 0.031311 0.111325 0.171447 0.022280 0.081225 0.435389 
0.452028 0.069478 0.087063 0.195824 0.157929 0.000000 0.000000 0.037678 
0.132358 0.741484 0.013690 0.010625 0.073023 0.000000 0.003926 0.024893 
0.393591 0.072266 0.084326 0.231204 0.182818 0.000945 0.000000 0.034850 
0.220046 0.651781 0.014344 0.033911 0.029805 0.000000 0.000000 0.050114 
0.047640 0.879603 0.012138 0.006771 0.053745 0.000000 0.000000 0.000103 
0.369386 0.319776 0.039735 0.185330 0.054643 0.000000 0.000000 0.031130 
0.049415 0.867494 0.017735 0.039658 0.016987 0.000000 0.000000 0.008710 
0.031162 0.841774 0.005647 0.031215 0.067167 0.000000 0.000000 0.023034 
0.058416 0.871953 0.013029 0.022694 0.014356 0.000000 0.000000 0.019552 
0.415502 0.048641 0.090393 0.254817 0.154570 0.000000 0.000000 0.036076 
0.453270 0.052761 0.074760 0.261763 0.122430 0.002530 0.000000 0.032486 
0.435496 0.073161 0.078989 0.235761 0.135633 0.000000 0.000000 0.040960 
0.388841 0.090870 0.220396 0.000715 0.081536 0.217397 0.000000 0.000244 
0.289484 0.099804 0.233464 0.053648 0.031095 0.130215 0.010500 0.151789 
0.276599 0.000010 0.015061 0.403140 0.019032 0.274060 0.012094 0.000004 
0.270680 0.000010 0.008979 0.395871 0.019693 0.297544 0.007221 0.000002 
0.452967 0.055700 0.053829 0.204201 0.168029 0.011668 0.012392 0.041214 
0.376701 0.058328 0.062091 0.232997 0.174179 0.053069 0.000000 0.042635 
0.349574 0.060015 0.054951 0.273845 0.148340 0.050440 0.020439 0.042395 
0.250333 0.002361 0.000000 0.512146 0.002574 0.221553 0.011031 0.000002 
0.004604 0.000006 0.000000 0.037161 0.018430 0.013922 0.925876 0.000001 
0.110320 0.009849 0.000000 0.613380 0.022677 0.227851 0.015921 0.000001 
0.134527 0.001774 0.000001 0.501901 0.049205 0.291143 0.021447 0.000002 
0.040844 0.007974 0.000000 0.831601 0.007903 0.099717 0.011957 0.000004 
0.061042 0.001254 0.000000 0.794768 0.000380 0.123748 0.011459 0.007350 
0.179704 0.000015 0.000001 0.555616 0.041252 0.220721 0.000000 0.002691 
0.177326 0.006760 0.000000 0.468741 0.037583 0.309588 0.000000 0.000002 
0.086279 0.007887 0.000000 0.644119 0.004515 0.232811 0.020754 0.003635 
0.257459 0.030168 0.000000 0.358952 0.002372 0.348777 0.000000 0.002272 
0.171336 0.002112 0.000000 0.607178 0.033228 0.180361 0.000000 0.005784 
0.331741 0.003133 0.025436 0.223520 0.070380 0.331024 0.008066 0.006700 
0.188600 0.002023 0.000001 0.515428 0.040806 0.253139 0.000000 0.000004 
0.095247 0.000006 0.000000 0.690381 0.034332 0.180033 0.000000 0.000001 
0.256732 0.002011 0.000000 0.263098 0.013460 0.464700 0.000000 0.000000 
0.219045 0.006388 0.000001 0.469710 0.022673 0.282181 0.000000 0.000003 
0.048371 0.004725 0.000000 0.015478 0.000411 0.019180 0.911834 0.000000 
0.437667 0.035926 0.036776 0.256180 0.191395 0.017387 0.000001 0.024668 
0.139563 0.002743 0.019164 0.583111 0.037682 0.215115 0.000000 0.002621 
0.109292 0.033850 0.079244 0.319013 0.204380 0.029669 0.049733 0.174818 
0.078580 0.000016 0.000001 0.393702 0.161628 0.305869 0.051490 0.008714 
0.048964 0.000016 0.000002 0.650556 0.091706 0.164042 0.044707 0.000007 
0.260588 0.000030 0.000001 0.367328 0.182326 0.152814 0.036906 0.000007 
0.105176 0.000010 0.000001 0.451994 0.250207 0.150377 0.042232 0.000003 
0.235377 0.000021 0.000001 0.248888 0.172324 0.320341 0.013569 0.009479 
0.229117 0.018397 0.075101 0.351370 0.265025 0.013931 0.000001 0.047059 
0.044998 0.006203 0.000000 0.581902 0.130274 0.194794 0.041825 0.000003 
0.136314 0.043112 0.087209 0.261737 0.198202 0.017697 0.034620 0.221109 
0.425147 0.003417 0.000000 0.325894 0.018802 0.222772 0.000000 0.003967 
0.218483 0.056985 0.119638 0.276756 0.192329 0.008109 0.053488 0.074213 
0.176063 0.025264 0.106127 0.339755 0.234388 0.014748 0.044684 0.058970 
0.138103 0.003400 0.000000 0.412802 0.041377 0.404317 0.000000 0.000001 
0.169894 0.004193 0.013882 0.489036 0.066606 0.247266 0.004310 0.004814 
0.178496 0.000005 0.000000 0.614571 0.010478 0.196448 0.000000 0.000001 
0.377366 0.001068 0.000000 0.466857 0.015609 0.139099 0.000000 0.000001 
0.081048 0.025669 0.290341 0.285175 0.221306 0.054188 0.007473 0.034800 
0.177210 0.064092 0.108019 0.329135 0.270727 0.007559 0.000001 0.043257 
0.232813 0.003270 0.015198 0.124685 0.084152 0.493800 0.036280 0.009802 
0.622703 0.005147 0.050572 0.136684 0.042196 0.135931 0.000000 0.006767 
0.612443 0.004677 0.055435 0.131766 0.050879 0.139160 0.000000 0.005641 
0.246014 0.007787 0.054129 0.335323 0.141126 0.057021 0.000001 0.158600 
0.153282 0.010321 0.013223 0.517731 0.057628 0.237041 0.007679 0.003095 
0.085529 0.007361 0.010779 0.027541 0.014248 0.001289 0.851234 0.002020 
0.264437 0.002954 0.017253 0.349535 0.053102 0.312716 0.000000 0.000003 
0.177453 0.005031 0.000000 0.131464 0.092611 0.522673 0.068070 0.002698 
0.279127 0.002478 0.031864 0.345380 0.037314 0.299915 0.000000 0.003922 
0.202172 0.002890 0.013320 0.133842 0.086174 0.512329 0.039526 0.009746 
0.209382 0.005543 0.000000 0.176156 0.064503 0.483762 0.049557 0.011096 
0.115661 0.019026 0.029337 0.301272 0.066591 0.024963 0.021267 0.421883 
0.133643 0.000033 0.068113 0.194109 0.343347 0.118005 0.034129 0.108621 
0.172326 0.018821 0.000002 0.489993 0.187386 0.044634 0.055901 0.030938 
0.163523 0.019703 0.102848 0.277871 0.299715 0.063180 0.010957 0.062204 
0.062854 0.007318 0.009401 0.110293 0.000121 0.100973 0.704818 0.004222 
0.106779 0.019221 0.201531 0.199355 0.277629 0.101074 0.052598 0.041813 
0.200485 0.030497 0.000000 0.033136 0.683636 0.000578 0.017294 0.034374 
0.041144 0.007173 0.000000 0.123325 0.020028 0.027056 0.781271 0.000003 
0.101102 0.006516 0.000000 0.557574 0.058803 0.261641 0.002513 0.011851 
0.104644 0.007513 0.000000 0.552096 0.052891 0.271127 0.000000 0.011729 
0.198986 0.009130 0.000000 0.550670 0.042990 0.196662 0.000000 0.001562 
0.193975 0.010354 0.000000 0.526990 0.047574 0.220169 0.000000 0.000938 
0.316268 0.044716 0.074119 0.364709 0.166038 0.004743 0.000000 0.029407 
0.312521 0.042193 0.082201 0.366964 0.163262 0.005176 0.000000 0.027682 
0.280876 0.061358 0.073289 0.372753 0.172553 0.006901 0.000000 0.032269 
0.295756 0.057277 0.074714 0.398447 0.135445 0.005159 0.000000 0.033201 
0.244810 0.022058 0.108850 0.351745 0.187188 0.034234 0.000000 0.051115 
0.386383 0.003034 0.000000 0.381743 0.008081 0.219190 0.001568 0.000001 
0.181007 0.008806 0.273058 0.124877 0.025088 0.386001 0.000000 0.001162 
0.250080 0.007248 0.004566 0.441216 0.037696 0.246075 0.000000 0.013120 
0.168690 0.012712 0.036233 0.434641 0.036241 0.303057 0.000000 0.008426 
0.290916 0.009889 0.000000 0.366436 0.050357 0.268052 0.000000 0.014350 
0.208777 0.024353 0.000000 0.360069 0.041361 0.357268 0.000000 0.008171 
0.188335 0.004879 0.000000 0.504255 0.019927 0.280469 0.000000 0.002134 
0.331794 0.044587 0.019420 0.335819 0.033643 0.232314 0.000000 0.002424 
0.322880 0.042228 0.008788 0.339100 0.039733 0.241253 0.000000 0.006017 
0.248580 0.003206 0.000000 0.223684 0.065864 0.448803 0.000000 0.009863 
0.128709 0.050185 0.061717 0.372852 0.206694 0.029090 0.103518 0.047236 
0.257050 0.032586 0.095146 0.307895 0.167504 0.032636 0.049551 0.057631 
0.010140 0.000028 0.000001 0.175098 0.001475 0.046859 0.766398 0.000002 
0.428700 0.004658 0.015920 0.182272 0.085610 0.268422 0.000000 0.014417 
0.295579 0.019119 0.041277 0.316458 0.195306 0.027387 0.000001 0.104872 
0.092305 0.004588 0.000000 0.525560 0.008184 0.368843 0.000000 0.000520 
0.245068 0.086627 0.131519 0.385419 0.101626 0.007906 0.000001 0.041834 
0.238934 0.000025 0.000001 0.277220 0.332931 0.027642 0.033262 0.089985 
0.129905 0.002255 0.000000 0.532197 0.033863 0.291870 0.005177 0.004733 
0.256010 0.013558 0.012747 0.323503 0.041897 0.352286 0.000000 0.000001 
0.166824 0.011566 0.059949 0.279444 0.325295 0.055235 0.013853 0.087833 
0.209414 0.024848 0.071955 0.305118 0.248543 0.039105 0.025057 0.075961 
0.114836 0.070048 0.135379 0.427655 0.160810 0.005644 0.035854 0.049775 
0.023160 0.012264 0.064267 0.167758 0.472184 0.098782 0.161580 0.000005 
0.182702 0.007548 0.088869 0.290410 0.041257 0.382287 0.000000 0.006926 
0.225004 0.028361 0.125068 0.164175 0.255608 0.149662 0.000000 0.052123 
0.155191 0.016327 0.259065 0.140640 0.195100 0.204657 0.000000 0.029020 
0.186230 0.019470 0.102828 0.199220 0.335493 0.034547 0.079148 0.043065 
0.315657 0.016168 0.000000 0.441640 0.046293 0.180240 0.000000 0.000002 
0.032140 0.009908 0.090199 0.701501 0.009059 0.035253 0.098200 0.023741 
0.048805 0.012716 0.105149 0.660049 0.017559 0.072699 0.045718 0.037305 
0.059760 0.000024 0.000002 0.712799 0.090220 0.014665 0.068673 0.053857 
0.272484 0.010352 0.000001 0.534311 0.011917 0.143207 0.014115 0.013613 
0.092769 0.006688 0.000000 0.736377 0.011573 0.152591 0.000000 0.000002 
0.013639 0.030835 0.000002 0.711454 0.131143 0.032873 0.004574 0.075479 
0.058405 0.004818 0.030704 0.145519 0.000124 0.019697 0.740731 0.000002 
0.451287 0.028732 0.000000 0.337197 0.111537 0.064738 0.000000 0.006508 
0.120062 0.004442 0.000001 0.642484 0.093672 0.108195 0.000000 0.031143 
0.349107 0.011282 0.000000 0.433798 0.010022 0.195790 0.000000 0.000001 
0.234708 0.004795 0.000000 0.442451 0.054173 0.263871 0.000000 0.000001 
0.142611 0.003020 0.000000 0.723107 0.003958 0.127301 0.000000 0.000001 
0.248069 0.006838 0.000000 0.512556 0.041080 0.174947 0.000000 0.016510 
0.137083 0.008456 0.000000 0.570641 0.063224 0.202501 0.018094 0.000001 
0.240284 0.012063 0.036223 0.520833 0.062910 0.127680 0.000001 0.000007 
0.198570 0.005119 0.016366 0.531938 0.016188 0.224938 0.000000 0.006881 
0.186196 0.000005 0.000000 0.491236 0.026556 0.289356 0.000000 0.006651 
0.124615 0.000003 0.024407 0.642305 0.021563 0.185834 0.000000 0.001274 
0.193337 0.000004 0.000000 0.427484 0.048555 0.330618 0.000000 0.000002 
0.248870 0.000007 0.000000 0.448550 0.086969 0.172598 0.031547 0.011459 
0.120539 0.000012 0.000001 0.605619 0.031621 0.235339 0.000000 0.006870 
0.201697 0.005960 0.019431 0.566763 0.026897 0.179250 0.000000 0.000002 
0.196698 0.008819 0.017665 0.591900 0.006852 0.176542 0.000000 0.001524 
0.102417 0.000029 0.089691 0.704895 0.035237 0.006355 0.057144 0.004232 
0.180076 0.004270 0.013440 0.462350 0.047627 0.281169 0.011065 0.000002 
0.077733 0.000811 0.000000 0.741149 0.005336 0.162366 0.011366 0.001239 
0.167459 0.004318 0.011836 0.546711 0.028708 0.217453 0.014479 0.009036 
0.081104 0.000028 0.083942 0.158257 0.597051 0.048140 0.000000 0.031479 
0.128146 0.047470 0.000001 0.468514 0.176061 0.030538 0.068586 0.080683 
0.190939 0.002515 0.000001 0.380313 0.029754 0.347971 0.048502 0.000006 
0.248934 0.013877 0.010045 0.577132 0.029848 0.120163 0.000000 0.000002 
0.102829 0.003070 0.000000 0.739694 0.021903 0.125233 0.000000 0.007270 
0.174770 0.028571 0.000001 0.420664 0.114175 0.245933 0.007784 0.008103 
0.158046 0.021261 0.055500 0.530857 0.057403 0.144695 0.032233 0.000003 
0.030736 0.016781 0.000002 0.795862 0.047978 0.011232 0.097387 0.000022 
0.293206 0.010536 0.000000 0.419876 0.020716 0.255664 0.000000 0.000001 
0.215752 0.016714 0.000000 0.441089 0.037484 0.274840 0.010476 0.003646 
0.368771 0.003077 0.000000 0.368016 0.018439 0.241696 0.000000 0.000001 
0.135972 0.004379 0.032360 0.514961 0.057617 0.247972 0.006736 0.000004 
0.287844 0.007498 0.000000 0.370939 0.043179 0.285688 0.000000 0.004851 
0.005115 0.004479 0.000000 0.100860 0.005406 0.021165 0.862975 0.000000 
0.190108 0.000017 0.024705 0.541478 0.027830 0.207215 0.000000 0.008647 
0.237669 0.000029 0.094420 0.203021 0.296934 0.097136 0.000000 0.070790 
0.016706 0.013213 0.184398 0.701255 0.033095 0.002898 0.013051 0.035383 
0.070610 0.001560 0.000000 0.564643 0.038962 0.322928 0.000000 0.001296 
0.258147 0.002067 0.000000 0.433745 0.054844 0.229023 0.022173 0.000001 
0.130446 0.004205 0.139030 0.394305 0.169157 0.062467 0.027396 0.072995 
0.004147 0.000010 0.033250 0.093247 0.028080 0.012338 0.828928 0.000002 
0.099676 0.002981 0.000001 0.622174 0.029278 0.231813 0.000000 0.014076 
0.232392 0.006133 0.011720 0.434568 0.045280 0.269903 0.000000 0.000004 
0.042156 0.000745 0.000000 0.750700 0.008316 0.195683 0.002398 0.000002 
0.168582 0.001392 0.005169 0.490833 0.047579 0.268487 0.010077 0.007880 
0.002623 0.000001 0.000000 0.057865 0.004444 0.047016 0.886867 0.001183 
0.348613 0.088538 0.025388 0.336299 0.163994 0.015134 0.000000 0.022034 
0.340530 0.013566 0.006602 0.278843 0.064705 0.295753 0.000000 0.000001 
0.229283 0.006252 0.000000 0.406429 0.025836 0.332198 0.000000 0.000001 
0.293780 0.064033 0.048152 0.316199 0.198514 0.044855 0.000000 0.034469 
0.236967 0.089241 0.036789 0.249402 0.233254 0.024206 0.000000 0.130140 
0.131325 0.022795 0.017061 0.525917 0.072312 0.221875 0.000000 0.008715 
0.313786 0.006441 0.029271 0.278861 0.036165 0.305923 0.029551 0.000002 
0.118565 0.000015 0.000001 0.572656 0.077381 0.218399 0.000000 0.012983 
0.121339 0.000012 0.000001 0.564436 0.051208 0.259305 0.000000 0.003700 
0.290982 0.013141 0.000001 0.388413 0.056076 0.228778 0.014353 0.008256 
0.022382 0.000017 0.000001 0.077715 0.016211 0.060300 0.823370 0.000005 
0.029706 0.000004 0.020325 0.115864 0.000197 0.008130 0.824111 0.001664 
0.029059 0.006859 0.000000 0.088360 0.007870 0.128726 0.739126 0.000000 
0.122110 0.004580 0.000000 0.533006 0.044434 0.295868 0.000000 0.000002 
0.157336 0.000003 0.000000 0.466413 0.043565 0.330659 0.000000 0.002024 
0.115653 0.001852 0.126841 0.429545 0.133323 0.179368 0.000000 0.013418 
0.261212 0.000958 0.062155 0.268320 0.044068 0.363286 0.000000 0.000001 
0.035183 0.000037 0.032890 0.584977 0.211975 0.003962 0.065420 0.065556 
0.012013 0.004263 0.000000 0.046727 0.001060 0.031933 0.902819 0.001184 
0.001090 0.000002 0.000000 0.061394 0.008410 0.069396 0.859707 0.000000 
0.266080 0.064634 0.050922 0.386367 0.208173 0.011765 0.000001 0.012057 
0.370652 0.032058 0.073577 0.318304 0.117286 0.047530 0.000000 0.040593 
0.389844 0.027756 0.090322 0.301683 0.120468 0.036402 0.000000 0.033525 
0.173407 0.024206 0.000000 0.566610 0.076337 0.159437 0.000000 0.000003 
0.242453 0.058111 0.053087 0.241023 0.287532 0.058738 0.000000 0.059055 
0.305774 0.018685 0.000000 0.348999 0.083537 0.243004 0.000000 0.000001 
0.335036 0.075750 0.000001 0.350506 0.155175 0.067175 0.000000 0.016357 
0.040431 0.000002 0.016516 0.100804 0.000520 0.074957 0.766480 0.000289 
0.239998 0.016547 0.023805 0.451826 0.108625 0.157041 0.000000 0.002158 
0.131683 0.000737 0.000000 0.518050 0.039164 0.308878 0.000000 0.001487 
0.035891 0.000004 0.000000 0.715954 0.020890 0.227259 0.000000 0.000001 
0.067620 0.000001 0.012358 0.051699 0.014504 0.023808 0.830010 0.000000 
0.028807 0.003382 0.000000 0.046791 0.015677 0.013147 0.889566 0.002629 
0.336881 0.047913 0.037329 0.182859 0.273535 0.042686 0.000001 0.078795 
0.154635 0.100435 0.082183 0.347764 0.242892 0.072080 0.000000 0.000009 
0.126501 0.000011 0.221818 0.232345 0.160111 0.243386 0.000000 0.015828 
0.209586 0.071259 0.130165 0.425224 0.121994 0.041732 0.000001 0.000039 
0.134154 0.000007 0.000001 0.584831 0.066180 0.214825 0.000000 0.000002 
0.149506 0.001113 0.000000 0.556051 0.035460 0.232516 0.021916 0.003437 
0.175685 0.001524 0.000001 0.488709 0.048822 0.278242 0.000000 0.007017 
0.027912 0.000017 0.000001 0.766148 0.011733 0.186453 0.006051 0.001685 
0.310356 0.000887 0.000000 0.346841 0.062833 0.279080 0.000000 0.000002 
0.013280 0.004830 0.000001 0.900550 0.012505 0.040027 0.028807 0.000002 
0.114190 0.000007 0.000000 0.643613 0.046438 0.181197 0.007770 0.006786 
0.084925 0.005147 0.023357 0.694561 0.008961 0.183047 0.000000 0.000002 
0.228930 0.040225 0.024885 0.396867 0.230807 0.063600 0.000001 0.014685 
0.050640 0.010662 0.000000 0.549590 0.084498 0.287363 0.015155 0.002092 
0.174197 0.002652 0.000001 0.496684 0.065891 0.260573 0.000000 0.000003 
0.058784 0.004834 0.022839 0.536096 0.054286 0.318320 0.000000 0.004841 
0.026093 0.009730 0.013041 0.566274 0.028319 0.356542 0.000000 0.000002 
0.322769 0.014787 0.098947 0.322371 0.077426 0.058611 0.089806 0.015282 
0.190125 0.010782 0.098279 0.320556 0.360356 0.019890 0.000001 0.000011 
0.077283 0.000015 0.000001 0.460278 0.034693 0.393053 0.028563 0.006114 
0.093031 0.007013 0.000000 0.770057 0.006641 0.096541 0.026715 0.000001 
0.000224 0.000001 0.010045 0.090159 0.000034 0.029081 0.870457 0.000000 
0.119315 0.005849 0.021325 0.489911 0.072268 0.281072 0.010258 0.000003 
0.169541 0.000024 0.038152 0.450484 0.073448 0.268342 0.000001 0.000007 
0.095237 0.009010 0.000001 0.579845 0.024649 0.286639 0.000000 0.004620 
0.016719 0.000002 0.000000 0.051873 0.014655 0.022993 0.891483 0.002275 
0.274889 0.000042 0.061370 0.384268 0.228712 0.047429 0.000001 0.003290 
0.190619 0.012975 0.000000 0.482519 0.097997 0.205595 0.000000 0.010293 
0.127716 0.000021 0.034953 0.466878 0.077063 0.290150 0.000000 0.003219 
0.068687 0.000008 0.000001 0.771467 0.015085 0.123887 0.020863 0.000002 
0.223631 0.063563 0.038088 0.337106 0.217340 0.089678 0.000001 0.030593 
0.028077 0.000009 0.048426 0.619310 0.108932 0.193729 0.000000 0.001517 
0.317563 0.032400 0.057618 0.377727 0.167437 0.033444 0.000000 0.013809 
0.172800 0.001491 0.000000 0.598019 0.040882 0.182575 0.000000 0.004232 
0.209866 0.002036 0.006170 0.409326 0.034581 0.336981 0.000000 0.001041 
0.087167 0.000005 0.000000 0.438673 0.030414 0.425567 0.016607 0.001567 
0.141841 0.009294 0.000001 0.568380 0.002540 0.277930 0.000000 0.000013 
0.079916 0.010234 0.000001 0.764357 0.004527 0.140956 0.000000 0.000008 
0.325462 0.048497 0.000002 0.249545 0.250812 0.069196 0.000001 0.056486 
0.207351 0.050976 0.071897 0.201777 0.246728 0.098515 0.039543 0.083212 
0.210188 0.018297 0.000000 0.479915 0.006741 0.282501 0.000000 0.002358 
0.258789 0.004974 0.000000 0.390809 0.034368 0.304281 0.000000 0.006779 
0.077959 0.003930 0.000000 0.788092 0.014716 0.112740 0.000000 0.002565 
0.138585 0.008713 0.000000 0.532605 0.018700 0.296268 0.000000 0.005129 
0.234653 0.077788 0.060854 0.318621 0.263110 0.009759 0.000000 0.035214 
0.158478 0.005011 0.011191 0.499046 0.005449 0.317466 0.000000 0.003358 
0.107330 0.009376 0.006824 0.089675 0.000144 0.024489 0.762160 0.000001 
0.132108 0.004877 0.018390 0.539000 0.037109 0.259434 0.000000 0.009082 
0.094865 0.000006 0.000000 0.663213 0.040468 0.195041 0.006405 0.000002 
0.289876 0.000755 0.000000 0.388414 0.017723 0.287102 0.016129 0.000001 
0.597095 0.006770 0.000001 0.272376 0.042650 0.057573 0.016274 0.007261 
0.055443 0.012858 0.000002 0.000001 0.921582 0.000004 0.000000 0.010110 
0.034587 0.036358 0.000004 0.030384 0.861479 0.000021 0.000000 0.037167 
0.000537 0.000000 0.499559 0.000000 0.000612 0.498097 0.000000 0.001195 
0.231128 0.021656 0.086776 0.000002 0.385316 0.226722 0.000000 0.048401 
0.173203 0.000000 0.013616 0.612210 0.043492 0.145395 0.000000 0.012084 
0.162528 0.000000 0.000003 0.785173 0.007558 0.039644 0.000000 0.005094 
0.167997 0.000000 0.000003 0.778821 0.014045 0.034171 0.000000 0.004962 
0.113170 0.000000 0.072369 0.052590 0.752217 0.000015 0.000000 0.009638 
0.366836 0.025617 0.000004 0.100130 0.403700 0.000012 0.000000 0.103701 
0.115795 0.000000 0.000003 0.050017 0.731264 0.088832 0.000000 0.014088 
0.247401 0.000000 0.059176 0.000003 0.484373 0.098182 0.040334 0.070532 
0.375400 0.000000 0.037915 0.000002 0.547739 0.000014 0.000000 0.038931 
0.309182 0.023949 0.000005 0.067363 0.414452 0.039419 0.000000 0.145631 
0.024016 0.000000 0.000003 0.063472 0.826752 0.025354 0.000000 0.060402 
