-8888351.293064
0
0.004353 0.003758 0.002181 0.004041 0.002044 0.001622 0.001608 0.001847 0.008757 0.014834 0.043830 0.008717 0.001660 0.002498 0.002240 0.002707 0.005957 0.005303 0.011345 0.004904 0.000829 0.001527 0.001889 0.002862 0.008817 0.009254 0.006494 0.019149 0.001929 0.001874 0.002316 0.002237 0.027689 0.042726 0.054297 0.032282 0.001101 0.002648 0.004117 0.002670 0.003818 0.006759 0.012858 0.007132 0.000709 0.002423 0.004052 0.006554 0.004897 0.005971 0.003703 0.008004 0.001773 0.003074 0.002243 0.002224 0.015066 0.032229 0.065412 0.021962 0.001257 0.001956 0.002077 0.001517 0.008576 0.008244 0.010232 0.009639 0.001237 0.002264 0.007389 0.003302 0.008386 0.007651 0.003049 0.033715 0.008728 0.004726 0.002069 0.010391 0.043036 0.084412 0.084885 0.036965 0.001125 0.001780 0.001479 0.002581 0.003938 0.005915 0.006329 0.004706 0.001267 0.002392 0.001816 0.009189 
0.004578 0.003669 0.002406 0.003979 0.002057 0.001680 0.001682 0.001924 0.008704 0.014903 0.044281 0.008630 0.001657 0.002418 0.002212 0.002683 0.006016 0.005292 0.011174 0.005118 0.000902 0.001442 0.001941 0.002755 0.008782 0.009089 0.006482 0.018273 0.001980 0.001902 0.002312 0.002448 0.028003 0.042780 0.054713 0.031807 0.000916 0.002684 0.003954 0.002681 0.003857 0.006720 0.012884 0.007125 0.000738 0.002437 0.003967 0.006511 0.004943 0.005952 0.003653 0.007748 0.001721 0.003041 0.002226 0.002303 0.014911 0.031066 0.065012 0.021710 0.001165 0.001955 0.002067 0.001480 0.008902 0.008176 0.010093 0.009879 0.001275 0.002356 0.007898 0.003219 0.008424 0.007803 0.003057 0.033120 0.008709 0.004601 0.002187 0.010739 0.043259 0.086062 0.084838 0.036891 0.001073 0.001692 0.001462 0.002570 0.004035 0.005818 0.006441 0.004681 0.001250 0.002509 0.001777 0.009103 
0.004333 0.003566 0.002258 0.003847 0.002043 0.001795 0.001634 0.001804 0.008609 0.015006 0.042002 0.008737 0.001652 0.002332 0.002235 0.002804 0.005664 0.005079 0.011075 0.004846 0.000845 0.001524 0.001860 0.002778 0.008376 0.008869 0.006230 0.018040 0.001963 0.001855 0.002314 0.002256 0.028469 0.044481 0.052818 0.033346 0.001025 0.002654 0.004061 0.002810 0.003751 0.006595 0.012286 0.006828 0.000794 0.002407 0.003993 0.006258 0.004719 0.005581 0.003635 0.007653 0.001746 0.002996 0.002138 0.002115 0.014240 0.030526 0.061961 0.021287 0.001374 0.001836 0.002051 0.001492 0.008485 0.007978 0.009954 0.009855 0.001251 0.002247 0.007741 0.003249 0.008428 0.007812 0.002892 0.033535 0.009224 0.004815 0.002231 0.010946 0.045065 0.090212 0.087046 0.038789 0.001159 0.001706 0.001469 0.002646 0.003993 0.005776 0.006066 0.004554 0.001285 0.002458 0.001746 0.009229 
0.344965 0.317314 0.337721 
0.304923 0.349907 0.345170 
0.332841 0.338609 0.328550 
0.338024 0.322073 0.339903 
0.310701 0.334386 0.354913 
0.358443 0.351577 0.289979 
0.338971 0.332611 0.328419 
0.349843 0.349583 0.300574 
0.361187 0.330838 0.307975 
0.335863 0.318226 0.345911 
0.341673 0.363082 0.295246 
0.318243 0.341124 0.340633 
0.307868 0.345098 0.347034 
0.332408 0.349540 0.318052 
0.343888 0.346599 0.309513 
0.320739 0.325739 0.353522 
0.356124 0.353340 0.290537 
0.334437 0.326190 0.339373 
0.359101 0.325416 0.315482 
0.272371 0.407613 0.320016 
0.323500 0.336343 0.340157 
0.339774 0.333105 0.327121 
0.340564 0.348123 0.311313 
0.337814 0.305341 0.356845 
0.327189 0.329798 0.343013 
0.323953 0.347050 0.328997 
0.330227 0.355670 0.314103 
0.298371 0.339924 0.361705 
0.347249 0.324298 0.328453 
0.300869 0.346706 0.352425 
0.329133 0.311022 0.359845 
0.352487 0.338775 0.308738 
0.318573 0.346234 0.335193 
0.332375 0.331476 0.336149 
0.349524 0.315045 0.335431 
0.332432 0.328407 0.339161 
0.328287 0.330328 0.341385 
0.326979 0.333790 0.339231 
0.343956 0.311658 0.344386 
0.353259 0.320226 0.326515 
0.332754 0.318341 0.348905 
0.298397 0.326292 0.375311 
0.312949 0.346441 0.340610 
0.334824 0.305894 0.359282 
0.358208 0.322084 0.319708 
0.338806 0.330801 0.330393 
0.298416 0.353687 0.347896 
0.329000 0.359268 0.311732 
0.312114 0.335065 0.352821 
0.342023 0.325393 0.332583 
0.326673 0.333570 0.339757 
0.348956 0.308905 0.342139 
0.347590 0.317292 0.335118 
0.337164 0.320382 0.342454 
0.309527 0.320510 0.369964 
0.340410 0.308954 0.350636 
0.314799 0.349798 0.335403 
0.305966 0.343389 0.350645 
0.288984 0.345745 0.365271 
0.326838 0.325323 0.347839 
0.330781 0.327933 0.341286 
0.309688 0.323450 0.366863 
0.300893 0.341434 0.357673 
0.299024 0.329831 0.371145 
0.342596 0.326438 0.330966 
0.357546 0.311095 0.331359 
0.294499 0.328991 0.376511 
0.315776 0.342195 0.342029 
0.303839 0.341027 0.355134 
0.293318 0.328393 0.378289 
0.322693 0.331147 0.346160 
0.329479 0.340125 0.330396 
0.342874 0.317550 0.339576 
0.327424 0.331002 0.341574 
0.292163 0.362727 0.345110 
0.323829 0.326162 0.350008 
0.336268 0.341410 0.322322 
0.341989 0.312745 0.345266 
0.329433 0.342357 0.328210 
0.323292 0.333876 0.342832 
0.351978 0.308329 0.339693 
0.340454 0.325766 0.333780 
0.306643 0.335503 0.357854 
0.337194 0.302181 0.360625 
0.342886 0.315326 0.341788 
0.300961 0.357412 0.341627 
0.326776 0.327895 0.345329 
0.361376 0.316879 0.321745 
0.329020 0.329509 0.341471 
0.334745 0.332868 0.332388 
0.331880 0.368031 0.300089 
0.335102 0.333950 0.330949 
0.393645 0.319666 0.286689 
0.351991 0.330856 0.317154 
0.313874 0.342502 0.343625 
0.336132 0.330875 0.332993 
0.341888 0.329253 0.328859 
0.367798 0.352714 0.279487 
0.355422 0.350130 0.294449 
0.334526 0.342235 0.323238 
0.304090 0.350805 0.345105 
0.326354 0.332832 0.340814 
0.345841 0.326674 0.327484 
0.358738 0.335246 0.306016 
0.329212 0.329594 0.341194 
0.313396 0.368121 0.318483 
0.337054 0.332933 0.330012 
0.343465 0.346345 0.310189 
0.337879 0.327854 0.334267 
0.319052 0.335523 0.345425 
0.313514 0.335754 0.350732 
0.334344 0.333750 0.331906 
0.335819 0.343153 0.321028 
0.327635 0.323376 0.348989 
0.337075 0.347444 0.315482 
0.338751 0.325591 0.335658 
0.346849 0.341218 0.311933 
0.316377 0.343824 0.339799 
0.322769 0.375030 0.302201 
0.348932 0.328395 0.322673 
0.339816 0.322988 0.337196 
0.344818 0.328128 0.327055 
0.338630 0.309719 0.351650 
0.329440 0.306465 0.364095 
0.329935 0.328372 0.341693 
0.355956 0.332351 0.311694 
0.314077 0.326797 0.359126 
0.320911 0.340785 0.338304 
0.325390 0.351817 0.322792 
0.321506 0.347450 0.331044 
0.342446 0.321715 0.335838 
0.353600 0.341048 0.305352 
0.303676 0.342316 0.354008 
0.343869 0.343626 0.312505 
0.348595 0.310327 0.341079 
0.342996 0.336934 0.320070 
0.350020 0.306342 0.343638 
0.340415 0.346830 0.312755 
0.328715 0.320749 0.350536 
0.353099 0.331538 0.315363 
0.365874 0.328501 0.305625 
0.329809 0.353055 0.317135 
0.334960 0.335145 0.329895 
0.343881 0.335353 0.320767 
0.361736 0.331360 0.306904 
0.309963 0.322312 0.367725 
0.341640 0.324465 0.333895 
0.355809 0.331716 0.312475 
0.381051 0.321255 0.297694 
0.334411 0.349474 0.316115 
0.337413 0.335473 0.327114 
0.332786 0.342692 0.324523 
0.323874 0.364249 0.311877 
0.341885 0.334352 0.323762 
0.336283 0.335538 0.328179 
0.361519 0.329472 0.309009 
0.329927 0.364556 0.305517 
0.347383 0.326028 0.326589 
0.352187 0.325902 0.321910 
0.346203 0.343286 0.310511 
0.349759 0.329640 0.320601 
0.372514 0.315449 0.312037 
0.360717 0.322576 0.316707 
0.355254 0.371267 0.273479 
0.344763 0.319674 0.335563 
0.344850 0.358245 0.296906 
0.338290 0.319281 0.342429 
0.360703 0.346410 0.292887 
0.338326 0.334160 0.327514 
0.321616 0.364269 0.314114 
0.329496 0.340450 0.330054 
0.333877 0.360610 0.305512 
0.344593 0.332780 0.322627 
0.342877 0.329050 0.328073 
0.339014 0.338091 0.322894 
0.339781 0.336951 0.323268 
0.312388 0.330754 0.356858 
0.356338 0.331164 0.312498 
0.327697 0.345130 0.327173 
0.340190 0.338992 0.320818 
0.360700 0.325163 0.314137 
0.341146 0.331175 0.327679 
0.329161 0.347087 0.323752 
0.327870 0.365115 0.307015 
0.305676 0.351692 0.342632 
0.330046 0.331137 0.338817 
0.360507 0.327189 0.312305 
0.346565 0.329383 0.324052 
0.347969 0.337684 0.314347 
0.324327 0.342308 0.333365 
0.339303 0.331844 0.328854 
0.309816 0.339699 0.350486 
0.355525 0.347115 0.297360 
0.322840 0.322723 0.354437 
0.326415 0.316041 0.357544 
0.334405 0.314514 0.351081 
0.334810 0.322502 0.342688 
0.336447 0.334991 0.328561 
0.336327 0.348348 0.315324 
0.322723 0.341501 0.335776 
0.321966 0.351007 0.327028 
0.355898 0.333098 0.311004 
0.341104 0.328515 0.330381 
0.363755 0.329360 0.306885 
0.340036 0.325692 0.334272 
0.343840 0.327602 0.328558 
0.338821 0.351024 0.310155 
0.320996 0.346447 0.332556 
0.335031 0.321551 0.343418 
0.340180 0.331482 0.328338 
0.309109 0.329960 0.360931 
0.349362 0.331007 0.319631 
0.326142 0.355178 0.318680 
0.363611 0.316594 0.319795 
0.332721 0.336758 0.330521 
0.353572 0.311124 0.335304 
0.346824 0.335433 0.317743 
0.351465 0.335045 0.313490 
0.348060 0.325367 0.326574 
0.352819 0.334556 0.312625 
0.333794 0.334836 0.331370 
0.346081 0.334593 0.319326 
0.328945 0.338443 0.332611 
0.333037 0.325015 0.341948 
0.317731 0.376640 0.305628 
0.324241 0.347241 0.328518 
0.352667 0.345214 0.302120 
0.333923 0.311197 0.354880 
0.300104 0.356676 0.343220 
0.301735 0.344514 0.353750 
0.342005 0.337442 0.320553 
0.320640 0.334313 0.345046 
0.337959 0.349692 0.312349 
0.322742 0.349119 0.328140 
0.358234 0.330366 0.311400 
0.331515 0.335978 0.332507 
0.282106 0.363803 0.354091 
0.349977 0.337883 0.312140 
0.351569 0.341897 0.306534 
0.331645 0.333250 0.335105 
0.338379 0.346166 0.315455 
0.348018 0.333488 0.318494 
0.319687 0.349781 0.330532 
0.342231 0.324632 0.333137 
0.339808 0.333816 0.326377 
0.325185 0.338279 0.336536 
0.337437 0.334157 0.328407 
0.322380 0.332456 0.345165 
0.344644 0.327315 0.328041 
0.329226 0.331877 0.338896 
0.359232 0.326405 0.314363 
0.351742 0.321023 0.327236 
0.351794 0.348428 0.299778 
0.331178 0.337682 0.331141 
0.344094 0.328803 0.327102 
0.326519 0.299528 0.373954 
0.329816 0.333522 0.336663 
0.339912 0.351981 0.308107 
0.321324 0.333537 0.345139 
0.340700 0.330973 0.328327 
0.354185 0.295172 0.350643 
0.338287 0.315808 0.345905 
0.346475 0.336520 0.317005 
0.331922 0.351906 0.316172 
0.338601 0.336967 0.324432 
0.319947 0.356166 0.323887 
0.342335 0.342565 0.315100 
0.362516 0.327383 0.310101 
0.351947 0.337135 0.310918 
0.324746 0.357133 0.318121 
0.320170 0.351423 0.328407 
0.316726 0.359653 0.323621 
0.348819 0.325421 0.325761 
0.336246 0.337237 0.326517 
0.331804 0.349234 0.318961 
0.335450 0.346535 0.318015 
0.333438 0.338777 0.327785 
0.335975 0.338378 0.325646 
0.348553 0.349463 0.301984 
0.345589 0.338063 0.316348 
0.331807 0.340291 0.327902 
0.340007 0.331860 0.328132 
0.330537 0.356703 0.312760 
0.317573 0.349255 0.333172 
0.326308 0.351453 0.322238 
0.333783 0.337785 0.328431 
0.322042 0.366897 0.311062 
0.335893 0.343143 0.320964 
0.318395 0.331258 0.350347 
0.375956 0.330816 0.293228 
0.337041 0.339066 0.323893 
0.333772 0.337724 0.328504 
0.293365 0.364238 0.342397 
0.332050 0.328597 0.339353 
0.326492 0.363647 0.309861 
0.326010 0.358804 0.315186 
0.347639 0.316283 0.336077 
0.328358 0.340075 0.331567 
0.321771 0.323917 0.354311 
0.336670 0.317136 0.346195 
0.328177 0.348403 0.323420 
0.349704 0.327621 0.322675 
0.324417 0.337037 0.338546 
0.298437 0.374010 0.327553 
0.329278 0.350891 0.319830 
0.322370 0.352751 0.324879 
0.341409 0.349309 0.309282 
0.330631 0.337130 0.332239 
0.352949 0.317710 0.329341 
0.320118 0.333157 0.346725 
0.326172 0.368845 0.304983 
0.348244 0.318699 0.333057 
0.338511 0.343883 0.317606 
0.336997 0.345157 0.317846 
0.335550 0.332787 0.331663 
0.324201 0.342135 0.333664 
0.338956 0.339496 0.321548 
0.330238 0.355275 0.314487 
0.348894 0.332832 0.318274 
0.347141 0.335652 0.317207 
0.351895 0.326759 0.321346 
0.336197 0.334300 0.329503 
0.363238 0.324223 0.312539 
0.317430 0.351221 0.331349 
0.321102 0.327146 0.351752 
0.320139 0.333479 0.346382 
0.340124 0.335312 0.324565 
0.336256 0.338849 0.324895 
0.331885 0.349529 0.318586 
0.321418 0.357565 0.321016 
0.358577 0.335490 0.305933 
0.334231 0.342740 0.323030 
0.336618 0.308805 0.354576 
0.344177 0.313101 0.342722 
0.308315 0.345375 0.346310 
0.303458 0.326235 0.370307 
0.341671 0.337378 0.320951 
0.337939 0.335530 0.326531 
0.348108 0.328881 0.323011 
0.318924 0.341841 0.339236 
0.361795 0.318916 0.319290 
0.334549 0.327357 0.338094 
0.355096 0.322049 0.322855 
0.328916 0.352036 0.319048 
0.326193 0.343921 0.329885 
0.316668 0.355530 0.327802 
0.320950 0.349013 0.330036 
0.299825 0.349776 0.350399 
0.338952 0.314825 0.346223 
0.340243 0.302613 0.357144 
0.337164 0.328134 0.334702 
0.331186 0.352211 0.316603 
0.342938 0.336091 0.320971 
0.321367 0.331294 0.347339 
0.327110 0.339611 0.333279 
0.343262 0.326665 0.330073 
0.334203 0.336831 0.328966 
0.357372 0.323075 0.319553 
0.325608 0.304119 0.370273 
0.320607 0.342239 0.337153 
0.329751 0.342031 0.328218 
0.325732 0.368132 0.306136 
0.327968 0.367232 0.304800 
0.346546 0.323932 0.329522 
0.343716 0.342100 0.314184 
0.339734 0.323108 0.337158 
0.334573 0.327805 0.337622 
0.325111 0.354506 0.320383 
0.336170 0.346487 0.317343 
0.337778 0.327747 0.334475 
0.327359 0.353299 0.319341 
0.360363 0.308448 0.331189 
0.332805 0.327957 0.339238 
0.326357 0.337885 0.335758 
0.324944 0.375794 0.299262 
0.340213 0.341242 0.318544 
0.337321 0.339070 0.323609 
0.335399 0.336562 0.328039 
0.349120 0.311700 0.339180 
0.335448 0.341527 0.323025 
0.365010 0.312861 0.322130 
0.334277 0.329755 0.335968 
0.331318 0.322622 0.346060 
0.348640 0.332585 0.318774 
0.338993 0.345630 0.315377 
0.332600 0.332720 0.334680 
0.335207 0.339754 0.325039 
0.327564 0.370616 0.301820 
0.316715 0.343373 0.339912 
0.324452 0.323466 0.352082 
0.346132 0.369898 0.283970 
0.356328 0.341688 0.301984 
0.339485 0.331589 0.328925 
0.334544 0.341814 0.323642 
0.356272 0.343479 0.300248 
0.339927 0.345585 0.314488 
0.349741 0.356702 0.293557 
0.338950 0.351093 0.309957 
0.334968 0.333182 0.331850 
0.342693 0.308965 0.348342 
0.360229 0.320493 0.319278 
0.325391 0.374076 0.300533 
0.349086 0.329443 0.321471 
0.332557 0.338344 0.329099 
0.331965 0.351818 0.316217 
0.332867 0.330969 0.336165 
0.334469 0.351300 0.314231 
0.339771 0.339332 0.320897 
0.328001 0.325168 0.346831 
0.339086 0.331745 0.329169 
0.318171 0.328125 0.353703 
0.346223 0.331430 0.322347 
0.334409 0.332980 0.332611 
0.343942 0.344501 0.311557 
0.350474 0.330344 0.319181 
0.312306 0.338026 0.349669 
0.339043 0.337878 0.323080 
0.325053 0.338707 0.336240 
0.340018 0.344459 0.315523 
0.330426 0.346511 0.323064 
0.335801 0.336335 0.327864 
0.331259 0.332069 0.336672 
0.335344 0.330927 0.333730 
0.336475 0.330850 0.332675 
0.331162 0.324674 0.344164 
0.387908 0.296133 0.315959 
0.328139 0.329941 0.341920 
0.343258 0.329283 0.327460 
0.352833 0.321633 0.325535 
0.329717 0.341473 0.328810 
0.343655 0.327315 0.329030 
0.319340 0.347928 0.332733 
0.315689 0.345040 0.339271 
0.336554 0.331407 0.332040 
0.342506 0.323503 0.333992 
0.355737 0.312938 0.331324 
0.351602 0.324585 0.323813 
0.328511 0.327307 0.344182 
0.345055 0.290749 0.364195 
0.354323 0.320044 0.325633 
0.342943 0.332636 0.324421 
0.303542 0.350450 0.346009 
0.327234 0.348654 0.324112 
0.365887 0.325857 0.308256 
0.331674 0.345151 0.323175 
0.294864 0.368194 0.336942 
0.355889 0.327289 0.316822 
0.347940 0.340065 0.311995 
0.327360 0.346091 0.326549 
0.317759 0.340355 0.341886 
0.305003 0.363326 0.331672 
0.312786 0.345014 0.342200 
0.338269 0.314065 0.347667 
0.330302 0.336802 0.332896 
0.351006 0.294848 0.354145 
0.305525 0.318778 0.375697 
0.342692 0.357482 0.299826 
0.346952 0.353837 0.299211 
0.354066 0.327770 0.318164 
0.334160 0.320900 0.344940 
0.363204 0.325309 0.311487 
0.295510 0.368975 0.335515 
0.337395 0.351916 0.310690 
0.324420 0.337548 0.338032 
0.332722 0.322098 0.345180 
0.328375 0.338448 0.333177 
0.352499 0.321779 0.325723 
0.349865 0.303920 0.346215 
0.365863 0.298878 0.335259 
0.345054 0.339698 0.315248 
0.343556 0.364350 0.292093 
0.344603 0.350948 0.304449 
0.348369 0.330801 0.320830 
0.344474 0.321761 0.333765 
0.311810 0.370566 0.317624 
0.347486 0.321905 0.330610 
0.324742 0.334143 0.341114 
0.355453 0.297523 0.347024 
0.330248 0.310509 0.359243 
0.364517 0.319676 0.315807 
0.345915 0.312589 0.341496 
0.320273 0.350694 0.329033 
0.341261 0.317564 0.341175 
0.369330 0.294439 0.336231 
0.305257 0.352246 0.342497 
0.352078 0.334669 0.313253 
0.338243 0.299738 0.362018 
0.324147 0.356537 0.319316 
0.320441 0.356432 0.323126 
0.340794 0.320483 0.338723 
0.301077 0.349427 0.349496 
0.346347 0.335105 0.318548 
0.349169 0.334922 0.315909 
0.333554 0.326438 0.340007 
0.339290 0.340766 0.319944 
0.365924 0.327533 0.306543 
0.338614 0.352865 0.308521 
0.328521 0.325455 0.346024 
0.343462 0.339886 0.316652 
0.357376 0.301637 0.340987 
0.290738 0.360726 0.348536 
0.357718 0.328042 0.314240 
0.304851 0.342833 0.352317 
0.365461 0.316030 0.318509 
0.327018 0.342698 0.330284 
0.330680 0.363727 0.305593 
0.366800 0.305604 0.327596 
0.349177 0.314422 0.336401 
0.338287 0.340833 0.320880 
0.375260 0.288878 0.335863 
0.372259 0.314654 0.313087 
0.324090 0.364233 0.311677 
0.338999 0.348134 0.312867 
0.338088 0.336639 0.325274 
0.342585 0.322211 0.335205 
0.326957 0.342920 0.330124 
0.358760 0.331125 0.310116 
0.310734 0.329803 0.359463 
0.373337 0.336508 0.290154 
0.355589 0.320593 0.323818 
0.326073 0.362695 0.311232 
0.339767 0.350097 0.310136 
0.325162 0.359789 0.315049 
0.313918 0.369708 0.316374 
0.319457 0.334541 0.346002 
0.310988 0.350673 0.338339 
0.355849 0.290754 0.353397 
0.373014 0.315316 0.311670 
0.337868 0.328267 0.333865 
0.302791 0.345154 0.352055 
0.341380 0.327895 0.330726 
0.328490 0.338270 0.333240 
0.318701 0.335392 0.345907 
0.367275 0.330425 0.302300 
0.336413 0.346939 0.316648 
0.356096 0.325801 0.318103 
0.352119 0.341902 0.305979 
0.281841 0.391137 0.327022 
0.312959 0.330962 0.356078 
0.325130 0.345388 0.329482 
0.318259 0.347553 0.334188 
0.338742 0.336659 0.324599 
0.337359 0.331973 0.330668 
0.307414 0.350855 0.341731 
0.327139 0.353248 0.319613 
0.310579 0.348538 0.340884 
0.321675 0.371547 0.306778 
0.316561 0.317052 0.366387 
0.310020 0.343499 0.346481 
0.352571 0.336354 0.311075 
0.342675 0.315595 0.341730 
0.345690 0.330069 0.324241 
0.281906 0.371132 0.346962 
0.295227 0.378891 0.325882 
0.371589 0.300613 0.327798 
0.348531 0.326682 0.324787 
0.351722 0.293629 0.354649 
0.330902 0.337789 0.331309 
0.316295 0.338677 0.345028 
0.331403 0.336809 0.331788 
0.332399 0.327309 0.340293 
0.349258 0.345138 0.305604 
0.345218 0.345016 0.309766 
0.327058 0.330690 0.342252 
0.313980 0.356050 0.329970 
0.343360 0.351543 0.305097 
0.298846 0.366059 0.335095 
0.325081 0.331062 0.343857 
0.355832 0.305652 0.338516 
0.368245 0.320094 0.311661 
0.349660 0.324848 0.325492 
0.327559 0.351053 0.321387 
0.340372 0.326749 0.332879 
0.322427 0.337583 0.339990 
0.345882 0.315671 0.338447 
0.324553 0.343383 0.332064 
0.385431 0.292900 0.321669 
0.338084 0.328112 0.333804 
0.323575 0.353428 0.322998 
0.346711 0.316042 0.337247 
0.367275 0.318027 0.314698 
0.337623 0.328830 0.333547 
0.330811 0.324657 0.344531 
0.336769 0.329163 0.334068 
0.366372 0.317390 0.316238 
0.336265 0.327082 0.336652 
0.341134 0.307733 0.351133 
0.339321 0.338899 0.321780 
0.359440 0.326848 0.313711 
0.328749 0.289127 0.382124 
0.304812 0.395255 0.299933 
0.342585 0.343526 0.313890 
0.354525 0.275318 0.370157 
0.355800 0.332584 0.311616 
0.320809 0.343773 0.335417 
0.360484 0.315025 0.324491 
0.348257 0.334422 0.317322 
0.315063 0.334000 0.350936 
0.355765 0.328742 0.315493 
0.330801 0.326528 0.342671 
0.333289 0.335968 0.330743 
0.310843 0.352084 0.337073 
0.310684 0.362489 0.326827 
0.350041 0.339913 0.310046 
0.378180 0.322027 0.299793 
0.310936 0.350935 0.338129 
0.301931 0.377172 0.320897 
0.344188 0.285816 0.369996 
0.338505 0.341989 0.319506 
0.345500 0.318440 0.336060 
0.351301 0.325357 0.323341 
0.325052 0.356983 0.317965 
0.334929 0.337327 0.327744 
0.344928 0.322066 0.333007 
0.337883 0.331828 0.330289 
0.342733 0.317796 0.339471 
0.340859 0.351626 0.307515 
0.331525 0.343561 0.324914 
0.343313 0.317188 0.339499 
0.356282 0.331778 0.311939 
0.319362 0.367385 0.313253 
0.351765 0.315895 0.332340 
0.335718 0.299556 0.364726 
0.311366 0.348293 0.340342 
0.296237 0.364804 0.338959 
0.323683 0.335940 0.340378 
0.335825 0.342865 0.321310 
0.354039 0.326898 0.319063 
0.343611 0.319639 0.336750 
0.332523 0.353915 0.313562 
0.330419 0.319011 0.350570 
0.336965 0.337783 0.325252 
0.348600 0.318270 0.333130 
0.332914 0.306583 0.360503 
0.303803 0.363171 0.333026 
0.345210 0.309974 0.344816 
0.324786 0.351071 0.324143 
0.344175 0.309041 0.346784 
0.353788 0.314460 0.331753 
0.286312 0.351696 0.361993 
0.377418 0.343158 0.279424 
0.329224 0.336301 0.334475 
0.326107 0.307767 0.366125 
0.342006 0.321559 0.336435 
0.340493 0.344597 0.314910 
0.333318 0.327015 0.339667 
0.311836 0.332304 0.355860 
0.325020 0.333088 0.341893 
0.349626 0.331944 0.318430 
0.308463 0.329484 0.362053 
0.334256 0.321563 0.344181 
0.368823 0.322966 0.308211 
0.364193 0.338640 0.297167 
0.338735 0.337514 0.323751 
0.316575 0.340091 0.343334 
0.344965 0.318812 0.336223 
0.316830 0.351521 0.331650 
0.368828 0.324441 0.306731 
0.361313 0.343176 0.295511 
0.337337 0.357704 0.304960 
0.326939 0.350538 0.322523 
0.345290 0.306715 0.347995 
0.335587 0.326594 0.337819 
0.331575 0.340541 0.327884 
0.336522 0.369938 0.293540 
0.331971 0.326462 0.341567 
0.356160 0.323425 0.320415 
0.299832 0.364364 0.335804 
0.357813 0.316403 0.325784 
0.302579 0.344838 0.352583 
0.349291 0.316380 0.334329 
0.334696 0.326029 0.339275 
0.339394 0.338795 0.321810 
0.350429 0.341694 0.307878 
0.359142 0.325917 0.314940 
0.331532 0.340625 0.327843 
0.346246 0.335973 0.317781 
0.324379 0.338242 0.337380 
0.343274 0.332642 0.324084 
0.302819 0.375188 0.321994 
0.340131 0.321184 0.338685 
0.334557 0.342242 0.323201 
0.322965 0.313032 0.364003 
0.361515 0.310910 0.327576 
0.303742 0.330141 0.366117 
0.353211 0.316534 0.330255 
0.354051 0.315724 0.330224 
0.351553 0.273597 0.374850 
0.342435 0.325823 0.331742 
0.337844 0.358194 0.303961 
0.315720 0.353717 0.330563 
0.330856 0.330490 0.338654 
0.331174 0.313306 0.355520 
0.398273 0.282240 0.319487 
0.361845 0.313623 0.324533 
0.339154 0.334643 0.326203 
0.315104 0.323218 0.361678 
0.354419 0.320070 0.325511 
0.346222 0.338997 0.314781 
0.278077 0.365528 0.356396 
0.346313 0.322961 0.330726 
0.298923 0.355540 0.345537 
0.339484 0.315853 0.344663 
0.310352 0.353954 0.335695 
0.367801 0.298557 0.333643 
0.333616 0.338863 0.327521 
0.333897 0.340145 0.325959 
0.309998 0.385736 0.304267 
0.355136 0.320015 0.324849 
0.330838 0.335801 0.333361 
0.331396 0.357183 0.311421 
0.336683 0.334585 0.328732 
0.339298 0.339286 0.321417 
0.328324 0.352151 0.319525 
0.319809 0.351353 0.328838 
0.333288 0.326434 0.340277 
0.348455 0.348825 0.302721 
0.328235 0.361561 0.310204 
0.353820 0.317928 0.328251 
0.371110 0.301215 0.327675 
0.318853 0.343426 0.337721 
0.362531 0.306539 0.330930 
0.361147 0.327974 0.310880 
0.349677 0.313475 0.336849 
0.335144 0.314733 0.350123 
0.340943 0.335476 0.323581 
0.333235 0.336697 0.330068 
0.327531 0.337829 0.334640 
0.329146 0.348830 0.322024 
0.321363 0.354204 0.324433 
0.350963 0.338880 0.310157 
0.368493 0.312699 0.318808 
0.336591 0.334836 0.328573 
0.302352 0.354088 0.343560 
0.332518 0.372669 0.294813 
0.364940 0.324851 0.310209 
0.316529 0.349069 0.334402 
0.340265 0.345099 0.314636 
0.352261 0.314557 0.333182 
0.348616 0.325595 0.325789 
0.348143 0.346274 0.305583 
0.319798 0.350391 0.329811 
0.342290 0.309643 0.348068 
0.358557 0.320491 0.320953 
0.319720 0.367870 0.312410 
0.335733 0.350043 0.314224 
0.331551 0.351074 0.317376 
0.336846 0.315248 0.347906 
0.337285 0.330535 0.332180 
0.330199 0.332260 0.337541 
0.328277 0.348629 0.323094 
0.308869 0.332760 0.358371 
0.324006 0.330507 0.345487 
0.292504 0.345953 0.361543 
0.310355 0.348670 0.340975 
0.318544 0.333271 0.348185 
0.338230 0.311774 0.349996 
0.332610 0.332290 0.335100 
0.320678 0.335164 0.344158 
0.323265 0.316179 0.360556 
0.321962 0.324029 0.354008 
0.338953 0.334537 0.326509 
0.333490 0.319622 0.346888 
0.321355 0.344361 0.334284 
0.321717 0.330016 0.348267 
0.323507 0.338945 0.337548 
0.321034 0.330288 0.348678 
0.333800 0.332824 0.333376 
0.307209 0.337406 0.355385 
0.332875 0.331606 0.335519 
0.333968 0.317815 0.348217 
0.317750 0.329781 0.352470 
0.320020 0.326133 0.353847 
0.330508 0.329320 0.340171 
0.321406 0.333578 0.345016 
0.328452 0.321247 0.350300 
0.344768 0.296526 0.358706 
0.340965 0.324809 0.334226 
0.330372 0.330116 0.339512 
0.328625 0.331722 0.339653 
0.329914 0.346823 0.323263 
0.353297 0.314102 0.332601 
0.324719 0.324438 0.350843 
0.346431 0.319013 0.334556 
0.330368 0.342118 0.327514 
0.333545 0.326682 0.339773 
0.334585 0.335402 0.330013 
0.334846 0.312460 0.352694 
0.321163 0.319859 0.358978 
0.310917 0.336556 0.352527 
0.326936 0.332207 0.340857 
0.320865 0.324615 0.354520 
0.332651 0.343351 0.323998 
0.348603 0.335416 0.315980 
0.320983 0.330417 0.348600 
0.343131 0.329925 0.326944 
0.334965 0.323832 0.341203 
0.319186 0.332478 0.348335 
0.340951 0.299744 0.359305 
0.309246 0.348152 0.342602 
0.332510 0.330869 0.336620 
0.324858 0.323114 0.352028 
0.328415 0.333639 0.337946 
0.325525 0.337905 0.336570 
0.316427 0.334545 0.349028 
0.342003 0.317137 0.340860 
0.358075 0.293682 0.348243 
0.339024 0.313448 0.347527 
0.331966 0.333211 0.334823 
0.331906 0.331342 0.336752 
0.340865 0.331086 0.328050 
0.327423 0.343927 0.328649 
0.317707 0.329868 0.352425 
0.330279 0.332209 0.337512 
0.332886 0.340773 0.326341 
0.329414 0.327115 0.343471 
0.327491 0.334974 0.337536 
0.326808 0.331710 0.341482 
0.327449 0.332898 0.339653 
0.307953 0.340133 0.351915 
0.345008 0.311639 0.343354 
0.329979 0.318513 0.351508 
0.332567 0.332345 0.335088 
0.343368 0.306392 0.350240 
0.325670 0.333513 0.340816 
0.328047 0.344643 0.327309 
0.346711 0.319036 0.334254 
0.329392 0.322009 0.348598 
0.333237 0.325849 0.340914 
0.323181 0.333110 0.343709 
0.326545 0.342411 0.331044 
0.322221 0.328965 0.348814 
0.323238 0.311433 0.365330 
0.294226 0.353806 0.351967 
0.318664 0.340647 0.340688 
0.333051 0.331877 0.335072 
0.326768 0.339404 0.333828 
0.307808 0.327323 0.364869 
0.319346 0.334871 0.345783 
0.336655 0.297381 0.365964 
0.330234 0.330750 0.339016 
0.326016 0.334244 0.339740 
0.330707 0.337971 0.331322 
0.358282 0.299718 0.342000 
0.315469 0.343076 0.341455 
0.302253 0.323658 0.374088 
0.329194 0.293130 0.377676 
0.360697 0.312518 0.326784 
0.333134 0.338570 0.328295 
0.298408 0.339378 0.362215 
0.335231 0.304882 0.359887 
0.331959 0.318505 0.349536 
0.339458 0.323911 0.336632 
0.359186 0.305640 0.335175 
0.341561 0.316245 0.342194 
0.357327 0.306200 0.336472 
0.334763 0.337344 0.327892 
0.317442 0.327491 0.355067 
0.305038 0.333133 0.361829 
0.320583 0.328932 0.350485 
0.324947 0.329159 0.345894 
0.315518 0.357621 0.326861 
0.337246 0.338518 0.324236 
0.302737 0.384034 0.313229 
0.333920 0.334817 0.331263 
0.326785 0.331348 0.341868 
0.360276 0.311659 0.328065 
0.348819 0.307725 0.343456 
0.324469 0.335032 0.340500 
0.327643 0.315652 0.356705 
0.339533 0.306958 0.353509 
0.300548 0.357884 0.341569 
0.345369 0.330380 0.324251 
0.350523 0.327919 0.321558 
0.322476 0.332415 0.345109 
0.318309 0.332881 0.348810 
0.327082 0.310768 0.362150 
0.338310 0.313712 0.347978 
0.337173 0.329492 0.333335 
0.336477 0.329291 0.334232 
0.312083 0.343418 0.344499 
0.317189 0.312162 0.370650 
0.341819 0.302582 0.355598 
0.328078 0.334556 0.337366 
0.337303 0.329668 0.333030 
0.327943 0.338054 0.334003 
0.337504 0.330038 0.332458 
0.336169 0.323124 0.340707 
0.345569 0.325721 0.328710 
0.332502 0.338652 0.328846 
0.325825 0.350504 0.323671 
0.334963 0.319562 0.345474 
0.344170 0.323426 0.332404 
0.324015 0.353932 0.322053 
0.318373 0.334536 0.347091 
0.306962 0.341256 0.351782 
0.312631 0.333346 0.354023 
0.365004 0.310074 0.324922 
0.346408 0.316178 0.337414 
0.304062 0.364253 0.331685 
0.324840 0.325947 0.349212 
0.298509 0.338872 0.362619 
0.317104 0.367295 0.315600 
0.328886 0.334180 0.336934 
0.345416 0.322082 0.332503 
0.352199 0.309258 0.338543 
0.311973 0.318156 0.369871 
0.360329 0.313564 0.326108 
0.314668 0.342629 0.342703 
0.353662 0.270329 0.376009 
0.321082 0.352387 0.326532 
0.336442 0.312033 0.351526 
0.340463 0.322308 0.337229 
0.288225 0.376600 0.335174 
0.280731 0.357599 0.361670 
0.312381 0.336071 0.351548 
0.322394 0.317165 0.360441 
0.331515 0.346725 0.321760 
0.287483 0.329089 0.383427 
0.325428 0.330908 0.343664 
0.332050 0.326355 0.341595 
0.324239 0.299267 0.376494 
0.340662 0.316699 0.342639 
0.334418 0.318899 0.346683 
0.333976 0.323754 0.342270 
0.318796 0.347680 0.333524 
0.332504 0.305445 0.362051 
0.329958 0.321443 0.348598 
0.303214 0.343677 0.353108 
0.325380 0.329140 0.345480 
0.320612 0.344468 0.334920 
0.325969 0.328837 0.345194 
0.325819 0.319125 0.355056 
0.318964 0.356065 0.324971 
0.331768 0.336000 0.332232 
0.343809 0.329508 0.326683 
0.343383 0.333706 0.322911 
0.299793 0.350492 0.349714 
0.334617 0.313075 0.352309 
0.324482 0.332318 0.343201 
0.340680 0.323227 0.336092 
0.331615 0.310652 0.357733 
0.327504 0.334533 0.337964 
0.333458 0.332228 0.334314 
0.366100 0.300560 0.333340 
0.334942 0.325801 0.339257 
0.334524 0.310941 0.354535 
0.332125 0.338301 0.329574 
0.323682 0.328220 0.348098 
0.353622 0.327388 0.318990 
0.343708 0.296520 0.359771 
0.335048 0.332325 0.332627 
0.308393 0.345027 0.346580 
0.304464 0.335468 0.360068 
0.328552 0.324096 0.347353 
0.351632 0.304375 0.343993 
0.316639 0.371562 0.311799 
0.301746 0.356265 0.341989 
0.324901 0.334569 0.340530 
0.310809 0.358724 0.330467 
0.317217 0.330600 0.352183 
0.323820 0.336061 0.340119 
0.307122 0.344634 0.348244 
0.296375 0.369449 0.334175 
0.331247 0.335345 0.333408 
0.333042 0.316612 0.350346 
0.312889 0.314253 0.372858 
0.336165 0.314030 0.349806 
0.363262 0.311962 0.324776 
0.340451 0.369157 0.290392 
0.357031 0.349087 0.293882 
0.294695 0.352297 0.353008 
0.337709 0.308950 0.353341 
0.329451 0.303560 0.366990 
0.326741 0.331090 0.342169 
0.341541 0.319821 0.338638 
0.300746 0.348802 0.350452 
0.323890 0.326959 0.349151 
0.329956 0.318373 0.351671 
0.346409 0.324405 0.329186 
0.342837 0.342250 0.314913 
0.327909 0.328061 0.344031 
0.321937 0.347714 0.330349 
0.324823 0.338123 0.337054 
0.333201 0.341031 0.325768 
0.337347 0.315779 0.346874 
0.342500 0.316025 0.341475 
0.331669 0.318438 0.349893 
0.295483 0.312124 0.392393 
0.301352 0.331168 0.367479 
0.327957 0.314874 0.357169 
0.331820 0.326446 0.341734 
0.317232 0.347947 0.334821 
0.292281 0.370997 0.336722 
0.326223 0.332464 0.341314 
0.305592 0.336299 0.358108 
0.328329 0.332142 0.339530 
0.334335 0.320376 0.345289 
0.296007 0.357604 0.346389 
0.367670 0.285222 0.347107 
0.329374 0.333587 0.337039 
0.324595 0.341275 0.334131 
0.321218 0.347454 0.331327 
0.324474 0.346442 0.329084 
0.342162 0.332785 0.325054 
0.357007 0.316594 0.326399 
0.337688 0.350557 0.311756 
0.317007 0.330999 0.351994 
0.304767 0.329886 0.365347 
0.318462 0.322735 0.358803 
0.331101 0.334128 0.334771 
0.329812 0.313553 0.356635 
0.326414 0.335089 0.338497 
0.345248 0.332308 0.322443 
0.324507 0.338265 0.337227 
0.313418 0.354313 0.332270 
0.321998 0.348091 0.329911 
0.339779 0.322796 0.337425 
0.328301 0.317240 0.354459 
0.321951 0.326854 0.351194 
0.343273 0.317139 0.339588 
0.326793 0.319389 0.353818 
0.314992 0.334705 0.350303 
0.328110 0.310656 0.361235 
0.324631 0.338401 0.336968 
0.338644 0.325305 0.336052 
0.318496 0.356727 0.324777 
0.321559 0.338313 0.340128 
0.338990 0.326469 0.334541 
0.331626 0.331943 0.336431 
0.319151 0.328718 0.352130 
0.334633 0.328788 0.336579 
0.311127 0.323752 0.365121 
0.329065 0.324065 0.346870 
0.327543 0.345504 0.326954 
0.327002 0.334974 0.338024 
0.305509 0.336596 0.357895 
0.342910 0.322690 0.334399 
0.321433 0.341723 0.336844 
0.331063 0.320977 0.347960 
0.303630 0.310589 0.385780 
0.297040 0.334142 0.368819 
0.316565 0.339178 0.344257 
0.323474 0.331342 0.345184 
0.313406 0.355867 0.330727 
0.312076 0.325352 0.362572 
0.315171 0.319496 0.365333 
0.314218 0.342982 0.342800 
0.322402 0.329485 0.348112 
0.334366 0.307557 0.358077 
0.313712 0.338990 0.347298 
0.296250 0.359995 0.343755 
0.304618 0.326844 0.368538 
0.327142 0.334847 0.338011 
0.324236 0.347006 0.328757 
0.310392 0.328984 0.360623 
0.305092 0.325030 0.369877 
0.335236 0.314608 0.350157 
0.309833 0.316576 0.373592 
0.322490 0.324264 0.353247 
0.348466 0.337771 0.313763 
0.324146 0.343963 0.331891 
0.333862 0.343340 0.322798 
0.343920 0.325952 0.330128 
0.354238 0.344855 0.300907 
0.317123 0.312234 0.370643 
0.333807 0.291693 0.374500 
0.270585 0.336829 0.392586 
0.321507 0.357093 0.321401 
0.316915 0.328708 0.354378 
0.300850 0.361001 0.338149 
0.336326 0.341161 0.322512 
0.306729 0.346219 0.347052 
0.335867 0.335297 0.328836 
0.345482 0.316189 0.338328 
0.316245 0.322298 0.361456 
0.336899 0.306359 0.356741 
0.327463 0.314484 0.358052 
0.346176 0.313079 0.340745 
0.349621 0.313409 0.336970 
0.345147 0.306876 0.347976 
0.324585 0.351911 0.323504 
0.324542 0.322966 0.352492 
0.330093 0.326229 0.343678 
0.331877 0.334161 0.333962 
0.321485 0.323266 0.355249 
0.330181 0.323631 0.346188 
0.340356 0.332520 0.327124 
0.331128 0.326255 0.342617 
0.336452 0.303018 0.360530 
0.353042 0.326247 0.320711 
0.329218 0.313494 0.357288 
0.325130 0.318424 0.356446 
0.317246 0.338817 0.343937 
0.311797 0.333205 0.354998 
0.341371 0.330291 0.328338 
0.325835 0.312001 0.362164 
0.326687 0.339617 0.333696 
0.325468 0.308640 0.365892 
0.312657 0.323064 0.364279 
0.332430 0.319504 0.348066 
0.329865 0.329687 0.340448 
0.337435 0.324310 0.338255 
0.318788 0.330440 0.350772 
0.343328 0.327907 0.328765 
0.323521 0.324520 0.351958 
0.331053 0.326231 0.342716 
0.347825 0.305949 0.346227 
0.327799 0.327545 0.344656 
0.335357 0.319621 0.345023 
0.334508 0.333857 0.331635 
0.335934 0.309423 0.354642 
0.314382 0.340613 0.345005 
0.325793 0.360924 0.313283 
0.324426 0.294679 0.380895 
0.321598 0.340926 0.337476 
0.305186 0.352611 0.342203 
0.321709 0.333305 0.344987 
0.321089 0.325886 0.353025 
0.324249 0.318009 0.357742 
0.329183 0.338389 0.332428 
0.310800 0.314969 0.374230 
0.330433 0.335404 0.334162 
0.332801 0.333083 0.334116 
0.353565 0.318128 0.328307 
0.319975 0.325331 0.354693 
0.306592 0.335254 0.358154 
0.335878 0.323928 0.340194 
0.359113 0.301417 0.339471 
0.322571 0.336035 0.341394 
0.324224 0.326207 0.349569 
0.315937 0.350147 0.333917 
0.334290 0.317008 0.348702 
0.321629 0.350129 0.328242 
0.342170 0.332406 0.325424 
0.328888 0.357307 0.313804 
0.344225 0.315046 0.340729 
0.344341 0.330050 0.325609 
0.334786 0.323854 0.341361 
0.313057 0.337055 0.349888 
0.343362 0.300366 0.356272 
0.355581 0.316849 0.327570 
0.336551 0.331288 0.332161 
0.313455 0.343306 0.343240 
0.317693 0.311354 0.370953 
0.333753 0.322909 0.343338 
0.324866 0.346985 0.328149 
0.333229 0.338934 0.327837 
0.321653 0.336157 0.342190 
0.315413 0.321630 0.362958 
0.320744 0.346502 0.332755 
0.324703 0.345837 0.329459 
0.334786 0.335167 0.330047 
0.296028 0.327236 0.376736 
0.336775 0.324282 0.338943 
0.332391 0.330976 0.336632 
0.318169 0.332795 0.349036 
0.314048 0.359469 0.326483 
0.305754 0.326339 0.367907 
0.256494 0.377188 0.366318 
0.323174 0.352355 0.324472 
0.321716 0.331299 0.346985 
0.317650 0.342665 0.339686 
0.292538 0.338540 0.368921 
0.331491 0.309855 0.358654 
0.325266 0.317567 0.357167 
0.321731 0.337474 0.340795 
0.310236 0.346052 0.343711 
0.318267 0.340162 0.341571 
0.341452 0.341547 0.317000 
0.339437 0.301183 0.359380 
0.367570 0.319465 0.312965 
0.341151 0.344881 0.313968 
0.319475 0.314006 0.366519 
0.304740 0.371891 0.323369 
0.330655 0.334912 0.334434 
0.339183 0.346190 0.314627 
0.313752 0.335272 0.350976 
0.335578 0.333505 0.330917 
0.305037 0.363086 0.331877 
0.308681 0.368223 0.323095 
0.341168 0.331715 0.327117 
0.335759 0.350652 0.313589 
0.336479 0.318117 0.345404 
0.330757 0.333823 0.335420 
0.319597 0.342429 0.337974 
0.325621 0.329232 0.345147 
0.350271 0.336902 0.312827 
0.325846 0.341915 0.332240 
0.350278 0.331892 0.317830 
0.291624 0.342030 0.366346 
0.330139 0.335782 0.334079 
0.361490 0.299716 0.338793 
0.341503 0.350489 0.308008 
0.336096 0.337246 0.326657 
0.360566 0.303696 0.335739 
0.340642 0.301830 0.357529 
0.340445 0.323820 0.335735 
0.343634 0.361078 0.295288 
0.330842 0.343664 0.325494 
0.353577 0.313938 0.332484 
0.372333 0.290001 0.337666 
0.302889 0.357456 0.339655 
0.320625 0.362885 0.316490 
0.327881 0.369496 0.302623 
0.338819 0.328397 0.332784 
0.315406 0.352747 0.331847 
0.341563 0.336422 0.322015 
0.311411 0.375646 0.312943 
0.345161 0.339489 0.315351 
0.328368 0.364039 0.307593 
0.330428 0.362498 0.307075 
0.339887 0.346216 0.313898 
0.344593 0.326571 0.328836 
0.341463 0.338041 0.320496 
0.318353 0.330822 0.350825 
0.317442 0.338562 0.343996 
0.329372 0.322481 0.348148 
0.338589 0.317298 0.344113 
0.341838 0.358536 0.299626 
0.333778 0.324484 0.341738 
0.333118 0.327083 0.339799 
0.327249 0.354410 0.318340 
0.343720 0.321131 0.335149 
0.338198 0.329950 0.331852 
0.329079 0.342446 0.328475 
0.327220 0.335510 0.337270 
0.306582 0.338191 0.355227 
0.332988 0.359998 0.307014 
0.346936 0.343898 0.309166 
0.347752 0.317101 0.335147 
0.344643 0.350816 0.304540 
0.318882 0.338021 0.343096 
0.320050 0.381727 0.298223 
0.327408 0.318315 0.354277 
0.308122 0.337684 0.354193 
0.349854 0.332391 0.317756 
0.325185 0.336861 0.337954 
0.380367 0.311013 0.308621 
0.338635 0.343158 0.318207 
0.339399 0.326941 0.333660 
0.343580 0.329434 0.326986 
0.368090 0.319681 0.312229 
0.337123 0.340876 0.322001 
0.349323 0.288873 0.361804 
0.325134 0.330433 0.344432 
0.310065 0.338256 0.351679 
0.331389 0.357616 0.310995 
0.363668 0.352030 0.284302 
0.314473 0.388959 0.296568 
0.355289 0.306350 0.338362 
0.345541 0.336324 0.318135 
0.335144 0.307375 0.357480 
0.370546 0.326493 0.302962 
0.354861 0.333021 0.312118 
0.317288 0.337604 0.345108 
0.325151 0.340207 0.334642 
0.341598 0.360614 0.297788 
0.290486 0.374570 0.334944 
0.362916 0.329946 0.307138 
0.371928 0.280887 0.347185 
0.319971 0.379821 0.300209 
0.350543 0.322670 0.326787 
0.314764 0.333124 0.352112 
0.380117 0.297587 0.322296 
0.332844 0.323875 0.343281 
0.342305 0.350885 0.306810 
0.345067 0.323378 0.331554 
0.348759 0.349506 0.301735 
0.304853 0.353444 0.341703 
0.361505 0.317848 0.320648 
0.334518 0.350633 0.314849 
0.337968 0.348907 0.313125 
0.350185 0.326092 0.323723 
0.364409 0.326114 0.309477 
0.352428 0.342743 0.304829 
0.332133 0.334779 0.333088 
0.344359 0.360720 0.294921 
0.341661 0.346420 0.311920 
0.328671 0.340080 0.331250 
0.337941 0.351710 0.310349 
0.356829 0.324483 0.318688 
0.343451 0.350609 0.305940 
0.330207 0.333409 0.336384 
0.327825 0.344910 0.327266 
0.339849 0.342624 0.317528 
0.342163 0.345856 0.311981 
0.345518 0.338173 0.316309 
0.349633 0.332582 0.317785 
0.330136 0.342954 0.326910 
0.337792 0.362530 0.299677 
0.350598 0.341153 0.308249 
0.331170 0.341269 0.327561 
0.330380 0.352100 0.317520 
0.323240 0.354376 0.322384 
0.305639 0.371828 0.322533 
0.339165 0.332882 0.327952 
0.345529 0.344908 0.309563 
0.339658 0.338396 0.321946 
0.316372 0.323671 0.359957 
0.347252 0.327612 0.325136 
0.357620 0.336005 0.306374 
0.347506 0.311550 0.340944 
0.379121 0.323423 0.297456 
0.317273 0.360706 0.322021 
0.348082 0.326178 0.325740 
0.322369 0.334712 0.342919 
0.323766 0.339776 0.336459 
0.359764 0.323255 0.316981 
0.344181 0.339106 0.316714 
0.347713 0.352767 0.299520 
0.359688 0.309688 0.330624 
0.347953 0.337158 0.314888 
0.338805 0.332275 0.328920 
0.315023 0.340000 0.344977 
0.318900 0.363565 0.317535 
0.342350 0.333931 0.323719 
0.371271 0.319630 0.309099 
0.344057 0.335995 0.319948 
0.321810 0.345617 0.332572 
0.346767 0.337869 0.315364 
0.327023 0.338200 0.334778 
0.328424 0.349629 0.321947 
0.349651 0.324493 0.325856 
0.347377 0.334534 0.318089 
0.338381 0.327025 0.334594 
0.375644 0.340009 0.284347 
0.353598 0.332643 0.313759 
0.336811 0.341544 0.321645 
0.347592 0.322447 0.329961 
0.357440 0.339160 0.303400 
0.333344 0.356077 0.310578 
0.339158 0.339858 0.320984 
0.330635 0.344507 0.324858 
0.328154 0.336644 0.335203 
