-7633402.658964
0
0.000000 0.003855 0.000000 0.000000 0.000000 0.001292 0.000000 0.002741 0.014110 0.000909 0.000600 0.000000 0.000000 0.001892 0.000000 0.010381 0.019675 0.028733 0.090664 0.008618 0.000000 0.002385 0.002133 0.000000 0.025122 0.069645 0.032893 0.139775 0.000000 0.000000 0.000000 0.000000 0.009430 0.000000 0.026484 0.000000 0.000000 0.007656 0.000000 0.001311 0.023202 0.033403 0.142365 0.027427 0.001105 0.015901 0.024343 0.013199 0.003007 0.000000 0.000000 0.000000 0.000000 0.007166 0.000000 0.002450 0.043052 0.015873 0.005980 0.006559 0.000000 0.001460 0.000000 0.004694 0.002891 0.000000 0.040908 0.000000 0.000000 0.000215 0.000000 0.005073 0.000000 0.000000 0.000000 0.002797 0.000000 0.000000 0.000000 0.000000 0.002639 0.003160 0.010401 0.000000 0.000000 0.000000 0.000000 0.000000 0.005767 0.010209 0.038833 0.005615 0.000000 0.000000 0.000000 0.000000 
0.048637 0.010269 0.001934 0.006385 0.012514 0.014719 0.028079 0.008971 0.000000 0.000000 0.000000 0.000000 0.008354 0.002672 0.008953 0.002490 0.000000 0.025341 0.000000 0.000000 0.009021 0.006254 0.027208 0.002659 0.000000 0.000000 0.000000 0.000000 0.009530 0.000000 0.012799 0.013017 0.000000 0.011626 0.001168 0.000790 0.000000 0.000000 0.000000 0.006934 0.001092 0.071420 0.009878 0.013543 0.000164 0.005090 0.028268 0.000000 0.029847 0.021331 0.011856 0.015552 0.026012 0.044926 0.050367 0.032965 0.003612 0.000000 0.000301 0.003354 0.006929 0.008852 0.006880 0.005457 0.000000 0.022487 0.031582 0.000000 0.024338 0.055020 0.000000 0.046649 0.005404 0.000000 0.000000 0.002839 0.011879 0.006933 0.009905 0.007515 0.004411 0.002459 0.005850 0.003447 0.000000 0.001585 0.002557 0.005703 0.000000 0.032546 0.006732 0.000000 0.003473 0.008567 0.013533 0.006565 
0.000000 0.000079 0.000000 0.000000 0.000000 0.000022 0.000000 0.000000 0.000000 0.009632 0.000000 0.003969 0.000000 0.000735 0.000032 0.000000 0.000000 0.000000 0.000000 0.000000 0.000000 0.000221 0.000069 0.000000 0.000079 0.000000 0.003723 0.001037 0.000368 0.000000 0.000000 0.000000 0.062001 0.002168 0.012557 0.040432 0.000000 0.001417 0.000000 0.001402 0.000518 0.000000 0.000000 0.002782 0.000000 0.000276 0.000000 0.000000 0.000000 0.000000 0.000000 0.000281 0.000000 0.000000 0.000000 0.000000 0.000000 0.006682 0.000000 0.020719 0.000000 0.000442 0.000220 0.000334 0.000000 0.000000 0.000000 0.000000 0.000000 0.000000 0.000000 0.000000 0.000000 0.000000 0.000000 0.000000 0.000000 0.000000 0.000000 0.000000 0.268681 0.298455 0.141045 0.114677 0.000419 0.000784 0.000388 0.001835 0.000664 0.000172 0.000000 0.000684 0.000000 0.000000 0.000000 0.000000 
0.041469 0.033807 0.026837 0.023617 0.009052 0.006510 0.004615 0.005650 0.006835 0.000000 0.000000 0.000322 0.000000 0.000000 0.000000 0.000000 0.003718 0.000000 0.000000 0.000000 0.000000 0.000000 0.000000 0.000000 0.101481 0.081621 0.067367 0.045700 0.010326 0.010567 0.010698 0.011064 0.018910 0.000000 0.000000 0.006229 0.000000 0.000000 0.000000 0.002401 0.001593 0.001513 0.000000 0.001588 0.000000 0.000000 0.000000 0.000000 0.052249 0.058128 0.043135 0.027708 0.007525 0.012281 0.009587 0.006596 0.011797 0.012159 0.005091 0.005750 0.000000 0.001417 0.000000 0.002111 0.002725 0.000000 0.000000 0.000000 0.000000 0.000000 0.000000 0.000000 0.044838 0.066920 0.034893 0.041636 0.001131 0.010851 0.003198 0.000318 0.000000 0.002245 0.000819 0.000879 0.000000 0.000000 0.000000 0.000000 0.000519 0.000000 0.000000 0.000000 0.000000 0.000000 0.000000 0.000000 
0.000000 0.000659 0.000000 0.000000 0.002804 0.001007 0.000000 0.002536 0.003472 0.000000 0.005197 0.000707 0.000181 0.000566 0.000415 0.000258 0.000367 0.000386 0.000240 0.000385 0.000000 0.000000 0.000000 0.000000 0.001147 0.000317 0.000000 0.000000 0.004525 0.000801 0.000906 0.004461 0.002191 0.003127 0.007394 0.000000 0.000073 0.000281 0.000437 0.000000 0.000000 0.000000 0.000000 0.000000 0.000000 0.000000 0.000000 0.000000 0.000314 0.000000 0.000000 0.000597 0.001138 0.000438 0.000000 0.002215 0.007242 0.002135 0.006145 0.000000 0.000000 0.000000 0.000000 0.000000 0.000660 0.000000 0.000219 0.000268 0.000000 0.000000 0.000000 0.000000 0.028685 0.019065 0.006468 0.014134 0.177839 0.059938 0.021505 0.202447 0.218207 0.019003 0.059408 0.106192 0.000000 0.000197 0.000000 0.000000 0.000146 0.000553 0.000000 0.000000 0.000000 0.000000 0.000000 0.000000 
0.000000 0.000357 0.000000 0.000000 0.000000 0.001589 0.000000 0.000000 0.003142 0.000000 0.000000 0.000948 0.000000 0.000362 0.000000 0.003798 0.000000 0.006459 0.000000 0.003809 0.003521 0.013088 0.004411 0.051052 0.000000 0.000000 0.000000 0.000000 0.000000 0.000000 0.000000 0.001293 0.003915 0.003033 0.000000 0.002504 0.000321 0.010198 0.005354 0.028786 0.008586 0.049830 0.037539 0.078754 0.004467 0.036040 0.028818 0.289432 0.002327 0.000000 0.000000 0.000000 0.000430 0.000000 0.000000 0.000924 0.000000 0.000000 0.000000 0.000000 0.000000 0.002975 0.000000 0.005696 0.000000 0.012515 0.007532 0.006065 0.001217 0.011094 0.000000 0.076904 0.000801 0.000000 0.000000 0.001845 0.000000 0.000000 0.000000 0.002422 0.004667 0.005406 0.000001 0.004686 0.000000 0.003928 0.000000 0.010076 0.000000 0.017470 0.004096 0.008794 0.002120 0.023159 0.008101 0.093343 
0.000628 0.000000 0.000000 0.000000 0.000219 0.001437 0.000000 0.001281 0.000000 0.000530 0.000000 0.000000 0.007388 0.020292 0.001894 0.006379 0.040120 0.029881 0.042036 0.022924 0.002055 0.003498 0.001472 0.001857 0.001191 0.004145 0.001997 0.000000 0.000000 0.000000 0.000000 0.000725 0.002034 0.011617 0.001987 0.004218 0.000556 0.001894 0.000386 0.000000 0.025330 0.022228 0.038039 0.026317 0.001691 0.003449 0.003417 0.000000 0.000000 0.004904 0.000793 0.000000 0.000969 0.003577 0.000146 0.001061 0.000000 0.032359 0.000000 0.009251 0.002878 0.012027 0.002174 0.002189 0.140914 0.084066 0.100993 0.096937 0.000587 0.001847 0.000000 0.001906 0.000000 0.000000 0.000000 0.000000 0.000000 0.000772 0.000000 0.002360 0.002558 0.006536 0.000000 0.004915 0.002741 0.004281 0.000369 0.000000 0.038303 0.038252 0.030033 0.030642 0.000417 0.001691 0.001438 0.000000 
0.001457 0.000000 0.000000 0.000000 0.000000 0.000000 0.000000 0.000000 0.000000 0.040553 0.000000 0.018109 0.000000 0.000000 0.000509 0.000186 0.000000 0.000000 0.000000 0.000000 0.000000 0.000000 0.000000 0.000000 0.000000 0.000665 0.000000 0.005591 0.000000 0.001009 0.000314 0.001424 0.090782 0.346795 0.079391 0.206104 0.000000 0.000000 0.000000 0.000000 0.000000 0.000000 0.000000 0.000000 0.000000 0.000000 0.000044 0.000000 0.000400 0.000000 0.000000 0.000000 0.000000 0.000000 0.000000 0.000000 0.000000 0.055554 0.000000 0.007553 0.000000 0.000000 0.000000 0.000000 0.000000 0.000000 0.000000 0.000000 0.000000 0.000000 0.000000 0.000000 0.000855 0.000837 0.000000 0.000000 0.000000 0.000000 0.000000 0.000000 0.000000 0.087683 0.005785 0.048082 0.000000 0.000000 0.000000 0.000000 0.000000 0.000000 0.000194 0.000000 0.000000 0.000000 0.000123 0.000000 
0.000000 0.001081 0.000000 0.007863 0.000512 0.000000 0.000000 0.000000 0.000000 0.003415 0.007347 0.005258 0.000000 0.000000 0.000000 0.001298 0.003547 0.005164 0.002287 0.003831 0.001523 0.004365 0.001681 0.016907 0.001202 0.000000 0.000000 0.004240 0.000000 0.000000 0.000000 0.000000 0.000000 0.000923 0.000000 0.003152 0.000000 0.000000 0.000000 0.000000 0.000000 0.000000 0.000000 0.000000 0.002472 0.000000 0.002945 0.009020 0.000000 0.001416 0.000000 0.003274 0.000000 0.000000 0.000000 0.000000 0.000000 0.014014 0.016590 0.016246 0.000000 0.000000 0.000000 0.000000 0.005929 0.011333 0.003398 0.012147 0.000742 0.002028 0.000000 0.000000 0.046102 0.008127 0.004701 0.332504 0.000000 0.000000 0.000000 0.000000 0.002685 0.015900 0.246020 0.033151 0.000121 0.000394 0.000465 0.002152 0.002956 0.008531 0.005364 0.008911 0.007470 0.010588 0.002469 0.084238 
0.000000 0.000739 0.000000 0.000000 0.000000 0.000000 0.000000 0.000000 0.078845 0.084740 0.019733 0.066073 0.000000 0.000000 0.000000 0.000000 0.000554 0.000000 0.000486 0.000000 0.000000 0.000000 0.000000 0.000000 0.000000 0.000953 0.000308 0.000000 0.000000 0.000000 0.000000 0.000000 0.025023 0.046668 0.000000 0.046489 0.000000 0.000000 0.000000 0.000719 0.000000 0.000000 0.000456 0.000000 0.000000 0.000000 0.000000 0.000206 0.000000 0.001450 0.000640 0.000000 0.000000 0.000000 0.000000 0.000000 0.148527 0.237261 0.015822 0.176801 0.000000 0.000000 0.000000 0.000000 0.000000 0.000000 0.000000 0.000000 0.000000 0.000000 0.000000 0.000000 0.000950 0.000000 0.000000 0.000535 0.000000 0.000000 0.000000 0.000000 0.023486 0.000002 0.002059 0.019899 0.000000 0.000000 0.000000 0.000000 0.000000 0.000575 0.000000 0.000000 0.000000 0.000000 0.000000 0.000000 
0.000000 0.007916 0.000000 0.043919 0.000000 0.000000 0.000000 0.000000 0.010491 0.012434 0.020194 0.012097 0.000848 0.002620 0.000437 0.003443 0.001543 0.004865 0.002024 0.003203 0.000000 0.001993 0.002108 0.005175 0.013205 0.021889 0.002497 0.258772 0.000000 0.000000 0.000000 0.000000 0.000000 0.004170 0.000000 0.006592 0.000000 0.004444 0.000000 0.002454 0.000000 0.005457 0.000000 0.000000 0.000000 0.000865 0.000000 0.002612 0.004816 0.019391 0.000000 0.128540 0.001230 0.000000 0.000000 0.000594 0.012965 0.005472 0.111823 0.009564 0.000000 0.003464 0.000000 0.002320 0.003158 0.007463 0.005209 0.006846 0.000282 0.002255 0.000000 0.006635 0.000000 0.027022 0.000000 0.106830 0.000000 0.000000 0.000000 0.000000 0.003587 0.027574 0.000000 0.022782 0.000000 0.001931 0.000000 0.002328 0.001961 0.006319 0.003625 0.004133 0.000000 0.000954 0.000663 0.000000 
0.001813 0.007189 0.000000 0.000665 0.000000 0.000000 0.000000 0.000384 0.000000 0.000380 0.000000 0.000000 0.032454 0.026278 0.064074 0.021345 0.011648 0.001072 0.002358 0.000000 0.003878 0.000000 0.006393 0.000000 0.001659 0.002332 0.000000 0.002140 0.000000 0.000000 0.000000 0.000000 0.003283 0.008144 0.002031 0.005385 0.043661 0.075007 0.195864 0.059259 0.004698 0.004181 0.000000 0.001996 0.002762 0.000728 0.022383 0.000000 0.002653 0.005385 0.005203 0.002230 0.000000 0.000000 0.000447 0.000000 0.002638 0.000542 0.000000 0.001270 0.043237 0.026576 0.072963 0.021321 0.003833 0.000000 0.000000 0.000000 0.001607 0.000000 0.000000 0.000000 0.004705 0.006007 0.001028 0.001340 0.000000 0.000825 0.000000 0.000000 0.003353 0.003125 0.001215 0.000000 0.030908 0.036745 0.056486 0.034598 0.002298 0.000000 0.000000 0.000000 0.000669 0.001830 0.009516 0.000000 
0.000000 0.000000 0.000000 0.000000 0.000605 0.000678 0.000319 0.001182 0.011022 0.003736 0.284885 0.002269 0.000000 0.000000 0.000000 0.001407 0.000000 0.000000 0.003110 0.000000 0.000000 0.000000 0.000000 0.000000 0.002080 0.003175 0.001585 0.011783 0.000000 0.000000 0.000000 0.000000 0.005424 0.004303 0.291199 0.003724 0.000000 0.000407 0.000000 0.000406 0.000811 0.001549 0.004159 0.000669 0.000000 0.000296 0.000779 0.000977 0.000000 0.000000 0.000498 0.000000 0.000000 0.000997 0.000000 0.000000 0.017450 0.000000 0.192934 0.002421 0.000000 0.000000 0.000382 0.000000 0.000000 0.000000 0.002750 0.000000 0.000000 0.000000 0.000000 0.000000 0.000000 0.001499 0.000000 0.000000 0.000000 0.000000 0.000000 0.000000 0.003388 0.003686 0.123343 0.000000 0.000000 0.000000 0.000000 0.000000 0.002078 0.001846 0.003193 0.000494 0.000000 0.000000 0.000504 0.000000 
0.000000 0.001070 0.000000 0.000000 0.000000 0.000000 0.000000 0.000000 0.000000 0.003781 0.000000 0.000661 0.000000 0.000000 0.000000 0.000000 0.000000 0.000000 0.000000 0.000000 0.000000 0.000000 0.000000 0.000000 0.003699 0.000000 0.000000 0.000000 0.000000 0.000000 0.000000 0.000000 0.003171 0.003847 0.014195 0.007747 0.000000 0.000000 0.000000 0.000090 0.000190 0.000881 0.000000 0.000000 0.000000 0.002418 0.000000 0.000000 0.001450 0.000000 0.000000 0.000000 0.000000 0.000000 0.000000 0.000000 0.000000 0.010665 0.000000 0.047141 0.000000 0.000000 0.000000 0.000000 0.000000 0.000000 0.000000 0.003143 0.000000 0.000000 0.000000 0.002007 0.000000 0.002329 0.000000 0.000000 0.000000 0.000000 0.000000 0.000000 0.008694 0.042607 0.759527 0.076623 0.000000 0.000000 0.000000 0.000000 0.000000 0.002011 0.000196 0.000000 0.000000 0.001857 0.000000 0.000000 
0.005485 0.008281 0.009462 0.003874 0.012270 0.007515 0.006573 0.009918 0.032331 0.028726 0.034637 0.031120 0.000000 0.002353 0.003929 0.000000 0.028081 0.014287 0.068059 0.036730 0.002462 0.004367 0.004301 0.002361 0.000000 0.000000 0.004824 0.000000 0.011628 0.015287 0.013157 0.012520 0.029239 0.027017 0.057292 0.039200 0.000000 0.002431 0.000000 0.001381 0.013821 0.010108 0.053941 0.024153 0.003410 0.007673 0.008183 0.000000 0.005757 0.004990 0.007796 0.003911 0.005594 0.006246 0.004358 0.007879 0.015786 0.008505 0.000000 0.027025 0.000000 0.000000 0.001902 0.001162 0.000000 0.004544 0.021181 0.011879 0.002071 0.000000 0.000000 0.000000 0.000000 0.002301 0.001656 0.000000 0.000000 0.009188 0.007850 0.008568 0.009900 0.019448 0.008446 0.016569 0.000000 0.001624 0.000000 0.000000 0.008775 0.007794 0.022448 0.017180 0.005305 0.007127 0.007456 0.005390 
0.000000 0.000000 0.000000 0.000000 0.000582 0.000642 0.000000 0.000645 0.000000 0.004512 0.070902 0.000000 0.000098 0.004016 0.000000 0.001197 0.003907 0.003678 0.000000 0.001105 0.000000 0.000000 0.000000 0.000000 0.000000 0.000000 0.002223 0.000000 0.000000 0.000000 0.000000 0.000000 0.000000 0.004025 0.045746 0.000000 0.000000 0.000000 0.000000 0.000000 0.000000 0.000000 0.000000 0.000000 0.000000 0.001800 0.000000 0.000000 0.001862 0.006887 0.001304 0.016792 0.001151 0.001756 0.000000 0.001581 0.024891 0.122668 0.513734 0.056349 0.000000 0.003110 0.000000 0.000824 0.014191 0.027630 0.007104 0.005847 0.000000 0.002110 0.000000 0.000000 0.000000 0.000000 0.000000 0.000000 0.000000 0.000000 0.000000 0.000000 0.001938 0.013773 0.023155 0.000000 0.000641 0.000282 0.000000 0.000000 0.001200 0.004142 0.000000 0.000000 0.000000 0.000000 0.000000 0.000000 
0.002355 0.001541 0.000000 0.002007 0.000000 0.000983 0.001742 0.001285 0.000389 0.030995 0.006767 0.000000 0.005732 0.002124 0.003515 0.014048 0.000963 0.000258 0.000000 0.003678 0.001192 0.001286 0.004306 0.000861 0.012247 0.004518 0.000000 0.000000 0.000000 0.000000 0.004561 0.000000 0.086424 0.016734 0.016077 0.000000 0.001525 0.000957 0.000000 0.003618 0.002589 0.000000 0.000000 0.010157 0.000515 0.000000 0.004006 0.000000 0.000960 0.000000 0.000000 0.000000 0.000000 0.000000 0.000000 0.000000 0.000000 0.008227 0.000000 0.000000 0.001226 0.000426 0.001658 0.002477 0.001616 0.000000 0.000000 0.036047 0.000000 0.000000 0.000000 0.000000 0.005509 0.012693 0.002535 0.000000 0.000000 0.004452 0.001579 0.000000 0.000000 0.519527 0.000482 0.083902 0.003885 0.005046 0.002527 0.016186 0.007689 0.005344 0.007381 0.008372 0.001589 0.003250 0.002654 0.002805 
0.000260 0.000112 0.000000 0.000000 0.000000 0.000000 0.000000 0.000099 0.000413 0.000548 0.000103 0.000000 0.000000 0.000000 0.000000 0.000104 0.000000 0.000584 0.000111 0.000000 0.000000 0.000000 0.000278 0.000000 0.000000 0.000000 0.000000 0.000000 0.000092 0.000000 0.000000 0.000000 0.000000 0.000267 0.000112 0.000128 0.000000 0.000000 0.000000 0.000000 0.000000 0.038416 0.000000 0.000420 0.000000 0.000000 0.000465 0.000103 0.000272 0.000000 0.000000 0.000000 0.000000 0.000109 0.000412 0.000104 0.000105 0.000000 0.001045 0.000000 0.000000 0.000000 0.000000 0.000000 0.000000 0.000000 0.000000 0.000000 0.036242 0.021592 0.878027 0.016299 0.000000 0.000000 0.000000 0.000000 0.000000 0.000000 0.000000 0.000000 0.000575 0.000272 0.000384 0.000000 0.000000 0.000000 0.000000 0.000000 0.000000 0.001404 0.000271 0.000000 0.000000 0.000271 0.000000 0.000000 
0.000000 0.005814 0.000000 0.240828 0.016483 0.005896 0.033509 0.080169 0.000000 0.342261 0.078331 0.063238 0.004808 0.007497 0.082130 0.001428 0.033113 0.004496 
0.000000 0.000000 0.000000 0.015857 0.003504 0.018566 0.000006 0.000000 0.503675 0.000000 0.037195 0.008106 0.114835 0.218713 0.000008 0.078860 0.000000 0.000676 
0.130377 0.000000 0.000000 0.007603 0.001669 0.020378 0.053494 0.000000 0.006982 0.066779 0.021558 0.007782 0.470598 0.004093 0.000003 0.207698 0.000000 0.000986 
0.000000 0.000000 0.000000 0.006389 0.001838 0.023740 0.077875 0.018458 0.000000 0.000001 0.000012 0.002767 0.671545 0.000000 0.000015 0.197359 0.000000 0.000000 
0.000000 0.000000 0.000000 0.013675 0.002812 0.000005 0.000015 0.000000 0.000000 0.051451 0.069033 0.005594 0.584362 0.000000 0.076265 0.196789 0.000000 0.000000 
0.000000 0.000000 0.000000 0.219427 0.034959 0.091630 0.155810 0.000000 0.043266 0.000001 0.030835 0.102204 0.009548 0.000000 0.276985 0.035336 0.000000 0.000000 
0.000000 0.000000 0.000000 0.024689 0.002557 0.000001 0.000007 0.000000 0.004399 0.049083 0.000009 0.008321 0.631516 0.000000 0.047269 0.232150 0.000000 0.000000 
0.046021 0.000000 0.000000 0.029562 0.000015 0.000002 0.055249 0.023977 0.010208 0.087146 0.027707 0.007744 0.402187 0.034421 0.034645 0.241117 0.000000 0.000000 
0.000000 0.000000 0.000000 0.035333 0.006161 0.011688 0.000009 0.000000 0.000000 0.000000 0.000012 0.007603 0.683241 0.000000 0.071822 0.184130 0.000000 0.000000 
0.000000 0.000000 0.023124 0.027485 0.000009 0.005564 0.087563 0.000000 0.000000 0.000001 0.036593 0.000007 0.559765 0.000000 0.032517 0.227373 0.000000 0.000000 
0.091199 0.000000 0.000000 0.028863 0.001575 0.000001 0.073805 0.000000 0.007424 0.094367 0.024774 0.004029 0.508081 0.000000 0.000004 0.165450 0.000000 0.000429 
0.044256 0.049230 0.000000 0.106279 0.039282 0.000002 0.024979 0.038829 0.000000 0.000001 0.000013 0.015613 0.179987 0.000000 0.422479 0.077815 0.000000 0.001233 
0.000000 0.000000 0.201415 0.014395 0.657912 0.029067 0.000080 0.025112 0.000000 0.000001 0.032371 0.000016 0.011997 0.020321 0.000026 0.002268 0.000000 0.005019 
0.000000 0.053900 0.005808 0.074697 0.005101 0.022032 0.035815 0.067556 0.003750 0.034377 0.021404 0.035667 0.138428 0.023213 0.405846 0.056132 0.016189 0.000085 
0.000000 0.020537 0.019104 0.050999 0.015610 0.007089 0.040164 0.052855 0.002633 0.026821 0.007524 0.020635 0.179246 0.057174 0.382203 0.085625 0.027811 0.003971 
0.000000 0.020581 0.009697 0.067393 0.022957 0.003402 0.049293 0.032631 0.004727 0.030383 0.008643 0.045361 0.156784 0.038370 0.445665 0.048861 0.012918 0.002335 
0.000000 0.027278 0.015485 0.024136 0.027676 0.022061 0.067299 0.030044 0.001078 0.026695 0.005057 0.012468 0.243733 0.021857 0.408004 0.049872 0.017176 0.000082 
0.000000 0.036021 0.006189 0.032278 0.039270 0.016377 0.046379 0.025156 0.003180 0.018768 0.020659 0.025919 0.143507 0.039189 0.450728 0.078670 0.017640 0.000070 
0.000000 0.033898 0.006701 0.025619 0.016938 0.013587 0.039125 0.035747 0.023808 0.032099 0.013971 0.031451 0.201142 0.038216 0.414997 0.059407 0.011859 0.001433 
0.000000 0.038944 0.005381 0.197853 0.040287 0.003946 0.044858 0.019399 0.014971 0.009676 0.074574 0.025917 0.126053 0.011140 0.333668 0.031002 0.015094 0.007237 
0.000000 0.035658 0.016411 0.086834 0.045937 0.010672 0.032542 0.049402 0.002326 0.041951 0.013263 0.036875 0.133425 0.023389 0.383276 0.034964 0.041070 0.012003 
0.000000 0.074577 0.005916 0.024268 0.026113 0.027115 0.098121 0.012578 0.006949 0.022445 0.012118 0.036898 0.113579 0.016713 0.467886 0.030994 0.016845 0.006886 
0.000000 0.036750 0.006516 0.121652 0.020110 0.006312 0.047542 0.025232 0.026866 0.025667 0.056772 0.045399 0.108037 0.062125 0.344020 0.043961 0.012969 0.010071 
0.000000 0.064536 0.013650 0.110608 0.017749 0.010770 0.033907 0.020798 0.002498 0.015332 0.007399 0.024417 0.130333 0.028083 0.441434 0.060610 0.017809 0.000067 
0.000000 0.000000 0.106553 0.000000 0.874705 0.000000 0.000000 0.000000 0.000000 0.000000 0.000000 0.000000 0.000000 0.000000 0.018741 0.000000 0.000000 0.000000 
0.144691 0.000000 0.053013 0.000000 0.425382 0.007306 0.193432 0.000000 0.017080 0.000000 0.000000 0.000000 0.000000 0.000000 0.071497 0.087599 0.000000 0.000000 
0.000000 0.010175 0.011016 0.137195 0.249254 0.000000 0.000000 0.000000 0.000000 0.000000 0.000000 0.062079 0.184062 0.000000 0.302704 0.043515 0.000000 0.000000 
0.000000 0.000000 0.155570 0.007887 0.833602 0.000000 0.000000 0.000000 0.000000 0.000000 0.000000 0.000000 0.000000 0.000000 0.000000 0.000000 0.000000 0.002941 
0.000000 0.000000 0.092808 0.000001 0.852385 0.009656 0.000000 0.000000 0.000000 0.000000 0.000000 0.017156 0.000000 0.000000 0.027994 0.000000 0.000000 0.000000 
0.000000 0.000000 0.000017 0.000000 0.001112 0.000000 0.000000 0.000000 0.000000 0.000000 0.000000 0.000000 0.000000 0.000000 0.000000 0.000000 0.000000 0.998871 
0.000000 0.205390 0.056139 0.141562 0.056981 0.011201 0.027576 0.000000 0.000000 0.088657 0.043549 0.098946 0.000000 0.000000 0.268022 0.000000 0.000000 0.001977 
0.264384 0.000000 0.000015 0.000000 0.002612 0.000000 0.169000 0.033598 0.000000 0.198739 0.077627 0.018811 0.140928 0.000000 0.000000 0.094285 0.000000 0.000000 
0.000000 0.000000 0.000006 0.000000 0.000686 0.000000 0.000000 0.000000 0.000000 0.000000 0.000000 0.000000 0.000000 0.000000 0.000000 0.000000 0.000000 0.999307 
0.000000 0.008600 0.105373 0.012897 0.864816 0.002089 0.000000 0.000000 0.005900 0.000000 0.000000 0.000000 0.000000 0.000000 0.000000 0.000000 0.000000 0.000326 
0.000000 0.018866 0.200609 0.000000 0.762020 0.008226 0.000000 0.000000 0.010279 0.000000 0.000000 0.000000 0.000000 0.000000 0.000000 0.000000 0.000000 0.000000 
0.000000 0.000000 0.000003 0.011429 0.000401 0.013725 0.000000 0.000000 0.670228 0.000000 0.041506 0.000000 0.044351 0.202124 0.000000 0.015675 0.000000 0.000557 
0.251580 0.000000 0.028146 0.040326 0.005675 0.000000 0.123461 0.000000 0.027877 0.217138 0.000000 0.005614 0.157353 0.000000 0.000000 0.140197 0.000000 0.002634 
0.000000 0.015562 0.064068 0.013964 0.895105 0.000000 0.000000 0.000000 0.000000 0.000000 0.000000 0.000000 0.000000 0.000000 0.011301 0.000000 0.000000 0.000000 
0.270087 0.004335 0.003770 0.008597 0.038250 0.021827 0.106686 0.005659 0.000000 0.000000 0.036432 0.000000 0.200050 0.000000 0.137653 0.163839 0.000000 0.002813 
0.000000 0.021966 0.064218 0.051295 0.022562 0.003565 0.000000 0.000000 0.005605 0.018553 0.000000 0.047402 0.201213 0.000000 0.485974 0.064429 0.000000 0.013218 
0.000000 0.000000 0.137055 0.030868 0.781219 0.000000 0.000000 0.000000 0.000000 0.000000 0.000000 0.000000 0.000000 0.000000 0.050858 0.000000 0.000000 0.000000 
0.000000 0.000000 0.193063 0.000001 0.757264 0.000000 0.000000 0.000000 0.049671 0.000000 0.000000 0.000000 0.000000 0.000000 0.000000 0.000000 0.000000 0.000000 
0.000000 0.013084 0.229082 0.013918 0.738245 0.005672 0.000000 0.000000 0.000000 0.000000 0.000000 0.000000 0.000000 0.000000 0.000000 0.000000 0.000000 0.000000 
0.000000 0.043572 0.192937 0.000000 0.010886 0.000000 0.000000 0.204421 0.000000 0.417073 0.000000 0.000000 0.045252 0.000000 0.023684 0.000000 0.057806 0.004369 
0.213238 0.000000 0.000015 0.000000 0.000123 0.000000 0.208443 0.000000 0.017968 0.166719 0.042031 0.011350 0.134827 0.000000 0.042909 0.161159 0.000000 0.001218 
0.000000 0.000000 0.195991 0.000001 0.732885 0.000000 0.000000 0.000000 0.000000 0.000000 0.018141 0.000000 0.000000 0.000000 0.052982 0.000000 0.000000 0.000000 
0.000000 0.006002 0.156653 0.007487 0.829858 0.000000 0.000000 0.000000 0.000000 0.000000 0.000000 0.000000 0.000000 0.000000 0.000000 0.000000 0.000000 0.000000 
0.000000 0.000000 0.108172 0.036928 0.762963 0.000000 0.000000 0.000000 0.000000 0.000000 0.000000 0.000000 0.000000 0.000000 0.091937 0.000000 0.000000 0.000000 
0.000000 0.030958 0.061594 0.017796 0.766922 0.035151 0.028887 0.000000 0.000000 0.000000 0.000000 0.000000 0.000000 0.000000 0.000000 0.000000 0.058691 0.000000 
0.065357 0.014967 0.064266 0.000000 0.559935 0.000000 0.036517 0.000000 0.024113 0.094870 0.000000 0.015967 0.085319 0.000000 0.000000 0.000000 0.037644 0.001045 
0.000000 0.009070 0.063139 0.007091 0.910627 0.000000 0.000000 0.000000 0.000000 0.010073 0.000000 0.000000 0.000000 0.000000 0.000000 0.000000 0.000000 0.000000 
0.184456 0.000000 0.000008 0.035047 0.017702 0.039050 0.450641 0.000000 0.000000 0.000000 0.023127 0.064752 0.032445 0.000000 0.106857 0.045020 0.000000 0.000894 
0.101986 0.015905 0.000023 0.070515 0.053567 0.020413 0.196563 0.000000 0.000000 0.087219 0.026456 0.057115 0.175774 0.000000 0.164821 0.023281 0.000000 0.006361 
0.000000 0.037133 0.150840 0.022767 0.780314 0.005022 0.000000 0.000000 0.000000 0.000000 0.000000 0.000000 0.000000 0.000000 0.000000 0.000000 0.000000 0.003925 
0.000000 0.021576 0.159031 0.000001 0.795750 0.000000 0.000000 0.000000 0.023641 0.000000 0.000000 0.000000 0.000000 0.000000 0.000000 0.000000 0.000000 0.000000 
0.000000 0.007631 0.167035 0.000001 0.825333 0.000000 0.000000 0.000000 0.000000 0.000000 0.000000 0.000000 0.000000 0.000000 0.000000 0.000000 0.000000 0.000000 
0.000000 0.000000 0.179091 0.017568 0.742048 0.000000 0.000000 0.000000 0.030881 0.013578 0.000000 0.000000 0.000000 0.000000 0.016834 0.000000 0.000000 0.000000 
0.000000 0.020586 0.134003 0.005988 0.825320 0.000001 0.000000 0.000000 0.000003 0.000022 0.000003 0.000000 0.007221 0.000000 0.006852 0.000000 0.000000 0.000000 
0.000000 0.003967 0.122721 0.018401 0.709036 0.005113 0.000000 0.000000 0.000011 0.000061 0.008729 0.000000 0.048299 0.000000 0.039848 0.043816 0.000000 0.000000 
0.000000 0.000196 0.254654 0.011349 0.681649 0.000001 0.000000 0.000000 0.000007 0.012265 0.000009 0.000000 0.039828 0.000000 0.000040 0.000001 0.000000 0.000000 
0.000000 0.034073 0.237446 0.015913 0.405551 0.009452 0.025826 0.000000 0.000008 0.020988 0.000005 0.000000 0.148037 0.000000 0.084273 0.018427 0.000000 0.000000 
0.000000 0.018771 0.161129 0.027686 0.660928 0.014407 0.000000 0.000000 0.000008 0.021316 0.000005 0.000000 0.095603 0.000000 0.000146 0.000001 0.000000 0.000000 
0.000000 0.005543 0.111233 0.005336 0.864692 0.000002 0.000000 0.000000 0.000001 0.003336 0.000002 0.000000 0.009843 0.000000 0.000011 0.000000 0.000000 0.000000 
0.000000 0.020930 0.238312 0.003925 0.630421 0.000004 0.000000 0.000000 0.000009 0.000053 0.042808 0.000000 0.044287 0.000000 0.019251 0.000001 0.000000 0.000000 
0.000000 0.119344 0.009050 0.030642 0.243691 0.023816 0.132167 0.000000 0.000004 0.034048 0.012553 0.028104 0.032400 0.000000 0.310089 0.000000 0.020598 0.003494 
0.000000 0.083193 0.015270 0.019583 0.052315 0.012958 0.168148 0.000000 0.000003 0.019418 0.013028 0.050719 0.052749 0.000000 0.478999 0.025293 0.000000 0.008322 
0.000000 0.006804 0.203116 0.014759 0.652108 0.003381 0.000000 0.000000 0.019760 0.008330 0.000004 0.000000 0.068039 0.000000 0.023700 0.000000 0.000000 0.000000 
0.000000 0.047090 0.126860 0.121156 0.452904 0.000008 0.000000 0.000000 0.000007 0.000086 0.063631 0.047729 0.053849 0.000000 0.084212 0.000001 0.000000 0.002468 
0.000000 0.001238 0.109839 0.028998 0.785971 0.000006 0.000000 0.000000 0.000009 0.000046 0.000007 0.000000 0.032952 0.000000 0.040934 0.000001 0.000000 0.000000 
0.000000 0.000490 0.152780 0.051690 0.724828 0.001860 0.000000 0.000000 0.000005 0.027687 0.000007 0.000000 0.040612 0.000000 0.000040 0.000001 0.000000 0.000000 
0.000000 0.006272 0.154579 0.005105 0.811860 0.000000 0.000000 0.000000 0.021028 0.000007 0.000002 0.000000 0.000066 0.000000 0.000010 0.000000 0.000000 0.001072 
0.000000 0.029465 0.001002 0.003342 0.003376 0.088083 0.000000 0.000000 0.721471 0.000007 0.037745 0.000000 0.040607 0.000000 0.000010 0.067396 0.000000 0.007496 
0.000000 0.005139 0.116604 0.013855 0.818918 0.000001 0.000000 0.000000 0.000002 0.000015 0.008308 0.000000 0.024228 0.000000 0.012930 0.000000 0.000000 0.000000 
0.000000 0.005809 0.155608 0.020275 0.789306 0.000001 0.000000 0.000000 0.000002 0.008896 0.000004 0.000000 0.008294 0.000000 0.011805 0.000000 0.000000 0.000000 
0.000000 0.007514 0.302444 0.014012 0.594422 0.000003 0.000000 0.000000 0.018909 0.009211 0.000011 0.000000 0.051596 0.000000 0.000069 0.000001 0.000000 0.001809 
0.000000 0.005108 0.140160 0.001540 0.797863 0.003268 0.000000 0.000000 0.000002 0.000011 0.001756 0.000000 0.020589 0.000000 0.013586 0.000000 0.016117 0.000000 
0.000000 0.005209 0.220754 0.021647 0.657522 0.000018 0.000000 0.000000 0.000007 0.000045 0.006100 0.000000 0.046101 0.000000 0.000040 0.042558 0.000000 0.000000 
0.000000 0.005395 0.122541 0.004915 0.867023 0.000002 0.000000 0.000000 0.000001 0.000013 0.000001 0.000000 0.000083 0.000000 0.000025 0.000000 0.000000 0.000000 
0.000000 0.018586 0.310221 0.003130 0.608767 0.002425 0.000000 0.000000 0.005477 0.000020 0.000003 0.000000 0.034003 0.000000 0.008191 0.009177 0.000000 0.000000 
0.000000 0.000186 0.246787 0.032752 0.645522 0.000001 0.000000 0.000000 0.000007 0.000032 0.000004 0.000000 0.074662 0.000000 0.000048 0.000000 0.000000 0.000000 
0.000000 0.002151 0.215616 0.029552 0.635027 0.000004 0.000000 0.000000 0.037124 0.000055 0.000015 0.000000 0.045732 0.000000 0.034723 0.000001 0.000000 0.000000 
0.000000 0.000837 0.234551 0.005788 0.591269 0.016110 0.000000 0.000000 0.000009 0.000028 0.000004 0.000000 0.074563 0.000000 0.026281 0.050561 0.000000 0.000000 
0.000000 0.002803 0.139332 0.012121 0.842325 0.003360 0.000000 0.000000 0.000001 0.000009 0.000001 0.000000 0.000034 0.000000 0.000014 0.000000 0.000000 0.000000 
0.000000 0.006566 0.250996 0.034670 0.630581 0.000002 0.000000 0.000000 0.000005 0.000043 0.000006 0.003742 0.035620 0.000000 0.036192 0.000001 0.000000 0.001576 
0.007155 0.000000 0.000000 0.007905 0.001798 0.020652 0.001291 0.000000 0.856732 0.001990 0.000199 0.000008 0.066593 0.000000 0.000001 0.034835 0.000000 0.000841 
0.221699 0.000000 0.000000 0.068219 0.006857 0.000000 0.067608 0.000000 0.035394 0.132532 0.028408 0.074429 0.219178 0.032551 0.026017 0.070083 0.014641 0.002383 
0.283082 0.000000 0.000000 0.068046 0.013727 0.000000 0.042058 0.000000 0.000020 0.146365 0.024654 0.025756 0.230051 0.039541 0.000002 0.126699 0.000000 0.000000 
0.223678 0.000000 0.000000 0.039546 0.000000 0.000000 0.039990 0.000000 0.023503 0.175510 0.030110 0.011886 0.262049 0.000000 0.023202 0.170525 0.000000 0.000000 
0.185063 0.000000 0.000000 0.016199 0.000000 0.000000 0.047996 0.000000 0.012516 0.148110 0.029031 0.000018 0.375162 0.000000 0.060727 0.122109 0.000000 0.003071 
0.001810 0.000000 0.000000 0.019555 0.000000 0.038040 0.066652 0.000000 0.558409 0.003121 0.013901 0.000010 0.060787 0.160407 0.000000 0.076275 0.000000 0.001033 
0.207263 0.000000 0.000000 0.043149 0.000000 0.000000 0.037612 0.000000 0.030962 0.093859 0.002524 0.000063 0.378850 0.000000 0.101081 0.091628 0.013009 0.000000 
0.082201 0.000000 0.000000 0.017077 0.002447 0.005907 0.040709 0.000000 0.000005 0.051009 0.004513 0.008894 0.632378 0.010173 0.000000 0.144684 0.000000 0.000000 
0.138225 0.000000 0.000000 0.031410 0.000000 0.000000 0.006204 0.000000 0.014060 0.235685 0.002591 0.013924 0.342114 0.000000 0.082833 0.132953 0.000000 0.000000 
0.032128 0.000000 0.000000 0.009186 0.000000 0.015852 0.038684 0.000000 0.000001 0.174309 0.394859 0.000895 0.194558 0.000000 0.000000 0.139332 0.000000 0.000195 
0.230396 0.000000 0.000000 0.000955 0.000000 0.026274 0.423550 0.000000 0.008212 0.006206 0.005228 0.046696 0.089390 0.000000 0.090520 0.070992 0.000000 0.001581 
0.006261 0.004110 0.000000 0.002694 0.000000 0.036669 0.054351 0.000000 0.565204 0.002357 0.052138 0.000001 0.062823 0.139701 0.000000 0.071896 0.000000 0.001795 
0.018429 0.000000 0.008515 0.007452 0.000000 0.013466 0.015962 0.000000 0.091956 0.222435 0.426615 0.000002 0.176911 0.011319 0.000000 0.001270 0.004580 0.001087 
0.223849 0.022002 0.028418 0.051760 0.000000 0.000000 0.054110 0.000000 0.061172 0.173160 0.017244 0.019584 0.187863 0.000000 0.059211 0.101626 0.000000 0.000000 
0.170512 0.000000 0.000000 0.051870 0.000000 0.000000 0.107995 0.000000 0.013054 0.097091 0.049817 0.021798 0.369898 0.000000 0.052916 0.065050 0.000000 0.000000 
0.237565 0.000000 0.000000 0.036827 0.000000 0.000000 0.087161 0.000000 0.000011 0.168839 0.047300 0.012826 0.289387 0.013127 0.000001 0.101562 0.000000 0.005394 
0.001788 0.033198 0.000000 0.251223 0.455643 0.012795 0.025826 0.000000 0.000026 0.004971 0.001569 0.054022 0.115881 0.000000 0.000002 0.025399 0.015138 0.002518 
0.203703 0.000000 0.000000 0.038409 0.000000 0.000000 0.035282 0.000000 0.033505 0.242812 0.029204 0.008844 0.296407 0.000000 0.000001 0.109201 0.000000 0.002631 
0.001735 0.000000 0.012740 0.004948 0.000327 0.010617 0.039530 0.000000 0.260504 0.017635 0.139659 0.000371 0.210269 0.138905 0.000000 0.161887 0.000000 0.000874 
0.105297 0.028209 0.000000 0.048294 0.000000 0.000000 0.034017 0.000000 0.000014 0.191808 0.002010 0.000019 0.359163 0.000000 0.155882 0.075287 0.000000 0.000000 
0.172116 0.000000 0.000000 0.021882 0.000000 0.000000 0.029212 0.000000 0.000019 0.227836 0.022545 0.013918 0.332989 0.000000 0.064854 0.099576 0.013896 0.001157 
0.134272 0.000000 0.028181 0.012837 0.004311 0.000000 0.028211 0.000000 0.000017 0.185059 0.010279 0.029331 0.351945 0.021993 0.052837 0.140728 0.000000 0.000000 
0.004168 0.000000 0.000000 0.016728 0.000000 0.015462 0.000084 0.003663 0.848399 0.004075 0.044632 0.002677 0.053555 0.000000 0.000000 0.005863 0.000000 0.000695 
0.171887 0.000000 0.000000 0.052967 0.000000 0.012260 0.155217 0.000000 0.011669 0.178816 0.039966 0.042693 0.253884 0.000000 0.000001 0.065252 0.015389 0.000000 
0.157459 0.000000 0.024671 0.029778 0.000000 0.015370 0.291523 0.000000 0.000011 0.181240 0.035815 0.021446 0.184264 0.000000 0.018280 0.036707 0.000000 0.003438 
0.236030 0.000000 0.000000 0.036221 0.022964 0.000000 0.083928 0.022463 0.000021 0.171431 0.049298 0.011676 0.249722 0.000000 0.000002 0.114008 0.000000 0.002235 
0.144283 0.000000 0.000000 0.059469 0.000000 0.000000 0.064707 0.000000 0.017473 0.115103 0.016521 0.000291 0.334992 0.000000 0.074840 0.170741 0.000000 0.001579 
0.029920 0.000000 0.000000 0.010319 0.000000 0.041810 0.008427 0.000000 0.832752 0.000162 0.022716 0.001908 0.044956 0.000000 0.000000 0.006250 0.000000 0.000779 
0.019732 0.000000 0.000000 0.003986 0.000000 0.000000 0.001930 0.000000 0.003267 0.185423 0.090086 0.001575 0.224869 0.000000 0.000000 0.469133 0.000000 0.000000 
0.153954 0.000000 0.029886 0.061894 0.000000 0.022987 0.138266 0.000000 0.000013 0.167563 0.068013 0.013632 0.171223 0.000000 0.016504 0.156065 0.000000 0.000000 
0.088318 0.000000 0.000000 0.089242 0.000000 0.009710 0.024297 0.000000 0.000017 0.135418 0.045334 0.014924 0.524275 0.022833 0.000001 0.045631 0.000000 0.000000 
0.016380 0.000000 0.000000 0.011441 0.000000 0.019023 0.004285 0.004894 0.744012 0.005489 0.077989 0.000984 0.049637 0.039714 0.000000 0.025481 0.000000 0.000670 
0.168590 0.000000 0.000000 0.022406 0.004237 0.000000 0.049308 0.000000 0.027830 0.242768 0.065067 0.009605 0.288820 0.000000 0.044153 0.077215 0.000000 0.000000 
0.168143 0.000000 0.027091 0.114818 0.000000 0.022267 0.013595 0.000000 0.000019 0.114966 0.060147 0.009042 0.233382 0.016361 0.107633 0.112537 0.000000 0.000000 
0.111567 0.000000 0.015799 0.100646 0.000000 0.000000 0.101982 0.000000 0.000016 0.237645 0.042967 0.021096 0.316901 0.000000 0.035187 0.014638 0.000000 0.001557 
0.135660 0.000000 0.010143 0.048838 0.007590 0.014977 0.078755 0.000000 0.000009 0.122491 0.063596 0.006259 0.338779 0.000000 0.048140 0.123132 0.000000 0.001632 
0.002029 0.000000 0.014784 0.005586 0.000545 0.024496 0.086660 0.024162 0.203915 0.079206 0.180666 0.000001 0.174585 0.077714 0.007742 0.116454 0.000000 0.001453 
0.171745 0.025514 0.000000 0.011103 0.000000 0.035822 0.405485 0.000000 0.000019 0.031431 0.000297 0.037610 0.137923 0.000000 0.000002 0.103637 0.036113 0.003301 
0.228706 0.000000 0.008582 0.018511 0.000000 0.000000 0.074609 0.000000 0.010170 0.152371 0.000578 0.014515 0.351619 0.000000 0.000001 0.140338 0.000000 0.000000 
0.170005 0.000000 0.000000 0.050851 0.000000 0.000000 0.049479 0.000000 0.000019 0.172601 0.015454 0.025342 0.271952 0.061544 0.045758 0.136996 0.000000 0.000000 
0.004445 0.000000 0.000000 0.010215 0.001959 0.026537 0.000754 0.000000 0.694336 0.001354 0.000176 0.000007 0.062118 0.143433 0.013259 0.041405 0.000000 0.000000 
0.051031 0.000000 0.000000 0.570931 0.000000 0.000000 0.048797 0.000000 0.000025 0.034107 0.089182 0.000016 0.170985 0.000000 0.000002 0.034923 0.000000 0.000000 
0.000922 0.000000 0.140885 0.001221 0.789866 0.002862 0.000665 0.000000 0.000011 0.009197 0.000122 0.000032 0.025591 0.000000 0.024053 0.004576 0.000000 0.000000 
0.219324 0.000000 0.031395 0.016698 0.000000 0.000000 0.022329 0.000000 0.000021 0.150536 0.035660 0.018130 0.414174 0.000000 0.000002 0.091731 0.000000 0.000000 
0.093243 0.000000 0.000000 0.008343 0.000000 0.000000 0.035155 0.000000 0.001530 0.033902 0.000199 0.008243 0.640464 0.000000 0.000001 0.178921 0.000000 0.000000 
0.209248 0.000000 0.022244 0.045691 0.000000 0.000000 0.092645 0.000000 0.000018 0.187613 0.016699 0.002724 0.234408 0.022692 0.053843 0.110553 0.000000 0.001622 
0.321437 0.000000 0.000000 0.041031 0.000000 0.000000 0.171963 0.000000 0.006047 0.128567 0.020652 0.008759 0.212698 0.000000 0.038990 0.048805 0.000000 0.001051 
0.163718 0.000000 0.000000 0.048552 0.000000 0.000000 0.126931 0.000000 0.000011 0.174005 0.024292 0.038564 0.330967 0.000000 0.030839 0.047631 0.014490 0.000000 
0.184315 0.000000 0.019831 0.030103 0.000000 0.000000 0.053454 0.000000 0.027754 0.178956 0.004953 0.000031 0.335767 0.000000 0.089721 0.069863 0.000000 0.005252 
0.177735 0.031875 0.000000 0.066122 0.000000 0.000000 0.011255 0.000000 0.017053 0.142578 0.001696 0.007800 0.330280 0.000000 0.061457 0.145618 0.000000 0.006529 
0.159198 0.000000 0.000000 0.071565 0.009006 0.000000 0.077198 0.000000 0.000025 0.212878 0.041099 0.000070 0.370431 0.000000 0.000002 0.058528 0.000000 0.000000 
0.147799 0.009049 0.070054 0.033627 0.191600 0.008174 0.081895 0.000000 0.000011 0.180439 0.008108 0.029545 0.193647 0.000000 0.000001 0.045020 0.000000 0.001030 
0.260434 0.000000 0.010138 0.037421 0.001892 0.000000 0.084785 0.000000 0.017647 0.141289 0.031459 0.004948 0.172485 0.000000 0.054820 0.174324 0.000000 0.008358 
0.003392 0.000000 0.000000 0.028606 0.000000 0.010942 0.000388 0.000000 0.823984 0.004198 0.022318 0.005342 0.062147 0.000000 0.000000 0.037522 0.000000 0.001159 
0.072025 0.000000 0.000000 0.095952 0.036630 0.000000 0.081657 0.000000 0.000018 0.152583 0.070311 0.034620 0.141612 0.000000 0.134727 0.138295 0.039751 0.001819 
0.224369 0.000000 0.008347 0.047046 0.000000 0.000000 0.026928 0.000000 0.003842 0.182972 0.031491 0.008996 0.361674 0.000000 0.009928 0.094406 0.000000 0.000000 
0.208128 0.000000 0.015608 0.042962 0.000000 0.000000 0.045716 0.000000 0.000021 0.145262 0.003471 0.012173 0.297005 0.000000 0.012509 0.215562 0.000000 0.001582 
0.030863 0.000000 0.000000 0.024070 0.000000 0.000000 0.003305 0.000000 0.073494 0.002240 0.020768 0.007501 0.402240 0.096715 0.078596 0.260207 0.000000 0.000000 
0.009577 0.000000 0.000000 0.011603 0.000000 0.024817 0.000257 0.004974 0.805419 0.001756 0.081993 0.001601 0.044686 0.000000 0.000000 0.012492 0.000000 0.000827 
0.334201 0.000000 0.000000 0.020715 0.000000 0.092800 0.337132 0.034079 0.094879 0.000348 0.020965 0.018116 0.042151 0.000000 0.000000 0.002212 0.000000 0.002402 
0.188864 0.000000 0.000000 0.053453 0.000000 0.000000 0.007777 0.000000 0.012997 0.115814 0.000493 0.024962 0.452557 0.000000 0.000001 0.143082 0.000000 0.000000 
0.104622 0.000000 0.000000 0.041565 0.010433 0.000000 0.093224 0.000000 0.022095 0.138691 0.072509 0.015381 0.341752 0.007385 0.071444 0.080899 0.000000 0.000000 
0.013154 0.000000 0.007974 0.010716 0.000000 0.007394 0.006093 0.000000 0.645046 0.002619 0.043669 0.001246 0.093092 0.125141 0.011094 0.032337 0.000000 0.000425 
0.180956 0.026383 0.000000 0.050844 0.010517 0.014477 0.034348 0.000000 0.000015 0.200247 0.019462 0.015650 0.367781 0.000000 0.000001 0.079320 0.000000 0.000000 
0.208164 0.000000 0.000000 0.032579 0.000000 0.000000 0.023843 0.000000 0.000016 0.160196 0.019628 0.009399 0.365307 0.000000 0.034550 0.146318 0.000000 0.000000 
