-7754276.522523
0
0.027961 0.025873 0.019235 0.021250 0.008298 0.005578 0.004087 0.005735 0.010847 0.007407 0.001809 0.005978 0.005598 0.004836 0.012793 0.003922 0.009215 0.001367 0.007372 0.004919 0.001062 0.000812 0.001675 0.000000 0.061311 0.050859 0.042741 0.038590 0.008997 0.009852 0.009409 0.009600 0.022137 0.017399 0.008724 0.019201 0.007619 0.013183 0.034011 0.012045 0.003572 0.001863 0.005309 0.004057 0.000976 0.000883 0.004685 0.000518 0.035655 0.039598 0.029225 0.026683 0.005869 0.008813 0.007003 0.005634 0.010846 0.009748 0.000746 0.007724 0.007558 0.005340 0.013288 0.005217 0.002831 0.000568 0.001209 0.001555 0.000289 0.000000 0.000089 0.000000 0.027179 0.044102 0.020862 0.029807 0.000000 0.008870 0.003383 0.001281 0.000086 0.010403 0.000012 0.004702 0.004893 0.006518 0.009846 0.005728 0.002136 0.000785 0.002356 0.001863 0.000698 0.000994 0.002837 0.000000 
0.000151 0.001300 0.000308 0.009600 0.000343 0.000052 0.000000 0.000000 0.000000 0.002934 0.013586 0.004041 0.000000 0.000000 0.000000 0.001301 0.002934 0.004425 0.000800 0.002918 0.001212 0.003941 0.001333 0.016120 0.002242 0.000455 0.000338 0.014499 0.000000 0.000000 0.000000 0.000004 0.000001 0.000361 0.006280 0.002399 0.000000 0.000068 0.000118 0.000669 0.000043 0.001012 0.000000 0.000851 0.002032 0.001562 0.002808 0.018532 0.000934 0.002558 0.000000 0.010577 0.000173 0.000000 0.000000 0.000000 0.000373 0.016311 0.045002 0.019029 0.000000 0.000091 0.000000 0.000270 0.006973 0.013079 0.003475 0.011644 0.000000 0.002086 0.000000 0.003382 0.034903 0.008715 0.003658 0.262714 0.000000 0.000000 0.000000 0.000000 0.002467 0.016951 0.266625 0.034988 0.000105 0.000487 0.000263 0.002061 0.002592 0.008210 0.004134 0.007431 0.005607 0.009305 0.002037 0.069216 
0.001275 0.001194 0.000559 0.000759 0.003091 0.001195 0.000811 0.002554 0.003946 0.000963 0.007741 0.001555 0.000155 0.000573 0.000506 0.000113 0.000811 0.000609 0.000671 0.000652 0.000000 0.000097 0.000296 0.000088 0.001760 0.000872 0.000456 0.000652 0.004556 0.001300 0.001241 0.004533 0.009492 0.000142 0.011015 0.002812 0.000000 0.000477 0.000422 0.000356 0.000111 0.000433 0.000475 0.000522 0.000000 0.000111 0.000037 0.000483 0.001396 0.001242 0.000352 0.000968 0.001346 0.000925 0.000216 0.002353 0.006681 0.002483 0.007367 0.002507 0.000080 0.000242 0.000151 0.000173 0.000514 0.000159 0.000595 0.000161 0.000221 0.000085 0.000000 0.000089 0.024649 0.016028 0.005842 0.011804 0.150231 0.052661 0.019652 0.172719 0.215881 0.051649 0.067177 0.106344 0.000094 0.000297 0.000000 0.000214 0.000187 0.000753 0.000198 0.000374 0.000072 0.000116 0.000219 0.000059 
0.011697 0.004171 0.002423 0.000000 0.008058 0.007453 0.009468 0.006891 0.012560 0.010644 0.006384 0.012897 0.004787 0.006184 0.004916 0.002774 0.022471 0.022522 0.048681 0.026276 0.004692 0.005910 0.010579 0.006586 0.000000 0.000000 0.000000 0.000000 0.006604 0.006299 0.008634 0.008382 0.007083 0.009540 0.015324 0.011467 0.000922 0.004644 0.003896 0.006703 0.014615 0.040329 0.047300 0.034466 0.002831 0.009697 0.017175 0.023958 0.006782 0.003985 0.003912 0.000000 0.008727 0.014568 0.013292 0.011956 0.004190 0.000071 0.000385 0.009823 0.003261 0.005858 0.004280 0.003498 0.022703 0.024905 0.041119 0.027147 0.010873 0.017477 0.068784 0.020940 0.000000 0.000000 0.000000 0.000000 0.000000 0.003803 0.004966 0.003098 0.000234 0.000367 0.000548 0.002667 0.001438 0.003323 0.001679 0.003191 0.012074 0.023217 0.021887 0.017888 0.004047 0.008849 0.008740 0.010554 
0.000625 0.000230 0.000000 0.000200 0.000000 0.000190 0.000354 0.000223 0.000640 0.026796 0.000639 0.009249 0.001269 0.000706 0.001077 0.003212 0.000095 0.000012 0.000000 0.000776 0.000269 0.000397 0.000989 0.000339 0.001773 0.000284 0.000745 0.001245 0.000132 0.000320 0.001029 0.000441 0.072512 0.121257 0.033938 0.085274 0.000444 0.000893 0.000419 0.001521 0.000656 0.000097 0.000018 0.003273 0.000127 0.000461 0.000964 0.000927 0.000000 0.000000 0.000000 0.000000 0.000000 0.000000 0.000000 0.000000 0.000663 0.027332 0.000096 0.017042 0.000328 0.000224 0.000529 0.000687 0.000000 0.000000 0.000000 0.007976 0.000000 0.000000 0.000000 0.000350 0.001135 0.002448 0.000212 0.000000 0.000000 0.000876 0.000329 0.000000 0.094179 0.253941 0.114905 0.082146 0.001058 0.001481 0.000815 0.004426 0.001790 0.001253 0.001557 0.001991 0.000388 0.000983 0.000670 0.001155 
0.000000 0.000987 0.000000 0.002132 0.000299 0.000558 0.000042 0.000960 0.019158 0.013607 0.134176 0.010577 0.000481 0.003261 0.000052 0.002847 0.006793 0.006817 0.016303 0.003073 0.000031 0.000634 0.000232 0.000583 0.005141 0.012436 0.005924 0.041780 0.000000 0.000000 0.000000 0.000000 0.004775 0.006481 0.130554 0.005808 0.000000 0.001639 0.000000 0.000590 0.005321 0.006123 0.022741 0.005366 0.000227 0.003085 0.003322 0.004503 0.001020 0.003433 0.000838 0.012916 0.000273 0.001556 0.000000 0.000574 0.041693 0.065412 0.194965 0.040332 0.000096 0.002087 0.000225 0.001067 0.016767 0.012808 0.016539 0.009259 0.000000 0.000354 0.000000 0.001443 0.000000 0.002031 0.000246 0.002652 0.000000 0.000000 0.000000 0.000000 0.002657 0.000758 0.052187 0.001797 0.000369 0.000516 0.000000 0.000063 0.005198 0.006063 0.008783 0.003300 0.000000 0.000073 0.000229 0.000000 
0.450026 0.000002 0.015274 0.033655 0.172785 0.328258 
0.019483 0.799537 0.005160 0.001911 0.011691 0.162219 
0.011495 0.021471 0.001957 0.017506 0.014000 0.933572 
0.000275 0.013142 0.003525 0.000000 0.024416 0.958643 
0.017997 0.018811 0.009856 0.000000 0.001204 0.952132 
0.387103 0.098062 0.037986 0.354339 0.031465 0.091045 
0.016718 0.006844 0.004022 0.000000 0.015361 0.957054 
0.034615 0.023502 0.002224 0.000000 0.054868 0.884792 
0.021627 0.000003 0.012512 0.000000 0.000033 0.965824 
0.017831 0.000007 0.000019 0.000000 0.036189 0.945954 
0.022451 0.013015 0.002614 0.001923 0.019180 0.940817 
0.186761 0.000005 0.048302 0.281273 0.083790 0.399870 
0.014443 0.038645 0.795827 0.028002 0.112467 0.010615 
0.177148 0.000021 0.003397 0.299170 0.156729 0.363535 
0.098356 0.000022 0.017747 0.228185 0.210663 0.445028 
0.159916 0.000026 0.028996 0.270042 0.139555 0.401464 
0.039075 0.000013 0.045773 0.282697 0.134703 0.497739 
0.090479 0.000027 0.069789 0.317133 0.119433 0.403140 
0.084755 0.040582 0.025245 0.268955 0.133757 0.446707 
0.366651 0.032153 0.057359 0.195000 0.054304 0.294533 
0.189314 0.000018 0.064181 0.242951 0.191806 0.311730 
0.065928 0.008505 0.040680 0.499610 0.098464 0.286814 
0.258066 0.090519 0.026886 0.230042 0.097144 0.297344 
0.222598 0.000022 0.024774 0.303423 0.123539 0.325643 
0.000000 0.000000 0.980834 0.000001 0.019165 0.000000 
0.000000 0.019241 0.478643 0.303659 0.000001 0.198456 
0.250490 0.021548 0.295051 0.139419 0.000002 0.293489 
0.000000 0.000000 0.959700 0.002921 0.037378 0.000000 
0.000000 0.000000 0.961100 0.028538 0.010362 0.000000 
0.000000 0.000000 0.000344 0.999656 0.000000 0.000000 
0.409452 0.000000 0.079828 0.291255 0.100143 0.119322 
0.078299 0.000000 0.001598 0.140014 0.054399 0.725689 
0.000000 0.000000 0.000008 0.999992 0.000000 0.000000 
0.000000 0.000000 0.989463 0.003206 0.007330 0.000000 
0.000000 0.000000 0.956121 0.000001 0.043878 0.000000 
0.008084 0.937390 0.000815 0.003357 0.008938 0.041415 
0.064410 0.018753 0.007500 0.080513 0.061879 0.766946 
0.000000 0.000000 0.999998 0.000001 0.000001 0.000000 
0.037524 0.000000 0.041721 0.222964 0.028411 0.669380 
0.135453 0.000000 0.048797 0.269128 0.134978 0.411643 
0.000000 0.000000 0.969842 0.000002 0.030156 0.000000 
0.000000 0.038377 0.920314 0.000000 0.041309 0.000000 
0.000000 0.000000 0.936846 0.000001 0.063154 0.000000 
0.032630 0.000000 0.012247 0.028252 0.637475 0.289396 
0.028081 0.018619 0.000029 0.182186 0.031525 0.739560 
0.000000 0.000000 0.922926 0.000001 0.077072 0.000000 
0.000000 0.000000 0.999998 0.000001 0.000001 0.000000 
0.000000 0.000000 0.913192 0.058453 0.028355 0.000000 
0.037409 0.022118 0.831594 0.073256 0.035623 0.000000 
0.023847 0.020778 0.632921 0.040800 0.062486 0.219168 
0.000000 0.000000 0.986100 0.000000 0.013900 0.000000 
0.095721 0.007580 0.018176 0.680718 0.000000 0.197805 
0.164299 0.000000 0.068569 0.313999 0.000001 0.453133 
0.000000 0.000000 0.967674 0.032326 0.000001 0.000000 
0.000000 0.000000 0.960171 0.000001 0.039827 0.000000 
0.000000 0.000000 0.991042 0.000001 0.008958 0.000000 
0.000000 0.033998 0.928323 0.000001 0.037679 0.000000 
0.000000 0.000000 0.977487 0.000000 0.022513 0.000000 
0.000000 0.000000 0.838941 0.000000 0.039024 0.122035 
0.000000 0.000000 0.898218 0.000000 0.101782 0.000000 
0.015813 0.000000 0.579400 0.065820 0.113153 0.225814 
0.000000 0.000000 0.830637 0.000000 0.066318 0.103045 
0.000000 0.000000 0.985537 0.000000 0.014463 0.000000 
0.000000 0.067984 0.824569 0.022726 0.084720 0.000000 
0.089901 0.000000 0.274214 0.465316 0.066209 0.104360 
0.076223 0.000000 0.067978 0.592900 0.065324 0.197575 
0.000000 0.037177 0.868678 0.013194 0.080950 0.000000 
0.223161 0.000000 0.566909 0.062005 0.038546 0.109378 
0.000000 0.000000 0.999796 0.000000 0.000204 0.000000 
0.000000 0.000000 0.940062 0.000000 0.059938 0.000000 
0.000000 0.016709 0.953617 0.001764 0.027910 0.000000 
0.000000 0.851573 0.001709 0.095105 0.000023 0.051590 
0.000000 0.000000 0.978567 0.000000 0.021433 0.000000 
0.000000 0.000000 0.970281 0.000000 0.029719 0.000000 
0.000000 0.029879 0.837268 0.004323 0.128531 0.000000 
0.000000 0.000000 0.954514 0.000000 0.045486 0.000000 
0.000000 0.000000 0.858426 0.000000 0.053663 0.087910 
0.000000 0.000000 0.990381 0.000000 0.009619 0.000000 
0.000000 0.029259 0.855607 0.000000 0.115134 0.000000 
0.000000 0.033095 0.891679 0.000000 0.075226 0.000000 
0.000000 0.084831 0.838099 0.000000 0.077070 0.000000 
0.000000 0.000000 0.778304 0.000000 0.080656 0.141040 
0.000000 0.000000 0.968364 0.000000 0.031636 0.000000 
0.035270 0.000000 0.837322 0.011147 0.116261 0.000000 
0.000235 0.928091 0.002678 0.009507 0.000060 0.059429 
0.167864 0.046094 0.007922 0.103997 0.042019 0.632103 
0.126342 0.000034 0.019586 0.056319 0.011364 0.786356 
0.080842 0.023740 0.000000 0.030557 0.000070 0.864790 
0.027626 0.015736 0.007431 0.036342 0.027530 0.885336 
0.004288 0.827151 0.000000 0.034067 0.025329 0.109165 
0.087157 0.028368 0.019064 0.000023 0.019085 0.846304 
0.017904 0.000007 0.003964 0.000003 0.013133 0.964988 
0.053627 0.006685 0.000000 0.038523 0.035606 0.865559 
0.076111 0.093596 0.000195 0.000004 0.029142 0.800951 
0.025505 0.006264 0.000000 0.629594 0.003767 0.334871 
0.000015 0.821106 0.000653 0.032402 0.012969 0.132856 
0.093690 0.220585 0.000187 0.002823 0.070107 0.612609 
0.158032 0.061610 0.018012 0.000027 0.046859 0.715460 
0.118466 0.024865 0.005676 0.000017 0.027882 0.823094 
0.064927 0.000019 0.000000 0.063059 0.043266 0.828729 
0.324170 0.000038 0.490825 0.031488 0.000119 0.153361 
0.069407 0.029568 0.000000 0.028516 0.048014 0.824496 
0.002384 0.476949 0.000747 0.004417 0.044759 0.470743 
0.070323 0.000020 0.023867 0.062926 0.022351 0.820512 
0.049852 0.000021 0.004714 0.036703 0.062036 0.846675 
0.055247 0.002085 0.008562 0.000017 0.081371 0.852718 
0.018145 0.925733 0.000000 0.006059 0.009939 0.040125 
0.115094 0.011964 0.000000 0.122539 0.042192 0.708210 
0.049216 0.004201 0.000000 0.265183 0.057588 0.623812 
0.085529 0.000029 0.021802 0.026989 0.055734 0.809918 
0.084054 0.022117 0.005696 0.033020 0.014784 0.840330 
0.010215 0.912515 0.000000 0.043802 0.000005 0.033463 
0.004520 0.015591 0.000000 0.000001 0.040786 0.939103 
0.100346 0.019155 0.004553 0.097185 0.058236 0.720524 
0.103962 0.024766 0.000000 0.000009 0.033340 0.837922 
0.016312 0.883397 0.000000 0.008009 0.013034 0.079247 
0.070938 0.036500 0.008911 0.000014 0.031308 0.852329 
0.167614 0.024825 0.012114 0.068366 0.043314 0.683767 
0.162947 0.000024 0.000001 0.023760 0.050027 0.763242 
0.066677 0.020975 0.013135 0.057209 0.030809 0.811196 
0.008962 0.367500 0.001806 0.016140 0.075039 0.530553 
0.018892 0.000023 0.000000 0.547181 0.050320 0.383583 
0.043770 0.006772 0.000000 0.000009 0.032504 0.916945 
0.109060 0.000030 0.000000 0.000018 0.060642 0.830249 
0.001450 0.900738 0.003308 0.020839 0.011999 0.061667 
0.649831 0.021601 0.000000 0.000019 0.000088 0.328461 
0.000169 0.000570 0.936476 0.000011 0.033772 0.029003 
0.049766 0.000033 0.000000 0.000025 0.058649 0.891527 
0.013431 0.000010 0.000000 0.000005 0.002199 0.984355 
0.061824 0.001209 0.021070 0.085234 0.034233 0.796430 
0.047086 0.006640 0.000000 0.267436 0.012512 0.666325 
0.112083 0.000014 0.000000 0.084639 0.044554 0.758710 
0.045885 0.027126 0.000001 0.081634 0.060662 0.784692 
0.104904 0.012000 0.012475 0.074725 0.000116 0.795779 
0.091399 0.011872 0.014476 0.000020 0.026533 0.855700 
0.070487 0.000014 0.228497 0.077592 0.074598 0.548812 
0.043333 0.019583 0.003919 0.156671 0.029828 0.746665 
0.028004 0.904955 0.000816 0.005499 0.000032 0.060695 
0.200717 0.000027 0.037688 0.074522 0.088709 0.598337 
0.074321 0.006328 0.008730 0.000014 0.018337 0.892270 
0.057952 0.000022 0.000000 0.029642 0.041438 0.870945 
0.038434 0.166250 0.015117 0.000005 0.000049 0.780145 
0.018060 0.908908 0.000000 0.013515 0.010239 0.049278 
0.059987 0.108581 0.001513 0.738953 0.012482 0.078484 
0.077664 0.014847 0.000000 0.000013 0.008337 0.899139 
0.083119 0.034161 0.015383 0.052723 0.036560 0.778055 
0.009076 0.835828 0.000000 0.006248 0.026561 0.122287 
0.085630 0.010654 0.014184 0.046111 0.020136 0.823285 
0.054623 0.000019 0.000000 0.033509 0.033339 0.878510 
0.062140 0.002116 0.020622 0.024464 0.030542 0.860115 
0.021639 0.385805 0.000000 0.003491 0.050349 0.538717 
0.012332 0.001746 0.006563 0.140009 0.039708 0.799642 
0.041161 0.023783 0.006807 0.124713 0.036436 0.767099 
0.083215 0.000020 0.013148 0.056096 0.022430 0.825090 
0.000200 0.003970 0.000000 0.002024 0.021882 0.971924 
0.081417 0.000035 0.000000 0.000025 0.019950 0.898572 
0.101502 0.063586 0.572430 0.000015 0.095731 0.166735 
0.003480 0.914192 0.000000 0.002158 0.006841 0.073328 
0.000182 0.854733 0.000000 0.021500 0.024976 0.098609 
0.081547 0.005489 0.000000 0.000006 0.020072 0.892886 
0.088896 0.024954 0.005024 0.030588 0.023836 0.826701 
0.105610 0.000015 0.014131 0.019719 0.000075 0.860449 
0.084627 0.000034 0.000000 0.063170 0.036934 0.815234 
0.111569 0.027690 0.002689 0.000018 0.038615 0.819419 
0.131952 0.009963 0.013870 0.000013 0.039434 0.804767 
0.106226 0.010868 0.022616 0.000027 0.202332 0.657931 
0.115469 0.000017 0.006650 0.008027 0.045118 0.824719 
0.109527 0.000024 0.010559 0.005496 0.017598 0.856797 
0.001254 0.864591 0.000000 0.025203 0.013356 0.095596 
0.052974 0.029230 0.000000 0.000026 0.045052 0.872717 
0.125714 0.000023 0.005745 0.000015 0.047032 0.821471 
0.035328 0.006339 0.000000 0.381139 0.059777 0.517418 
0.125401 0.000038 0.748255 0.076707 0.010539 0.039059 
0.022483 0.000000 0.024332 0.009170 0.025441 0.918574 
0.074917 0.008234 0.039531 0.414276 0.082730 0.380312 
0.074703 0.008454 0.039787 0.415524 0.082634 0.378896 
0.215673 0.000000 0.079955 0.294183 0.029094 0.381094 
0.484379 0.074492 0.077576 0.343252 0.000195 0.020105 
0.097536 0.000000 0.026504 0.154433 0.658318 0.063209 
0.097804 0.021732 0.011579 0.128505 0.670012 0.070367 
0.131357 0.074692 0.021452 0.004585 0.099308 0.668606 
0.105048 0.011882 0.005768 0.390513 0.031757 0.455032 
0.007126 0.000000 0.000042 0.001481 0.000066 0.991286 
0.000116 0.000000 0.004866 0.003769 0.004233 0.987016 
0.119424 0.022937 0.007829 0.086871 0.657663 0.105277 
0.071899 0.000000 0.044366 0.475165 0.094622 0.313948 
0.210345 0.063231 0.059378 0.414593 0.000976 0.251475 
0.170511 0.077353 0.452831 0.120015 0.027431 0.151860 
0.108221 0.002333 0.038759 0.453264 0.094065 0.303358 
0.090342 0.000000 0.037350 0.862629 0.000072 0.009607 
0.134320 0.000000 0.036976 0.394244 0.089176 0.345284 
0.040255 0.000000 0.063698 0.870289 0.000231 0.025527 
0.066439 0.000000 0.000080 0.920939 0.008219 0.004324 
0.046007 0.000000 0.037097 0.637632 0.036284 0.242979 
0.044058 0.000000 0.014746 0.902002 0.008473 0.030721 
0.088680 0.000000 0.020941 0.865945 0.000274 0.024160 
0.023565 0.000000 0.031577 0.927107 0.000199 0.017552 
0.108807 0.000000 0.036679 0.384502 0.099688 0.370325 
0.072536 0.004204 0.033577 0.409069 0.080586 0.400028 
0.089015 0.006193 0.042384 0.432983 0.084971 0.344452 
0.101642 0.000000 0.001563 0.413794 0.281603 0.201397 
0.039407 0.000000 0.151188 0.341867 0.262601 0.204938 
0.020059 0.026745 0.004498 0.094122 0.040291 0.814286 
0.021443 0.023568 0.000006 0.081698 0.037538 0.835748 
0.128501 0.019460 0.042986 0.429353 0.060827 0.318874 
0.145474 0.001925 0.044077 0.347847 0.072366 0.388312 
0.108846 0.029282 0.044570 0.339590 0.063325 0.414386 
0.011257 0.024802 0.000011 0.044246 0.005862 0.913822 
0.015813 0.942766 0.000003 0.008719 0.002113 0.030587 
0.031129 0.029687 0.000004 0.019196 0.013814 0.906170 
0.069258 0.033460 0.000007 0.006521 0.027660 0.863095 
0.008440 0.017202 0.002092 0.009311 0.006875 0.956080 
0.000324 0.019595 0.011119 0.002019 0.003435 0.963508 
0.044378 0.006554 0.002956 0.042445 0.029221 0.874446 
0.055994 0.010624 0.000006 0.036572 0.016468 0.880336 
0.011394 0.032410 0.006578 0.012508 0.008664 0.928446 
0.020316 0.014377 0.004690 0.132970 0.014256 0.813392 
0.039299 0.011167 0.009859 0.021769 0.002847 0.915060 
0.099694 0.018996 0.008069 0.139839 0.054772 0.678631 
0.058254 0.007435 0.001883 0.019193 0.026030 0.887205 
0.035971 0.012006 0.000003 0.000296 0.005998 0.945726 
0.083227 0.012311 0.000001 0.068254 0.017209 0.818998 
0.042454 0.008919 0.000017 0.062751 0.017124 0.868736 
0.000174 0.928588 0.000001 0.049679 0.002719 0.018840 
0.132370 0.002303 0.025546 0.396813 0.043898 0.399070 
0.044803 0.017129 0.002889 0.017418 0.039139 0.878622 
0.180266 0.062983 0.185396 0.096360 0.076884 0.398110 
0.198504 0.065221 0.011242 0.000547 0.009325 0.715161 
0.081748 0.062604 0.000025 0.000618 0.026084 0.828922 
0.173382 0.048912 0.003759 0.119853 0.004603 0.649490 
0.254104 0.062040 0.000013 0.000708 0.001452 0.681683 
0.209335 0.027465 0.010133 0.083476 0.020793 0.648798 
0.221928 0.000404 0.051462 0.171811 0.079846 0.474549 
0.133972 0.055376 0.000016 0.007402 0.013019 0.790215 
0.177593 0.039142 0.233433 0.132332 0.084498 0.333001 
0.016063 0.000383 0.004352 0.213992 0.026852 0.738358 
0.155225 0.075996 0.079917 0.223844 0.118162 0.346856 
0.207855 0.052627 0.063109 0.130470 0.101522 0.444417 
0.073739 0.015975 0.000003 0.010087 0.036405 0.863791 
0.076833 0.018789 0.005734 0.031920 0.038268 0.828455 
0.018405 0.006425 0.000005 0.014815 0.029186 0.931163 
0.017415 0.000059 0.000005 0.140741 0.011653 0.830127 
0.209271 0.016227 0.038690 0.064645 0.288891 0.382277 
0.248202 0.000348 0.049221 0.176788 0.107421 0.418020 
0.188500 0.048059 0.009827 0.063032 0.056087 0.634495 
0.041002 0.000921 0.006406 0.443267 0.071295 0.437109 
0.046517 0.002469 0.005021 0.440432 0.077093 0.428468 
0.091414 0.017809 0.161447 0.175659 0.066099 0.487572 
0.066815 0.020959 0.004875 0.041954 0.035422 0.829975 
0.007097 0.866492 0.001944 0.083015 0.013926 0.027526 
0.076479 0.011863 0.000009 0.063197 0.049063 0.799390 
0.236798 0.083665 0.005265 0.030436 0.030611 0.613226 
0.049973 0.008045 0.003809 0.090556 0.062853 0.784763 
0.201539 0.053533 0.009637 0.042444 0.056507 0.636340 
0.159954 0.064096 0.011352 0.055378 0.037950 0.671270 
0.047969 0.026614 0.436488 0.078175 0.034070 0.376685 
0.336051 0.039890 0.111104 0.091627 0.082651 0.338678 
0.158688 0.070080 0.022517 0.079615 0.044037 0.625063 
0.274439 0.022097 0.067070 0.121022 0.107069 0.408303 
0.000139 0.721592 0.004169 0.035449 0.022978 0.215673 
0.279826 0.058582 0.044467 0.076965 0.209129 0.331031 
0.682945 0.016493 0.032212 0.209418 0.008607 0.050324 
0.012922 0.794047 0.003935 0.034332 0.000355 0.154410 
0.070525 0.015599 0.013626 0.011637 0.020279 0.868333 
0.065217 0.012493 0.013340 0.013963 0.021988 0.872999 
0.047690 0.010175 0.002524 0.056934 0.018101 0.864576 
0.056225 0.007951 0.001811 0.057378 0.014853 0.861782 
0.120880 0.001228 0.032102 0.280519 0.075982 0.489288 
0.118257 0.001108 0.030404 0.274024 0.083440 0.492766 
0.130312 0.000111 0.036197 0.265963 0.075190 0.492228 
0.096008 0.000110 0.037086 0.269676 0.076532 0.520588 
0.153428 0.008821 0.054344 0.174039 0.113702 0.495666 
0.002300 0.013916 0.000003 0.156396 0.023621 0.803764 
0.053631 0.001518 0.001615 0.061016 0.326498 0.555723 
0.043883 0.009913 0.013082 0.084839 0.032838 0.815445 
0.046532 0.013592 0.010120 0.043967 0.064838 0.820951 
0.057724 0.002558 0.015046 0.124409 0.025820 0.774443 
0.073964 0.006550 0.010591 0.092371 0.021522 0.795003 
0.030914 0.007937 0.003175 0.027093 0.024556 0.906324 
0.041150 0.007582 0.003244 0.227198 0.042984 0.677843 
0.047482 0.009503 0.006536 0.216070 0.033665 0.686743 
0.108973 0.003832 0.009353 0.072184 0.047692 0.757967 
0.188345 0.114889 0.052679 0.119738 0.060102 0.464246 
0.128815 0.066892 0.060520 0.222544 0.101384 0.419845 
0.002323 0.781005 0.000007 0.007494 0.000505 0.208666 
0.104782 0.004851 0.014027 0.254155 0.042406 0.579779 
0.145342 0.017649 0.104619 0.228974 0.050286 0.453131 
0.022496 0.013698 0.001238 0.005046 0.032214 0.925308 
0.059703 0.010365 0.048247 0.270983 0.132549 0.478154 
0.277621 0.046811 0.089127 0.178179 0.023389 0.384873 
0.048063 0.018548 0.005050 0.009042 0.029876 0.889421 
0.063882 0.009515 0.002883 0.102746 0.044382 0.776592 
0.301874 0.026120 0.090218 0.106022 0.065950 0.409817 
0.217726 0.039371 0.078393 0.154383 0.077735 0.432392 
0.146086 0.041418 0.055813 0.132289 0.130650 0.493744 
0.487918 0.164783 0.000019 0.017040 0.071202 0.259038 
0.073276 0.006950 0.007108 0.036156 0.131978 0.744531 
0.259715 0.011532 0.051606 0.180600 0.142751 0.353796 
0.215543 0.013558 0.028723 0.104663 0.282006 0.355506 
0.319192 0.085562 0.046134 0.133696 0.105492 0.309924 
0.041796 0.004097 0.002979 0.166777 0.013803 0.770548 
0.013431 0.172686 0.027595 0.006117 0.064317 0.715854 
0.019547 0.061900 0.043030 0.008469 0.100246 0.766808 
0.075964 0.130627 0.053644 0.000988 0.011068 0.727710 
0.014328 0.026129 0.011892 0.080593 0.024317 0.842740 
0.014847 0.000087 0.000006 0.013205 0.015519 0.956335 
0.102795 0.045474 0.082849 0.019442 0.016433 0.733007 
0.000114 0.755745 0.000297 0.028881 0.033237 0.181725 
0.082471 0.001748 0.008459 0.343208 0.006151 0.557963 
0.090060 0.000462 0.034899 0.012633 0.015922 0.846024 
0.007609 0.000138 0.000005 0.166697 0.008314 0.817237 
0.070606 0.007799 0.000004 0.050586 0.022049 0.848956 
0.008201 0.000082 0.000004 0.013293 0.016938 0.961483 
0.045690 0.004456 0.018518 0.063977 0.015842 0.851517 
0.070736 0.029957 0.000004 0.025536 0.024722 0.849044 
0.050454 0.015951 0.000036 0.096650 0.051467 0.785442 
0.023613 0.007733 0.008618 0.034616 0.038714 0.886705 
0.044487 0.009976 0.006764 0.003469 0.028569 0.906735 
0.030098 0.000093 0.001626 0.000195 0.043511 0.924477 
0.080364 0.003867 0.002314 0.004432 0.026392 0.882630 
0.081689 0.046218 0.015317 0.089384 0.008910 0.758481 
0.041688 0.009286 0.008175 0.003708 0.026639 0.910504 
0.029806 0.007976 0.000008 0.046824 0.039390 0.875997 
0.011362 0.005642 0.001892 0.044296 0.037938 0.898869 
0.021990 0.098782 0.004704 0.028616 0.084317 0.761591 
0.062396 0.024385 0.000005 0.025652 0.041733 0.845829 
0.007816 0.019363 0.002745 0.000294 0.014205 0.955578 
0.035093 0.024890 0.010067 0.021945 0.033815 0.874190 
0.590210 0.000235 0.033858 0.044779 0.085016 0.245903 
0.139452 0.087912 0.088757 0.129417 0.001641 0.552821 
0.062973 0.062166 0.001548 0.019126 0.029197 0.824991 
0.024217 0.007527 0.000006 0.094708 0.025608 0.847933 
0.020562 0.009596 0.007956 0.007350 0.019197 0.935340 
0.125527 0.019073 0.008869 0.088100 0.026746 0.731685 
0.058823 0.044605 0.000010 0.063375 0.070408 0.762779 
0.041294 0.167280 0.005026 0.004630 0.023889 0.757881 
0.030379 0.009583 0.000006 0.112347 0.019844 0.827841 
0.051741 0.021363 0.003950 0.078681 0.033556 0.810709 
0.027161 0.005652 0.001901 0.152811 0.023446 0.789029 
0.068996 0.021841 0.000029 0.018471 0.055808 0.834854 
0.050472 0.008174 0.006086 0.118856 0.029733 0.786679 
0.002017 0.876020 0.000001 0.017762 0.000089 0.104110 
0.026617 0.000704 0.010165 0.049028 0.048688 0.864798 
0.276303 0.000171 0.071114 0.169611 0.112159 0.370641 
0.035525 0.075930 0.042469 0.002369 0.157671 0.686037 
0.052153 0.018221 0.003093 0.002185 0.024190 0.900158 
0.067636 0.032959 0.000003 0.066039 0.019474 0.813889 
0.153514 0.041086 0.078260 0.044395 0.142995 0.539751 
0.027887 0.843995 0.000006 0.003827 0.035708 0.088577 
0.036320 0.015508 0.013368 0.005727 0.029942 0.899135 
0.055739 0.000089 0.004416 0.080549 0.038645 0.820563 
0.010464 0.009119 0.000739 0.000913 0.021163 0.957602 
0.066182 0.026608 0.008422 0.016619 0.030683 0.851487 
0.003169 0.910226 0.001212 0.000781 0.008354 0.076257 
0.139081 0.000263 0.024180 0.329666 0.030137 0.476673 
0.074230 0.012742 0.000003 0.179177 0.033561 0.700288 
0.043850 0.008295 0.000004 0.058819 0.036716 0.852316 
0.169723 0.000097 0.037341 0.272234 0.052751 0.467855 
0.208010 0.000241 0.140164 0.264192 0.038599 0.348794 
0.083165 0.007811 0.010227 0.047879 0.037310 0.813608 
0.050119 0.039473 0.000915 0.148771 0.058463 0.702261 
0.086618 0.011660 0.015730 0.003034 0.010669 0.872289 
0.064250 0.014935 0.003380 0.000706 0.032513 0.884216 
0.064899 0.026759 0.008377 0.132949 0.021416 0.745599 
0.021102 0.852518 0.000018 0.001260 0.000927 0.124175 
0.000153 0.837604 0.000002 0.016338 0.023172 0.122730 
0.014010 0.778012 0.000001 0.021439 0.000120 0.186418 
0.062972 0.010586 0.000011 0.013531 0.023139 0.889761 
0.071270 0.007616 0.002998 0.000324 0.025593 0.892199 
0.147387 0.001861 0.015212 0.007389 0.145268 0.682883 
0.081240 0.000065 0.000003 0.048626 0.102222 0.767843 
0.190346 0.077193 0.073018 0.002443 0.033452 0.623549 
0.000791 0.919041 0.001096 0.019191 0.001747 0.058133 
0.012701 0.888168 0.000001 0.002713 0.013018 0.083399 
0.184761 0.000280 0.014349 0.233091 0.051760 0.515759 
0.077269 0.000015 0.042102 0.301748 0.083174 0.495692 
0.075597 0.002974 0.033826 0.314493 0.100473 0.472637 
0.079452 0.000097 0.004500 0.072378 0.004703 0.838870 
0.256331 0.000219 0.065126 0.241415 0.060135 0.376773 
0.091086 0.004176 0.000004 0.148391 0.027229 0.729114 
0.122769 0.000103 0.014821 0.310668 0.024910 0.526730 
0.000154 0.783169 0.000264 0.014417 0.026729 0.175267 
0.101355 0.000057 0.003125 0.115958 0.040811 0.738693 
0.058396 0.012138 0.003834 0.002777 0.024376 0.898479 
0.024992 0.005063 0.000003 0.000079 0.015451 0.954411 
0.012337 0.854112 0.000001 0.045846 0.018276 0.069429 
0.011606 0.904948 0.002474 0.025932 0.007484 0.047556 
0.235975 0.000233 0.080044 0.337495 0.045655 0.300598 
0.244922 0.000271 0.008105 0.183943 0.081968 0.480791 
0.192007 0.000110 0.016380 0.004843 0.251183 0.535477 
0.109069 0.000227 0.008121 0.186354 0.127373 0.568855 
0.078514 0.007524 0.000007 0.000631 0.007316 0.906009 
0.049344 0.034809 0.003714 0.007991 0.023380 0.880762 
0.071695 0.008250 0.007079 0.012108 0.035847 0.865021 
0.011152 0.013160 0.003154 0.000249 0.019852 0.952432 
0.084963 0.015478 0.000007 0.096083 0.023809 0.779660 
0.008307 0.036038 0.000007 0.006089 0.011762 0.937797 
0.051767 0.027040 0.010007 0.001120 0.005296 0.904770 
0.015572 0.003782 0.000005 0.008156 0.042810 0.929675 
0.199517 0.021646 0.016887 0.165512 0.031404 0.565035 
0.101132 0.029935 0.003824 0.004761 0.002625 0.857722 
0.082382 0.010531 0.000008 0.019100 0.022526 0.865453 
0.068884 0.013374 0.005921 0.005415 0.049493 0.856913 
0.044734 0.013145 0.000005 0.005212 0.044408 0.892497 
0.064063 0.106628 0.016172 0.232437 0.107699 0.473000 
0.324604 0.012675 0.005085 0.127334 0.096764 0.433538 
0.054307 0.044976 0.007166 0.000541 0.030013 0.862997 
0.007818 0.036538 0.000005 0.015008 0.016214 0.924417 
0.000041 0.900107 0.000001 0.001458 0.014670 0.083722 
0.089014 0.022249 0.003199 0.014974 0.045456 0.825107 
0.082556 0.026459 0.001587 0.030083 0.063945 0.795370 
0.032909 0.013156 0.005256 0.016265 0.032496 0.899918 
0.012504 0.909049 0.002198 0.014277 0.007549 0.054424 
0.174105 0.019826 0.003390 0.175744 0.068649 0.558287 
0.101177 0.016864 0.011021 0.062058 0.021929 0.786952 
0.091370 0.003295 0.003324 0.019183 0.066232 0.816595 
0.013510 0.027778 0.000006 0.000376 0.012127 0.946204 
0.200851 0.012828 0.032647 0.198828 0.046803 0.508043 
0.105851 0.009057 0.001681 0.000160 0.063414 0.819837 
0.139784 0.000226 0.015131 0.229303 0.059504 0.556052 
0.046079 0.004728 0.006894 0.015021 0.017713 0.909565 
0.056203 0.008722 0.000985 0.028319 0.040772 0.864998 
0.050282 0.028347 0.002463 0.000215 0.047372 0.871320 
0.009755 0.000211 0.004124 0.022346 0.008192 0.955372 
0.003634 0.000262 0.005286 0.013771 0.001098 0.975949 
0.232906 0.000339 0.052721 0.274529 0.029027 0.410478 
0.238346 0.043717 0.085630 0.197413 0.083461 0.351433 
0.020060 0.008184 0.004209 0.076652 0.017498 0.873397 
0.044482 0.014628 0.007923 0.101007 0.020020 0.811941 
0.013362 0.005062 0.004452 0.005717 0.014168 0.957239 
0.035247 0.006487 0.005857 0.019320 0.028041 0.905049 
0.241027 0.000199 0.038522 0.242477 0.063497 0.414278 
0.021200 0.000088 0.004530 0.018495 0.045213 0.910474 
0.000102 0.779726 0.000438 0.078957 0.011885 0.128892 
0.048545 0.008930 0.009509 0.013504 0.043343 0.876169 
0.045147 0.017568 0.000005 0.000308 0.021817 0.915156 
0.034845 0.030600 0.000006 0.084532 0.015538 0.834478 
0.006149 0.021159 0.006723 0.464836 0.015645 0.485488 
0.929282 0.000000 0.009581 0.050220 0.000002 0.010915 
0.859024 0.000000 0.036953 0.045098 0.000005 0.058920 
0.001290 0.000000 0.001134 0.000071 0.695852 0.301654 
0.497322 0.000000 0.046400 0.184499 0.105885 0.165894 
0.051011 0.018171 0.014352 0.004293 0.028265 0.883909 
0.002423 0.000000 0.007157 0.003041 0.021462 0.965917 
0.002923 0.000000 0.007449 0.018484 0.019566 0.951579 
0.764375 0.000000 0.010160 0.063675 0.065989 0.095800 
0.383389 0.000000 0.106460 0.322140 0.000005 0.188007 
0.762847 0.000000 0.014148 0.064651 0.000003 0.158350 
0.515676 0.039543 0.070443 0.167409 0.066177 0.140751 
0.538501 0.000000 0.040414 0.342280 0.036997 0.041808 
0.406196 0.000000 0.147904 0.287076 0.000006 0.158817 
0.829347 0.000000 0.062889 0.000742 0.000004 0.107018 
0.582825 0.000000 0.076791 0.217815 0.061947 0.060622 
0.530120 0.000000 0.000044 0.194659 0.077667 0.197510 
0.579331 0.000000 0.034905 0.225915 0.000009 0.159840 
0.531339 0.000000 0.033498 0.275638 0.055739 0.103785 
0.852898 0.000000 0.042581 0.000105 0.000002 0.104413 
0.668458 0.000000 0.023940 0.079255 0.000006 0.228341 
0.555789 0.000000 0.050010 0.152867 0.137136 0.104199 
0.438181 0.000000 0.047691 0.349158 0.049930 0.115040 
0.819491 0.000000 0.036798 0.000188 0.000003 0.143520 
0.372046 0.023332 0.021946 0.168161 0.049520 0.364996 
0.368074 0.000000 0.012723 0.421906 0.062409 0.134888 
0.082258 0.000000 0.037167 0.410854 0.067976 0.401746 
0.128734 0.066989 0.048056 0.560545 0.090206 0.105471 
0.318153 0.000000 0.031279 0.368171 0.046449 0.235948 
0.261396 0.000000 0.027520 0.312364 0.054812 0.343908 
0.280073 0.000000 0.046529 0.176054 0.231966 0.265377 
0.505248 0.026818 0.035591 0.284420 0.089265 0.058658 
0.467046 0.000000 0.031826 0.281749 0.000002 0.219377 
0.330708 0.061916 0.043357 0.364443 0.065277 0.134300 
0.578598 0.000000 0.098417 0.211565 0.035705 0.075716 
0.461516 0.035953 0.050812 0.390008 0.000007 0.061705 
0.000056 0.000000 0.000779 0.000174 0.681468 0.317523 
0.569357 0.000000 0.109262 0.230693 0.000006 0.090683 
0.934311 0.000000 0.007537 0.030920 0.000003 0.027229 
0.882712 0.009364 0.010009 0.094537 0.000008 0.003370 
0.982814 0.000000 0.008505 0.000240 0.000002 0.008439 
0.969638 0.004217 0.007847 0.004111 0.000002 0.014185 
0.930640 0.000000 0.002860 0.059877 0.000003 0.006620 
0.842743 0.000000 0.029904 0.017389 0.000002 0.109962 
0.167358 0.000000 0.016251 0.024911 0.053352 0.738128 
0.286007 0.000000 0.013728 0.033173 0.049059 0.618033 
0.807323 0.018773 0.017199 0.117040 0.000007 0.039659 
0.747094 0.000000 0.034663 0.141991 0.000007 0.076245 
0.659643 0.022744 0.073787 0.101900 0.000004 0.141921 
0.021314 0.006797 0.005523 0.000743 0.645894 0.319729 
0.020158 0.005502 0.005266 0.000950 0.636552 0.331573 
0.052744 0.015704 0.000040 0.113297 0.007673 0.810542 
0.048593 0.016256 0.000041 0.130749 0.007833 0.796529 
0.076052 0.022404 0.000051 0.127639 0.011981 0.761873 
0.081941 0.019590 0.011865 0.044709 0.026929 0.814966 
0.062660 0.002825 0.007129 0.089293 0.048631 0.789463 
0.637088 0.000000 0.028642 0.317618 0.000003 0.016648 
0.535156 0.029487 0.016629 0.383379 0.000006 0.035342 
0.247287 0.000000 0.039091 0.390342 0.183187 0.140092 
0.511510 0.000000 0.029745 0.327528 0.000006 0.131211 
0.467968 0.000000 0.035806 0.444671 0.000008 0.051547 
0.284545 0.000000 0.024033 0.483416 0.040096 0.167910 
0.237876 0.000000 0.000107 0.686510 0.051395 0.024112 
0.371865 0.000000 0.012744 0.380335 0.155117 0.079939 
0.593660 0.000000 0.021624 0.378804 0.000001 0.005911 
0.780730 0.000006 0.143635 0.050086 0.000000 0.025543 
0.763751 0.000014 0.064149 0.122952 0.000000 0.049135 
0.548819 0.048725 0.117949 0.121022 0.045667 0.117817 
0.715616 0.006186 0.158583 0.066700 0.000000 0.052915 
0.605710 0.000008 0.271544 0.069159 0.000000 0.053580 
0.714102 0.015041 0.078315 0.065194 0.020006 0.107341 
0.836720 0.032813 0.040414 0.049322 0.000000 0.040731 
0.604561 0.014052 0.143300 0.140256 0.000000 0.097831 
0.773380 0.000009 0.073245 0.142986 0.000000 0.010381 
0.804051 0.000005 0.077225 0.025841 0.065261 0.027617 
0.111941 0.000009 0.064777 0.269279 0.085942 0.468051 
0.708251 0.027237 0.045576 0.133529 0.000000 0.085407 
0.746032 0.000006 0.085527 0.098904 0.000000 0.069530 
0.701383 0.000012 0.118825 0.134501 0.000000 0.045279 
0.764252 0.022999 0.140097 0.025811 0.000000 0.046842 
0.714346 0.019836 0.052501 0.082291 0.000000 0.131026 
0.721424 0.000011 0.053103 0.100280 0.000000 0.125181 
0.368585 0.000007 0.472137 0.067489 0.024212 0.067570 
0.054630 0.004648 0.033710 0.005536 0.050100 0.851377 
0.744916 0.000007 0.053869 0.132494 0.000000 0.068714 
0.741018 0.000008 0.137254 0.030171 0.000000 0.091550 
0.589925 0.000010 0.071554 0.164821 0.057761 0.115928 
0.818265 0.001186 0.113573 0.037857 0.000000 0.029118 
0.682470 0.000011 0.113643 0.065872 0.033594 0.104411 
0.580213 0.000012 0.305730 0.035485 0.000000 0.078560 
0.635250 0.015303 0.077929 0.200000 0.000000 0.071517 
0.442480 0.059082 0.314823 0.136961 0.000000 0.046654 
0.942807 0.000013 0.038830 0.001929 0.000000 0.016422 
0.885613 0.024211 0.043959 0.025468 0.000000 0.020749 
0.697330 0.043891 0.097250 0.038636 0.000000 0.122893 
0.814420 0.005599 0.054037 0.054060 0.000000 0.071884 
0.811829 0.013750 0.054679 0.022319 0.000000 0.097423 
0.766122 0.000007 0.050875 0.061169 0.000000 0.121827 
0.759124 0.000006 0.143897 0.047164 0.000000 0.049810 
0.858243 0.003330 0.077734 0.037566 0.000000 0.023126 
0.722173 0.024201 0.055684 0.085168 0.000000 0.112774 
0.819763 0.019592 0.058643 0.008653 0.000000 0.093350 
0.360984 0.000009 0.281368 0.093121 0.082393 0.182124 
0.795437 0.012068 0.094009 0.047947 0.000000 0.050539 
0.801608 0.000003 0.073337 0.042696 0.000000 0.082355 
0.797609 0.024575 0.059316 0.066779 0.000000 0.051721 
0.599078 0.000009 0.116247 0.091477 0.071618 0.121573 
0.725791 0.000010 0.117613 0.050281 0.031412 0.074894 
0.556279 0.007607 0.288338 0.012120 0.079320 0.056336 
0.626131 0.000006 0.178365 0.089310 0.041470 0.064716 
0.790355 0.000006 0.067889 0.059847 0.000000 0.081903 
0.759472 0.010252 0.079272 0.017059 0.022300 0.111645 
0.634317 0.021455 0.188712 0.053101 0.026775 0.075640 
0.736033 0.009984 0.088158 0.058590 0.000000 0.107235 
0.758347 0.010034 0.110529 0.041201 0.000000 0.079889 
0.552897 0.000010 0.267243 0.098332 0.000000 0.081517 
0.697254 0.000007 0.242920 0.009549 0.000000 0.050269 
0.778158 0.000043 0.071526 0.065792 0.000000 0.084481 
0.823105 0.017473 0.053401 0.055923 0.033243 0.016854 
0.834839 0.018096 0.073738 0.024993 0.000000 0.048334 
0.680948 0.007780 0.233286 0.025908 0.000000 0.052077 
0.775259 0.000005 0.041384 0.065699 0.040989 0.076663 
0.872116 0.000009 0.041610 0.028006 0.000000 0.058259 
0.720846 0.000007 0.104608 0.079523 0.000000 0.095017 
0.457213 0.007728 0.354143 0.038136 0.063727 0.079054 
0.663127 0.009499 0.160369 0.071196 0.033848 0.061962 
0.034086 0.000007 0.029553 0.006897 0.047649 0.881808 
0.704801 0.013233 0.099295 0.094024 0.000000 0.088647 
0.779983 0.020965 0.080329 0.004196 0.031845 0.082681 
0.776115 0.000988 0.072156 0.037367 0.000000 0.113374 
0.793537 0.038368 0.076531 0.049892 0.000000 0.041672 
0.438371 0.001717 0.414391 0.038917 0.048390 0.058215 
0.772460 0.000010 0.094342 0.042176 0.000000 0.091012 
0.681516 0.029982 0.018599 0.059511 0.043011 0.167381 
0.781868 0.000004 0.048372 0.080296 0.000000 0.089460 
0.618005 0.000010 0.127053 0.036370 0.079525 0.139037 
0.532173 0.013073 0.437230 0.010647 0.000000 0.006878 
0.060402 0.040491 0.727474 0.027898 0.075436 0.068298 
0.531675 0.022850 0.078934 0.160123 0.072497 0.133921 
0.709525 0.009486 0.081761 0.076358 0.000000 0.122870 
0.800809 0.004074 0.101958 0.038953 0.000000 0.054205 
0.386581 0.000011 0.366919 0.111319 0.000000 0.135171 
0.666308 0.000007 0.148676 0.105173 0.000000 0.079836 
0.781788 0.041874 0.055129 0.042196 0.000000 0.079013 
0.686240 0.000006 0.170277 0.064377 0.024220 0.054880 
0.545894 0.006074 0.428128 0.017279 0.000000 0.002625 
0.700959 0.023391 0.194042 0.035377 0.000000 0.046231 
0.640024 0.052330 0.232783 0.029462 0.000000 0.045401 
0.789637 0.000005 0.075402 0.080772 0.000000 0.054184 
0.715488 0.008430 0.141764 0.035528 0.000000 0.098790 
0.730708 0.032036 0.042368 0.110170 0.000000 0.084718 
0.573251 0.000007 0.104828 0.189681 0.045083 0.087149 
0.275357 0.013555 0.072401 0.263543 0.000000 0.375145 
0.772001 0.003986 0.091924 0.112927 0.000000 0.019162 
0.153746 0.007682 0.016130 0.054844 0.000000 0.767599 
0.794508 0.000011 0.062227 0.086479 0.031809 0.024966 
0.715482 0.014780 0.073849 0.158085 0.000000 0.037805 
0.062866 0.000001 0.001692 0.005941 0.918554 0.010946 
0.604580 0.000009 0.103794 0.138883 0.040810 0.111924 
0.524969 0.022938 0.193533 0.101235 0.044784 0.112540 
0.776784 0.000006 0.099786 0.032316 0.000000 0.091108 
0.583946 0.023694 0.140220 0.099082 0.000000 0.153058 
0.642016 0.025007 0.234270 0.029068 0.000000 0.069638 
0.639664 0.000008 0.163687 0.139401 0.000000 0.057240 
0.625819 0.000006 0.150746 0.141918 0.000000 0.081512 
0.693826 0.050188 0.086928 0.075752 0.000000 0.093305 
0.834801 0.010110 0.081485 0.034730 0.000000 0.038875 
0.587542 0.024430 0.158641 0.134313 0.036396 0.058678 
0.517708 0.025773 0.296480 0.094713 0.000000 0.065326 
0.764923 0.023057 0.045217 0.078954 0.000000 0.087849 
0.727884 0.026931 0.130098 0.042448 0.000000 0.072639 
0.499961 0.018052 0.175075 0.170166 0.000000 0.136745 
0.741393 0.000007 0.095189 0.045314 0.044863 0.073234 
0.613853 0.000007 0.147203 0.081233 0.046049 0.111656 
0.685159 0.022341 0.039581 0.118897 0.031292 0.102729 
0.727443 0.003551 0.081760 0.128377 0.000000 0.058869 
0.883374 0.000006 0.048511 0.017861 0.000000 0.050248 
0.428200 0.000004 0.378622 0.080648 0.039836 0.072689 
0.325850 0.024547 0.468993 0.079497 0.000000 0.101114 
0.567108 0.021779 0.156911 0.064037 0.050192 0.139972 
0.631328 0.000009 0.117020 0.106306 0.085544 0.059793 
0.876177 0.003844 0.077133 0.016683 0.000000 0.026162 
0.712648 0.000006 0.108917 0.094049 0.000000 0.084380 
0.671036 0.000008 0.080991 0.129922 0.000000 0.118043 
0.433082 0.029654 0.415566 0.028853 0.040529 0.052316 
0.499968 0.000011 0.241717 0.150882 0.033384 0.074039 
0.322414 0.040442 0.512444 0.042819 0.026330 0.055552 
0.603439 0.028981 0.138754 0.130861 0.000000 0.097964 
0.521549 0.000007 0.230813 0.085131 0.000000 0.162500 
0.282532 0.000009 0.572221 0.067261 0.000000 0.077977 
0.267556 0.033927 0.568614 0.048682 0.000000 0.081221 
0.657420 0.000008 0.279428 0.012929 0.000000 0.050215 
0.424565 0.000011 0.113189 0.169550 0.054298 0.238387 
0.657965 0.000011 0.125876 0.113472 0.000000 0.102675 
0.690682 0.038631 0.065105 0.079425 0.000000 0.126157 
