-7667135.969411
0
0.000443 0.001322 0.000409 0.008784 0.000520 0.000167 0.000000 0.000000 0.000000 0.002949 0.010731 0.004290 0.000000 0.000000 0.000000 0.001113 0.003483 0.004693 0.001561 0.003522 0.001200 0.003703 0.001341 0.014534 0.001881 0.000000 0.000000 0.011426 0.000000 0.000000 0.000000 0.000000 0.000000 0.000000 0.003539 0.002542 0.000000 0.000000 0.000000 0.000093 0.000000 0.000351 0.000000 0.000000 0.001972 0.000658 0.002120 0.009965 0.000949 0.002397 0.000000 0.008587 0.000275 0.000000 0.000000 0.000233 0.000000 0.015643 0.039920 0.019311 0.000000 0.000047 0.000000 0.000127 0.007717 0.013366 0.003959 0.012562 0.000655 0.001884 0.000000 0.001473 0.037021 0.008619 0.003803 0.275541 0.000000 0.000000 0.000000 0.000000 0.002130 0.016782 0.280775 0.035928 0.000081 0.000392 0.000255 0.001830 0.002875 0.008198 0.004558 0.007837 0.005983 0.009066 0.001981 0.067929 
0.000000 0.000895 0.000000 0.000000 0.000000 0.001314 0.000000 0.000695 0.002971 0.000698 0.000002 0.001473 0.000937 0.002980 0.001221 0.005623 0.000000 0.006423 0.000000 0.005043 0.005239 0.013839 0.006745 0.048419 0.000000 0.000000 0.000000 0.000000 0.000000 0.000000 0.000000 0.002887 0.003001 0.004282 0.000133 0.002033 0.001355 0.014261 0.008055 0.031094 0.008829 0.048685 0.034915 0.080401 0.005798 0.034241 0.033557 0.262172 0.001508 0.000000 0.000000 0.000000 0.000000 0.000000 0.000000 0.000638 0.000000 0.000000 0.000331 0.000511 0.000000 0.005024 0.001503 0.006679 0.000000 0.012676 0.006022 0.006079 0.000000 0.009947 0.000000 0.069924 0.000907 0.000000 0.000000 0.000815 0.000000 0.000609 0.000000 0.000000 0.003009 0.008415 0.001444 0.003956 0.001195 0.006092 0.001120 0.011226 0.000841 0.017823 0.003709 0.009093 0.003817 0.023567 0.012551 0.088749 
0.000502 0.000250 0.000000 0.000000 0.000980 0.000988 0.000500 0.001350 0.011441 0.005250 0.219414 0.003243 0.000000 0.000420 0.000000 0.001337 0.001217 0.001618 0.007239 0.000293 0.000000 0.000000 0.000000 0.000000 0.003972 0.007449 0.005765 0.009031 0.000000 0.000000 0.000000 0.000000 0.005083 0.001628 0.221950 0.002197 0.000000 0.000279 0.000000 0.000000 0.001605 0.001949 0.012001 0.001065 0.000000 0.001889 0.001966 0.000000 0.000930 0.000209 0.000926 0.000000 0.000482 0.002144 0.000000 0.000712 0.023527 0.029782 0.257885 0.019121 0.000000 0.000075 0.000000 0.000263 0.001451 0.001244 0.002022 0.000000 0.000000 0.000000 0.000000 0.000000 0.000000 0.000380 0.000510 0.000000 0.000000 0.000463 0.000000 0.000000 0.003049 0.003766 0.110503 0.000259 0.000118 0.000000 0.000000 0.000000 0.000937 0.001282 0.003913 0.000000 0.000000 0.000000 0.000178 0.000000 
0.028330 0.027828 0.021791 0.019209 0.005502 0.002912 0.000593 0.002957 0.003710 0.000000 0.000331 0.000136 0.006892 0.005519 0.014650 0.004646 0.006888 0.000000 0.000753 0.000188 0.000081 0.000000 0.000492 0.000000 0.085581 0.067838 0.057875 0.044906 0.007124 0.007997 0.005394 0.007382 0.016743 0.005072 0.004704 0.009102 0.010689 0.017258 0.047393 0.015503 0.002865 0.001206 0.001774 0.002054 0.000432 0.000207 0.003880 0.002827 0.038444 0.045212 0.034495 0.023177 0.003721 0.005967 0.005494 0.002517 0.007201 0.000000 0.001999 0.000011 0.009209 0.006157 0.016353 0.005765 0.001007 0.000000 0.000000 0.000909 0.000270 0.000000 0.000000 0.000000 0.037691 0.056552 0.028762 0.036975 0.000000 0.006624 0.001217 0.000000 0.000000 0.006633 0.000000 0.001293 0.006945 0.008059 0.013050 0.006256 0.001694 0.000000 0.000000 0.000000 0.000000 0.000000 0.001124 0.000000 
0.000632 0.000222 0.000000 0.000000 0.000000 0.000000 0.000000 0.000000 0.024759 0.085451 0.006322 0.057480 0.000000 0.000000 0.000255 0.000101 0.000479 0.000000 0.000000 0.000185 0.000000 0.000000 0.000000 0.000000 0.000000 0.000261 0.000000 0.000000 0.000054 0.000564 0.000000 0.000273 0.058382 0.187639 0.023611 0.131564 0.000264 0.000000 0.000052 0.000385 0.000000 0.000000 0.000000 0.000000 0.000000 0.000000 0.000000 0.000107 0.000184 0.000490 0.000000 0.000000 0.000000 0.000000 0.000000 0.000000 0.044114 0.169838 0.014347 0.101099 0.000000 0.000127 0.000000 0.000000 0.000000 0.000000 0.000000 0.000418 0.000000 0.000000 0.000000 0.000000 0.001301 0.000365 0.000000 0.000244 0.000000 0.000000 0.000000 0.000000 0.010119 0.045686 0.000000 0.032290 0.000000 0.000000 0.000041 0.000000 0.000000 0.000151 0.000000 0.000000 0.000000 0.000000 0.000140 0.000000 
0.000000 0.000129 0.000000 0.000205 0.000000 0.000000 0.000000 0.000000 0.000000 0.021940 0.000838 0.005599 0.001423 0.000819 0.001037 0.003477 0.000000 0.000000 0.000000 0.000000 0.000000 0.000254 0.000852 0.000000 0.002520 0.000753 0.001116 0.002144 0.000000 0.000000 0.000000 0.000000 0.072716 0.113677 0.035089 0.080052 0.000522 0.000985 0.000641 0.001420 0.000715 0.000000 0.000000 0.003017 0.000000 0.000252 0.000729 0.000000 0.000000 0.000000 0.000000 0.000000 0.000000 0.000000 0.000000 0.000000 0.000000 0.019786 0.001310 0.012613 0.000367 0.000255 0.000573 0.000694 0.000000 0.000000 0.000000 0.008808 0.000000 0.000000 0.000000 0.000128 0.001206 0.002937 0.000363 0.000000 0.000000 0.000000 0.000000 0.000000 0.101046 0.271325 0.124011 0.085275 0.001198 0.001576 0.000921 0.004627 0.002054 0.001325 0.001631 0.001999 0.000000 0.000688 0.000000 0.000365 
0.029579 0.014296 0.009960 0.007577 0.017668 0.014904 0.019846 0.014666 0.024936 0.022590 0.027483 0.024510 0.002516 0.001156 0.009385 0.000100 0.013513 0.009117 0.030872 0.030414 0.007113 0.006066 0.011007 0.003263 0.000000 0.000000 0.000000 0.000000 0.016241 0.016617 0.025064 0.019766 0.028268 0.032195 0.045789 0.033401 0.000113 0.001715 0.003229 0.005926 0.004548 0.010235 0.014513 0.018747 0.003322 0.005911 0.011540 0.000000 0.020434 0.014448 0.012757 0.012079 0.014580 0.020508 0.019533 0.018489 0.000000 0.000000 0.000441 0.014234 0.003596 0.002825 0.006006 0.003706 0.000000 0.000000 0.000000 0.000000 0.004988 0.000000 0.000000 0.004168 0.002465 0.004310 0.001563 0.000000 0.000000 0.016105 0.013670 0.007026 0.000000 0.025694 0.012016 0.013452 0.000000 0.002571 0.002275 0.004946 0.000482 0.007134 0.011339 0.010857 0.007754 0.010638 0.014652 0.008583 
0.007809 0.000194 0.000000 0.000000 0.000000 0.000000 0.001233 0.000075 0.000243 0.000362 0.000098 0.000001 0.003950 0.000000 0.000000 0.000126 0.000000 0.016171 0.000074 0.000000 0.000000 0.000221 0.019949 0.000000 0.000000 0.000000 0.000000 0.000000 0.000103 0.000000 0.000000 0.000000 0.000001 0.000243 0.000101 0.000089 0.000000 0.000000 0.000000 0.000000 0.000000 0.098377 0.000000 0.000489 0.000000 0.000000 0.019628 0.000068 0.004477 0.000000 0.000000 0.000000 0.009663 0.017144 0.027386 0.013529 0.000220 0.000000 0.002457 0.000002 0.000602 0.000000 0.000000 0.000000 0.000000 0.009832 0.002844 0.000000 0.051407 0.100585 0.493077 0.066118 0.000741 0.000000 0.000000 0.000000 0.000000 0.000000 0.000000 0.000000 0.000344 0.000192 0.000378 0.000072 0.000000 0.000000 0.000000 0.000000 0.000000 0.026248 0.000218 0.000000 0.000000 0.000703 0.002155 0.000000 
0.000000 0.004245 0.000000 0.012110 0.000000 0.000205 0.000000 0.000999 0.028155 0.017457 0.055626 0.013636 0.000129 0.002893 0.000000 0.003369 0.001993 0.004915 0.004175 0.001214 0.000000 0.000942 0.000807 0.001205 0.010429 0.026779 0.005523 0.135224 0.000000 0.000000 0.000375 0.000000 0.001743 0.000000 0.035024 0.000651 0.000000 0.002478 0.000000 0.001523 0.000932 0.005518 0.005490 0.002178 0.000000 0.002039 0.001951 0.007979 0.003775 0.012731 0.001638 0.048723 0.000770 0.001311 0.000000 0.001259 0.063528 0.095846 0.203603 0.057231 0.000000 0.003025 0.000000 0.001914 0.008692 0.013135 0.007071 0.003653 0.000000 0.001091 0.000000 0.004407 0.000000 0.008941 0.000000 0.022644 0.000000 0.000000 0.000000 0.000256 0.006488 0.008512 0.000000 0.007055 0.000000 0.000598 0.000000 0.000484 0.001578 0.005396 0.003549 0.001062 0.000000 0.000000 0.000124 0.000000 
0.000339 0.000458 0.000087 0.000000 0.000557 0.001641 0.000538 0.001626 0.010351 0.008080 0.009878 0.006737 0.004936 0.012785 0.002017 0.006824 0.035617 0.029304 0.070823 0.020844 0.001308 0.002803 0.001860 0.001377 0.002193 0.005661 0.006939 0.000000 0.000655 0.000554 0.000646 0.001037 0.005670 0.006808 0.016814 0.006996 0.000892 0.005270 0.002051 0.001177 0.025321 0.025917 0.083493 0.028612 0.001748 0.007673 0.011068 0.000000 0.000000 0.001792 0.000762 0.000000 0.000622 0.004006 0.000000 0.001346 0.025813 0.035510 0.007938 0.025799 0.002509 0.008015 0.003124 0.002853 0.065796 0.048777 0.083271 0.053749 0.000000 0.002479 0.000000 0.001359 0.000000 0.000000 0.000000 0.000000 0.000000 0.000423 0.000458 0.001999 0.006860 0.005215 0.006380 0.005679 0.002472 0.003239 0.001046 0.000887 0.025886 0.026050 0.034619 0.021860 0.000356 0.001549 0.001517 0.000000 
0.001107 0.001146 0.000428 0.000781 0.002625 0.001038 0.000640 0.002317 0.003451 0.000972 0.002701 0.001273 0.000181 0.000617 0.000448 0.000131 0.000737 0.000543 0.000473 0.000485 0.000000 0.000044 0.000241 0.000000 0.001809 0.000714 0.000322 0.000131 0.004162 0.001104 0.001016 0.004012 0.009911 0.000805 0.005811 0.003312 0.000000 0.000449 0.000474 0.000319 0.000108 0.000294 0.000199 0.000407 0.000000 0.000000 0.000000 0.000000 0.001248 0.001122 0.000290 0.001028 0.001164 0.000722 0.000137 0.002046 0.006561 0.002156 0.002416 0.002180 0.000123 0.000259 0.000126 0.000147 0.000506 0.000120 0.000663 0.000239 0.000232 0.000115 0.000000 0.000092 0.025077 0.016959 0.005955 0.012148 0.153895 0.051740 0.018330 0.172536 0.227331 0.055823 0.066692 0.109886 0.000116 0.000313 0.000000 0.000194 0.000201 0.000693 0.000129 0.000317 0.000036 0.000056 0.000138 0.000000 
0.027624 0.000000 0.001083 0.327303 0.415541 0.000000 0.000000 0.008902 0.106650 0.086808 0.026090 
0.770750 0.012027 0.172584 0.022417 0.000003 0.015976 0.000000 0.000959 0.000006 0.000562 0.004717 
0.002337 0.026374 0.638515 0.010249 0.027855 0.000000 0.000000 0.001967 0.155161 0.135667 0.001874 
0.000003 0.020730 0.837875 0.016734 0.033231 0.000000 0.000000 0.000000 0.000013 0.089106 0.002307 
0.010810 0.000001 0.732002 0.021879 0.027145 0.000000 0.000000 0.000000 0.150592 0.050781 0.006791 
0.028382 0.117217 0.017799 0.266768 0.000009 0.000000 0.200294 0.000000 0.065904 0.259800 0.043826 
0.007098 0.000000 0.866058 0.028358 0.043505 0.000000 0.000000 0.000000 0.000006 0.051448 0.003526 
0.019203 0.000000 0.613186 0.031806 0.086291 0.006432 0.000000 0.000000 0.127772 0.113528 0.001782 
0.000002 0.011112 0.834979 0.028938 0.000003 0.000000 0.005710 0.000000 0.044554 0.065833 0.008870 
0.000005 0.000001 0.715538 0.016725 0.000005 0.031464 0.000000 0.000000 0.119284 0.116960 0.000018 
0.006851 0.001651 0.639327 0.022748 0.032528 0.000000 0.000000 0.000783 0.166887 0.127192 0.002032 
0.000004 0.000001 0.274208 0.105834 0.048828 0.000000 0.308162 0.001630 0.000011 0.209587 0.051735 
0.030446 0.016697 0.016424 0.015285 0.000009 0.116328 0.000000 0.008282 0.000023 0.008864 0.787641 
0.010156 0.025789 0.215187 0.080908 0.105505 0.042262 0.343740 0.003504 0.016837 0.150126 0.005985 
0.008168 0.006482 0.318663 0.051437 0.058256 0.112192 0.238286 0.005317 0.006430 0.174633 0.020137 
0.012658 0.002781 0.249965 0.082264 0.076654 0.044035 0.269928 0.003289 0.004631 0.222053 0.031742 
0.002251 0.024677 0.339464 0.021722 0.059032 0.054279 0.213629 0.002107 0.004194 0.236748 0.041896 
0.010536 0.018368 0.259410 0.035946 0.039370 0.042115 0.302954 0.002104 0.018806 0.217359 0.053033 
0.044388 0.014194 0.299791 0.030927 0.075821 0.038359 0.274852 0.004087 0.007402 0.187149 0.023030 
0.037462 0.002367 0.171473 0.232908 0.022947 0.023382 0.272122 0.011915 0.032301 0.141558 0.051564 
0.005320 0.010775 0.192156 0.097823 0.095219 0.079813 0.299820 0.015868 0.008384 0.135104 0.059719 
0.013497 0.032484 0.162145 0.029927 0.032163 0.030199 0.328072 0.015120 0.009439 0.309240 0.037713 
0.088036 0.003891 0.174027 0.142517 0.046187 0.035211 0.289772 0.015114 0.022633 0.154747 0.027865 
0.006483 0.011478 0.222198 0.104380 0.039656 0.047358 0.343391 0.007641 0.004629 0.185538 0.027248 
0.012555 0.000000 0.000000 0.000000 0.000000 0.014598 0.000000 0.000000 0.000000 0.000000 0.972847 
0.018509 0.013511 0.073212 0.000000 0.000000 0.000000 0.000000 0.000000 0.051310 0.365915 0.477543 
0.024098 0.000000 0.226209 0.144503 0.000000 0.000000 0.288880 0.000000 0.000000 0.058434 0.257876 
0.000000 0.000000 0.010636 0.000000 0.000000 0.032001 0.000000 0.002484 0.000000 0.000000 0.954879 
0.000000 0.000000 0.018283 0.000000 0.000000 0.000000 0.018126 0.003391 0.025186 0.000000 0.935014 
0.000000 0.000000 0.000000 0.000000 0.000000 0.000000 0.000000 0.998479 0.000000 0.000000 0.001521 
0.000000 0.012988 0.000000 0.193085 0.074044 0.000000 0.451153 0.003471 0.073473 0.102277 0.089507 
0.000000 0.000000 0.137099 0.039880 0.111273 0.000000 0.000000 0.000000 0.357422 0.352507 0.001819 
0.000000 0.000000 0.000000 0.000000 0.000000 0.000000 0.000000 0.999388 0.000000 0.000000 0.000612 
0.007382 0.000000 0.000000 0.000000 0.000000 0.000000 0.002711 0.000519 0.009002 0.000000 0.980387 
0.000000 0.016198 0.000000 0.000000 0.000000 0.039598 0.000000 0.000000 0.000000 0.000000 0.944204 
0.913430 0.006333 0.042267 0.010554 0.000000 0.011446 0.000000 0.000815 0.009643 0.004694 0.000818 
0.014924 0.000000 0.208334 0.035703 0.092480 0.018889 0.000000 0.004081 0.325760 0.291554 0.008276 
0.000000 0.000000 0.000000 0.000000 0.000000 0.000000 0.000000 0.000000 0.000000 0.000000 1.000000 
0.000000 0.030146 0.267939 0.020589 0.000000 0.021950 0.029175 0.005713 0.241646 0.345865 0.036976 
0.000000 0.004563 0.295320 0.062282 0.072023 0.000000 0.360476 0.019510 0.000000 0.113202 0.072622 
0.000000 0.000000 0.000000 0.000000 0.000000 0.026173 0.000000 0.000000 0.000000 0.000000 0.973826 
0.043348 0.000000 0.021665 0.000000 0.000000 0.035116 0.000000 0.000000 0.000000 0.000000 0.899872 
0.000000 0.008332 0.000000 0.000000 0.016457 0.032648 0.000000 0.000000 0.000000 0.000000 0.942563 
0.000000 0.000000 0.011073 0.000000 0.561000 0.247460 0.077111 0.007326 0.066679 0.000000 0.029350 
0.011703 0.000000 0.189416 0.014999 0.066296 0.000000 0.000000 0.001583 0.291438 0.424491 0.000073 
0.000000 0.000000 0.030491 0.000000 0.000000 0.059527 0.000000 0.000000 0.026502 0.000000 0.883480 
0.000000 0.000000 0.000000 0.000000 0.000000 0.000000 0.000000 0.000000 0.000000 0.000000 1.000000 
0.000000 0.000000 0.045119 0.000000 0.000000 0.000000 0.104698 0.000000 0.000000 0.000000 0.850183 
0.014489 0.041585 0.000000 0.000000 0.000000 0.000000 0.048888 0.000000 0.000000 0.036967 0.858071 
0.018415 0.000000 0.064005 0.000000 0.045133 0.000000 0.006709 0.002820 0.112679 0.092432 0.657807 
0.000000 0.000000 0.008925 0.000000 0.000000 0.000000 0.000000 0.000000 0.013040 0.000000 0.978034 
0.027250 0.000000 0.000000 0.096323 0.000000 0.000000 0.000000 0.001691 0.099665 0.758549 0.016522 
0.000000 0.020948 0.175850 0.103916 0.000000 0.000000 0.133448 0.009822 0.132665 0.366280 0.057072 
0.000000 0.008611 0.011338 0.000000 0.000000 0.000000 0.000000 0.014094 0.000000 0.000000 0.965956 
0.000000 0.000000 0.012538 0.000000 0.000000 0.000000 0.030590 0.000000 0.000000 0.000000 0.956872 
0.000000 0.000000 0.000000 0.000000 0.000000 0.000000 0.000000 0.000000 0.000000 0.000000 1.000000 
0.033701 0.000000 0.000000 0.000000 0.000000 0.027685 0.000000 0.000000 0.028356 0.000000 0.910258 
0.011661 0.000000 0.019031 0.000000 0.000000 0.010533 0.010586 0.000000 0.000000 0.000000 0.948190 
0.022381 0.002944 0.093556 0.000000 0.000000 0.044886 0.000000 0.000000 0.031359 0.000000 0.804875 
0.000000 0.000000 0.059461 0.000000 0.006418 0.078019 0.000000 0.000000 0.000000 0.000000 0.856101 
0.000000 0.012187 0.196173 0.000000 0.000000 0.099963 0.067582 0.000000 0.000000 0.069764 0.554331 
0.000000 0.013796 0.113532 0.000000 0.022079 0.032202 0.000000 0.000000 0.000000 0.000000 0.818390 
0.000000 0.000000 0.023779 0.000000 0.000000 0.008256 0.000000 0.000000 0.000000 0.000000 0.967964 
0.016266 0.000000 0.045235 0.000000 0.000000 0.095183 0.000000 0.000000 0.050124 0.000000 0.793191 
0.000000 0.028339 0.019070 0.033217 0.000000 0.000188 0.323051 0.008720 0.025754 0.292111 0.269549 
0.000000 0.015499 0.073910 0.030881 0.000000 0.000251 0.379126 0.017110 0.026783 0.388890 0.067549 
0.026391 0.004446 0.089631 0.000000 0.000000 0.066473 0.000000 0.000000 0.000000 0.000000 0.813058 
0.000000 0.000000 0.038258 0.148573 0.000000 0.029999 0.123058 0.005288 0.101192 0.000000 0.553634 
0.000000 0.000000 0.048906 0.000000 0.000000 0.000265 0.000000 0.000000 0.029168 0.000000 0.921660 
0.000000 0.000000 0.028751 0.000000 0.000000 0.045107 0.000000 0.000000 0.057203 0.000000 0.868940 
0.023200 0.000000 0.002947 0.000000 0.000000 0.026180 0.000000 0.001514 0.000000 0.000000 0.946158 
0.783688 0.093865 0.052304 0.000000 0.000000 0.000078 0.000000 0.018507 0.027391 0.019804 0.004364 
0.000000 0.000000 0.031997 0.000000 0.000000 0.014715 0.000000 0.000000 0.014020 0.000000 0.939268 
0.000000 0.000000 0.014866 0.000000 0.000000 0.020434 0.000000 0.000000 0.017880 0.000000 0.946820 
0.018544 0.000000 0.059949 0.000000 0.000000 0.123292 0.000000 0.002504 0.000000 0.000000 0.795710 
0.000000 0.005519 0.032808 0.000000 0.000000 0.037526 0.000000 0.000000 0.000000 0.000000 0.924147 
0.000000 0.000000 0.076619 0.000000 0.000000 0.053109 0.000000 0.000000 0.037969 0.000000 0.832303 
0.000000 0.000000 0.007558 0.000000 0.000000 0.004450 0.000000 0.000000 0.000000 0.000000 0.987992 
0.013826 0.005520 0.049135 0.000000 0.000000 0.109830 0.000000 0.000000 0.000000 0.000000 0.821690 
0.018156 0.000000 0.080019 0.000000 0.000000 0.063234 0.000000 0.000000 0.000000 0.000000 0.838591 
0.052860 0.000000 0.054748 0.000000 0.000000 0.075799 0.000000 0.000000 0.018431 0.000000 0.798162 
0.000000 0.023111 0.140071 0.000000 0.000000 0.079734 0.000000 0.000000 0.000000 0.000000 0.757084 
0.000000 0.002432 0.001029 0.000000 0.000000 0.028233 0.000000 0.000000 0.000000 0.000000 0.968305 
0.000000 0.000000 0.042528 0.000000 0.000000 0.114477 0.023252 0.002201 0.014911 0.000000 0.802631 
0.897189 0.020665 0.068650 0.000348 0.000099 0.000000 0.000000 0.001009 0.001606 0.007580 0.002853 
0.040656 0.013183 0.271575 0.128182 0.000528 0.038659 0.000000 0.002909 0.224664 0.274757 0.004887 
0.000001 0.000000 0.338792 0.092757 0.015490 0.000000 0.000000 0.000000 0.309990 0.224285 0.018684 
0.013992 0.004460 0.346707 0.053080 0.036561 0.000000 0.000000 0.000000 0.367041 0.178158 0.000000 
0.009906 0.000000 0.474460 0.020952 0.054413 0.000000 0.000000 0.003790 0.241186 0.189720 0.005573 
0.795182 0.023859 0.091742 0.007656 0.006341 0.021688 0.000000 0.001957 0.002791 0.048784 0.000000 
0.026791 0.000000 0.468313 0.038773 0.019749 0.000000 0.062664 0.000000 0.164051 0.219657 0.000001 
0.000000 0.010708 0.800357 0.017436 0.009605 0.000000 0.000000 0.000000 0.075658 0.083866 0.002370 
0.000001 0.000000 0.437332 0.009699 0.069207 0.000000 0.073594 0.000000 0.297170 0.112995 0.000001 
0.060409 0.000000 0.118869 0.004311 0.049006 0.000000 0.000000 0.000443 0.729717 0.037081 0.000164 
0.000000 0.040470 0.123634 0.044474 0.000082 0.000000 0.000000 0.003201 0.052474 0.735664 0.000000 
0.780256 0.027244 0.082864 0.000024 0.002308 0.013936 0.000000 0.003250 0.042526 0.046867 0.000725 
0.189371 0.000000 0.057994 0.006656 0.069500 0.036190 0.000000 0.001817 0.632564 0.005732 0.000176 
0.059537 0.000000 0.223803 0.096510 0.073303 0.000000 0.000000 0.000000 0.302012 0.218671 0.026163 
0.017893 0.000000 0.413602 0.086574 0.017880 0.017672 0.000000 0.000000 0.195742 0.250635 0.000001 
0.000001 0.000000 0.339418 0.042616 0.049901 0.014608 0.000000 0.007097 0.300301 0.246058 0.000000 
0.000001 0.007391 0.131234 0.272355 0.000314 0.000000 0.081564 0.003770 0.006623 0.029480 0.467268 
0.026392 0.000000 0.343344 0.044469 0.109136 0.000000 0.000000 0.006025 0.341913 0.128721 0.000000 
0.449899 0.000000 0.286095 0.000704 0.000010 0.049277 0.000000 0.001471 0.189199 0.022937 0.000407 
0.000001 0.000000 0.456375 0.060328 0.101217 0.000000 0.000000 0.000000 0.154270 0.200552 0.027257 
0.000001 0.009311 0.412260 0.034010 0.120226 0.000000 0.000000 0.001591 0.246528 0.169025 0.007049 
0.000001 0.004126 0.488655 0.026570 0.097946 0.019561 0.015196 0.000000 0.180978 0.153127 0.013841 
0.901529 0.013872 0.041000 0.017111 0.008862 0.004545 0.000000 0.001123 0.010778 0.001182 0.000000 
0.010605 0.011900 0.266743 0.075856 0.071276 0.000000 0.030545 0.000000 0.238632 0.294442 0.000000 
0.000000 0.017051 0.169927 0.038874 0.050747 0.028655 0.000000 0.005189 0.229199 0.460357 0.000000 
0.000001 0.000000 0.307392 0.048036 0.092831 0.000000 0.000000 0.002375 0.283151 0.241178 0.025035 
0.014344 0.000000 0.463477 0.066125 0.031915 0.000000 0.000000 0.002230 0.224489 0.193140 0.004280 
0.870910 0.042299 0.033466 0.012803 0.000605 0.000000 0.000000 0.001137 0.001019 0.037761 0.000000 
0.003934 0.000000 0.429833 0.002117 0.088270 0.000000 0.000000 0.000000 0.466895 0.008950 0.000000 
0.000001 0.022206 0.217402 0.064620 0.061406 0.027665 0.000000 0.000000 0.329195 0.271643 0.005862 
0.004744 0.008684 0.601511 0.090622 0.035502 0.014878 0.000000 0.000000 0.183593 0.060466 0.000000 
0.845568 0.015217 0.039542 0.012724 0.007149 0.009950 0.000000 0.001025 0.054013 0.014812 0.000000 
0.030045 0.000000 0.314977 0.031933 0.079246 0.000000 0.000000 0.000000 0.361553 0.174232 0.008014 
0.000001 0.029902 0.319150 0.132134 0.044020 0.020836 0.000000 0.000000 0.277602 0.162854 0.013501 
0.000001 0.000000 0.321522 0.116454 0.114267 0.000000 0.000000 0.001819 0.227632 0.212229 0.006075 
0.000000 0.016652 0.418349 0.054902 0.051114 0.000000 0.000000 0.002926 0.240373 0.201081 0.014601 
0.336679 0.010131 0.186236 0.000027 0.036165 0.053707 0.000000 0.002684 0.292624 0.080573 0.001174 
0.000001 0.040729 0.210490 0.032401 0.034825 0.000000 0.025157 0.006755 0.006484 0.643157 0.000001 
0.000000 0.004860 0.469336 0.025539 0.057636 0.000000 0.000000 0.000000 0.188094 0.254535 0.000000 
0.000001 0.000000 0.438852 0.077097 0.078452 0.014234 0.000000 0.000000 0.195508 0.195854 0.000001 
0.875360 0.019202 0.074257 0.001093 0.009753 0.000000 0.010694 0.000000 0.000805 0.005469 0.003368 
0.000001 0.000001 0.181845 0.584016 0.000611 0.000000 0.000000 0.000000 0.144353 0.089173 0.000000 
0.000000 0.005007 0.041688 0.000199 0.014403 0.000000 0.000000 0.000000 0.001281 0.006071 0.931351 
0.000001 0.000001 0.486502 0.035434 0.026912 0.038902 0.000000 0.000000 0.260481 0.151766 0.000001 
0.000000 0.002891 0.836071 0.013458 0.010273 0.000000 0.000000 0.000000 0.034892 0.102414 0.000000 
0.000001 0.000000 0.330727 0.047131 0.068704 0.000000 0.000000 0.003460 0.247036 0.281610 0.021330 
0.000001 0.005300 0.241727 0.055465 0.039799 0.000000 0.000000 0.001479 0.177543 0.478686 0.000000 
0.000000 0.000000 0.376016 0.091297 0.071465 0.007415 0.000000 0.000000 0.166300 0.287505 0.000001 
0.019784 0.000001 0.408770 0.035798 0.087157 0.000000 0.000000 0.011498 0.223510 0.199575 0.013907 
0.000001 0.006927 0.472773 0.096309 0.068715 0.000000 0.000000 0.015087 0.176425 0.153585 0.010178 
0.000001 0.000000 0.409166 0.061654 0.080282 0.000000 0.000000 0.000000 0.259475 0.176586 0.012835 
0.000000 0.010568 0.221568 0.056038 0.105180 0.000000 0.000000 0.001527 0.148901 0.209261 0.246957 
0.000001 0.000000 0.240072 0.032567 0.020131 0.012570 0.000000 0.016747 0.374773 0.299389 0.003750 
0.880304 0.006690 0.066647 0.029105 0.004838 0.000000 0.000000 0.001815 0.007437 0.002351 0.000812 
0.000001 0.000000 0.178382 0.116327 0.091384 0.033970 0.058906 0.001996 0.274709 0.201277 0.043046 
0.000000 0.007435 0.426351 0.047162 0.025241 0.000000 0.000000 0.000001 0.332554 0.155413 0.005844 
0.000001 0.000000 0.450300 0.045955 0.067317 0.000000 0.000000 0.002690 0.224573 0.209164 0.000001 
0.132098 0.000000 0.698686 0.030050 0.013631 0.000000 0.024181 0.000000 0.046293 0.046264 0.008796 
0.866219 0.024020 0.026910 0.013973 0.004610 0.009522 0.000000 0.001328 0.048224 0.005194 0.000000 
0.094612 0.105290 0.024892 0.059836 0.005765 0.000000 0.000000 0.004891 0.009673 0.693813 0.001228 
0.000001 0.015662 0.602675 0.072615 0.023851 0.000000 0.000000 0.000000 0.174115 0.111080 0.000000 
0.030179 0.008527 0.396898 0.058896 0.055917 0.000000 0.000000 0.000000 0.237460 0.195155 0.016969 
0.818368 0.004229 0.107470 0.010901 0.001178 0.028468 0.000000 0.000718 0.010176 0.018492 0.000000 
0.000001 0.011854 0.423125 0.036318 0.057073 0.000000 0.061481 0.000000 0.251458 0.147947 0.010744 
0.000001 0.000000 0.472039 0.037882 0.069425 0.000000 0.000000 0.003260 0.250362 0.167031 0.000001 
0.000001 0.004809 0.396043 0.042697 0.085407 0.000000 0.000000 0.004286 0.275245 0.172963 0.018549 
0.358445 0.001285 0.196021 0.004681 0.042478 0.026976 0.000000 0.001476 0.339005 0.029632 0.000000 
0.000000 0.000000 0.398087 0.016830 0.027383 0.016907 0.000000 0.000992 0.124872 0.409348 0.005578 
0.000001 0.029981 0.190795 0.028161 0.098573 0.000000 0.000000 0.004023 0.336622 0.304918 0.006927 
0.000001 0.000000 0.393335 0.061058 0.068733 0.000000 0.000000 0.006291 0.244558 0.212623 0.013402 
0.003045 0.000000 0.802946 0.003506 0.023669 0.006263 0.000000 0.000963 0.129880 0.029728 0.000000 
0.000001 0.000000 0.535161 0.055225 0.075733 0.000000 0.000000 0.000000 0.159202 0.174677 0.000001 
0.065270 0.000001 0.157166 0.099301 0.000279 0.099342 0.000000 0.000000 0.007862 0.024448 0.546332 
0.893012 0.000000 0.079299 0.007483 0.000093 0.009749 0.000000 0.000455 0.001287 0.008623 0.000000 
0.821501 0.021759 0.101762 0.005591 0.000075 0.025614 0.000000 0.000000 0.001548 0.022151 0.000000 
0.000000 0.002508 0.538277 0.064155 0.061044 0.000000 0.000000 0.000000 0.218091 0.115924 0.000000 
0.020672 0.000000 0.415805 0.062630 0.059164 0.000000 0.000000 0.009735 0.289749 0.137538 0.004707 
0.000000 0.000000 0.340703 0.060832 0.003812 0.000000 0.000000 0.002481 0.383622 0.201940 0.006609 
0.000001 0.000001 0.371296 0.062604 0.062249 0.000000 0.000000 0.000000 0.275431 0.228417 0.000001 
0.000001 0.026692 0.571816 0.097129 0.000423 0.035015 0.000000 0.000000 0.169728 0.099195 0.000002 
0.000001 0.000000 0.360854 0.059463 0.071042 0.000000 0.053679 0.000000 0.325091 0.115342 0.014528 
0.000001 0.000001 0.209390 0.060819 0.196185 0.095716 0.000000 0.000000 0.238799 0.162729 0.036360 
0.000000 0.000000 0.368937 0.081508 0.094095 0.000000 0.000000 0.001420 0.264509 0.181841 0.007689 
0.000001 0.000000 0.491993 0.080761 0.043817 0.000000 0.000000 0.002143 0.268346 0.104152 0.008788 
0.845597 0.012977 0.073098 0.006206 0.009896 0.005699 0.000000 0.001371 0.006667 0.038487 0.000000 
0.023821 0.000001 0.512048 0.038022 0.077795 0.000000 0.000000 0.000000 0.174210 0.174103 0.000001 
0.000001 0.011592 0.413202 0.090038 0.052346 0.016648 0.000000 0.000000 0.226680 0.182362 0.007133 
0.008799 0.000000 0.107574 0.026379 0.032179 0.031394 0.021484 0.000729 0.174652 0.596811 0.000000 
0.000001 0.013670 0.030066 0.057510 0.002012 0.000000 0.137776 0.003407 0.008531 0.029367 0.717660 
0.000000 0.008533 0.776028 0.008039 0.000000 0.000000 0.048493 0.000014 0.090337 0.041048 0.027508 
0.017036 0.001237 0.242104 0.031135 0.000000 0.000000 0.338573 0.006766 0.008429 0.314573 0.040146 
0.017407 0.001518 0.246189 0.032778 0.000000 0.000000 0.338290 0.006806 0.000000 0.316664 0.040346 
0.013939 0.008988 0.207365 0.092001 0.000000 0.000000 0.339404 0.006430 0.078028 0.188512 0.065332 
0.037366 0.110266 0.018606 0.321802 0.000000 0.000000 0.396214 0.000178 0.000000 0.049944 0.065623 
0.000000 0.031938 0.039297 0.065699 0.000000 0.636128 0.133699 0.022101 0.012091 0.036870 0.022178 
0.000001 0.037903 0.035383 0.062922 0.000000 0.655728 0.118388 0.024083 0.034185 0.023445 0.007963 
0.058940 0.000029 0.249775 0.058395 0.000000 0.095948 0.052592 0.001066 0.432472 0.033349 0.017434 
0.017347 0.006982 0.047265 0.034132 0.000000 0.000000 0.115552 0.000019 0.275409 0.497802 0.005492 
0.000000 0.000016 0.988166 0.000616 0.000000 0.000000 0.010875 0.000006 0.000000 0.000259 0.000061 
0.000000 0.002717 0.845587 0.000503 0.000000 0.000000 0.006193 0.000066 0.000000 0.143020 0.001914 
0.022598 0.014299 0.049366 0.048297 0.000000 0.630405 0.162921 0.000052 0.039287 0.032364 0.000411 
0.000000 0.022330 0.184346 0.031263 0.000000 0.000000 0.343088 0.004693 0.000000 0.363066 0.051213 
0.038461 0.118972 0.116654 0.122707 0.000000 0.000000 0.250280 0.037401 0.096701 0.171700 0.047124 
0.053855 0.044682 0.102333 0.119571 0.000000 0.000000 0.119732 0.010132 0.049164 0.048372 0.452159 
0.011802 0.017080 0.188817 0.051159 0.000000 0.000000 0.389280 0.012557 0.004580 0.282827 0.041898 
0.000000 0.100120 0.005092 0.082295 0.000000 0.000000 0.207182 0.532913 0.000000 0.045700 0.026698 
0.007943 0.013113 0.220082 0.062417 0.043145 0.000000 0.371421 0.011855 0.000000 0.232693 0.037330 
0.000000 0.042051 0.024450 0.036077 0.000000 0.000000 0.198142 0.528898 0.000000 0.122084 0.048297 
0.000000 0.032728 0.001607 0.067540 0.000000 0.000000 0.151795 0.739551 0.000000 0.006700 0.000078 
0.000000 0.022747 0.175655 0.026976 0.000000 0.000000 0.297835 0.207866 0.000000 0.235196 0.033724 
0.000000 0.000188 0.027610 0.029912 0.000000 0.000000 0.157972 0.747515 0.000000 0.022753 0.014050 
0.000000 0.029910 0.023851 0.089945 0.000000 0.000000 0.094098 0.732371 0.000000 0.005815 0.024010 
0.000000 0.009114 0.015625 0.021973 0.000000 0.000000 0.093379 0.793903 0.000000 0.039767 0.026239 
0.008722 0.020493 0.254045 0.046494 0.000000 0.000000 0.360823 0.008340 0.000000 0.259398 0.041685 
0.013611 0.009095 0.251805 0.022528 0.054155 0.000000 0.328911 0.009620 0.000000 0.277383 0.032892 
0.012151 0.018399 0.229803 0.034903 0.000000 0.000000 0.374410 0.012802 0.000000 0.272640 0.044893 
0.000000 0.077578 0.000872 0.052218 0.258356 0.098652 0.161933 0.028026 0.072354 0.248253 0.001759 
0.000000 0.157170 0.056597 0.014678 0.118438 0.158540 0.131273 0.022298 0.074984 0.098911 0.167110 
0.000000 0.045359 0.348453 0.014991 0.024198 0.022281 0.000002 0.000001 0.323416 0.216924 0.004375 
0.000000 0.030776 0.319943 0.015353 0.011444 0.025464 0.000002 0.000001 0.366265 0.230749 0.000004 
0.025326 0.018571 0.187239 0.046202 0.035172 0.000000 0.396662 0.005756 0.007941 0.235637 0.041495 
0.007987 0.000094 0.218817 0.066619 0.033649 0.000000 0.314618 0.019560 0.043320 0.252151 0.043185 
0.023864 0.022430 0.267727 0.034032 0.027570 0.000000 0.376672 0.008097 0.035524 0.171392 0.032693 
0.008148 0.012448 0.461263 0.007630 0.017297 0.000000 0.000001 0.001846 0.239768 0.251595 0.000003 
0.923653 0.004222 0.029923 0.014786 0.005296 0.000000 0.000001 0.000621 0.014220 0.007275 0.000002 
0.000000 0.024445 0.554655 0.026857 0.000442 0.003440 0.000001 0.004303 0.293966 0.091888 0.000003 
0.016719 0.013809 0.467236 0.047251 0.050562 0.000000 0.000002 0.001237 0.288575 0.114603 0.000006 
0.011492 0.000034 0.820828 0.010761 0.000517 0.000000 0.000001 0.004501 0.097780 0.054076 0.000008 
0.007422 0.012220 0.772529 0.000450 0.000370 0.000000 0.000001 0.001061 0.136816 0.060857 0.008275 
0.000000 0.035693 0.523505 0.041769 0.055996 0.000000 0.000002 0.000003 0.197662 0.142556 0.002815 
0.000000 0.028285 0.384431 0.035118 0.025989 0.000000 0.000002 0.003068 0.382238 0.140864 0.000004 
0.011419 0.016527 0.606237 0.006190 0.020012 0.000000 0.000001 0.004555 0.256384 0.074404 0.004271 
0.000000 0.039790 0.247193 0.009326 0.024433 0.000000 0.000001 0.018524 0.443989 0.212947 0.003797 
0.000000 0.034989 0.567622 0.030721 0.009756 0.000000 0.000001 0.001301 0.215519 0.133189 0.006901 
0.020301 0.000046 0.159737 0.063635 0.044879 0.028289 0.000001 0.001254 0.338484 0.336106 0.007269 
0.000000 0.012434 0.472025 0.044121 0.036746 0.000000 0.000002 0.001516 0.241580 0.191566 0.000010 
0.000000 0.019503 0.644414 0.031809 0.018389 0.000000 0.000002 0.000001 0.209240 0.076640 0.000002 
0.000000 0.032329 0.191601 0.019914 0.053490 0.000000 0.000000 0.001528 0.505822 0.195315 0.000001 
0.000000 0.022488 0.393300 0.019367 0.022105 0.000000 0.000002 0.003865 0.350105 0.188759 0.000009 
0.851353 0.080862 0.007828 0.000566 0.005894 0.000000 0.000000 0.003269 0.028719 0.021509 0.000001 
0.016510 0.009280 0.229782 0.031633 0.011086 0.000000 0.424763 0.000006 0.021310 0.245187 0.010443 
0.000000 0.017140 0.566050 0.024682 0.061904 0.000000 0.029666 0.000001 0.182319 0.114945 0.003293 
0.059021 0.000081 0.308868 0.091470 0.046946 0.000000 0.226645 0.006430 0.016570 0.056056 0.187912 
0.046882 0.000135 0.320704 0.141004 0.009152 0.000000 0.000004 0.000002 0.398406 0.073567 0.010144 
0.040105 0.009366 0.640963 0.082221 0.029413 0.000000 0.000005 0.000002 0.144627 0.053276 0.000023 
0.024920 0.031870 0.353854 0.162941 0.006530 0.000000 0.000004 0.000005 0.174861 0.242398 0.002617 
0.027407 0.015562 0.410111 0.226254 0.000668 0.000000 0.000003 0.000002 0.229541 0.090445 0.000007 
0.000001 0.030436 0.180616 0.148140 0.005134 0.014261 0.000005 0.000003 0.420514 0.189740 0.011151 
0.000001 0.018331 0.345837 0.118924 0.050385 0.000000 0.301281 0.006443 0.012535 0.096449 0.049813 
0.040931 0.000040 0.558108 0.119606 0.022342 0.000000 0.000002 0.003571 0.191900 0.063489 0.000012 
0.043493 0.003189 0.248450 0.095115 0.071976 0.000000 0.233259 0.013885 0.005610 0.060248 0.224776 
0.000000 0.018349 0.292955 0.012041 0.048185 0.000000 0.019833 0.001153 0.202415 0.401937 0.003132 
0.078972 0.013648 0.261430 0.063435 0.039723 0.000000 0.329796 0.006466 0.004667 0.108551 0.093312 
0.058465 0.020430 0.324445 0.102828 0.065976 0.000000 0.258233 0.007702 0.011060 0.080323 0.070537 
0.000000 0.003381 0.339081 0.041144 0.049497 0.009928 0.000001 0.001794 0.430468 0.124703 0.000002 
0.000000 0.018584 0.448585 0.045698 0.058818 0.000000 0.031001 0.001309 0.255086 0.135295 0.005623 
0.000000 0.005894 0.594138 0.009257 0.039735 0.000000 0.009462 0.000001 0.162731 0.178780 0.000003 
0.000000 0.011013 0.440165 0.023296 0.006919 0.000000 0.000001 0.000862 0.132426 0.385315 0.000003 
0.000001 0.016656 0.279188 0.138103 0.040334 0.247024 0.162985 0.005194 0.049874 0.025862 0.034778 
0.000001 0.001333 0.314181 0.164332 0.021729 0.058625 0.238805 0.025660 0.009285 0.118566 0.047485 
0.035800 0.010229 0.041771 0.070596 0.055614 0.034366 0.008017 0.002142 0.543397 0.188447 0.009620 
0.000000 0.007950 0.130638 0.050167 0.054156 0.032411 0.000000 0.003824 0.085220 0.628942 0.006692 
0.000000 0.008354 0.126103 0.057388 0.061427 0.033772 0.003253 0.003081 0.087926 0.612775 0.005920 
0.021944 0.000075 0.331253 0.044027 0.061917 0.000000 0.234273 0.000003 0.020912 0.134696 0.150901 
0.000000 0.020211 0.491056 0.045796 0.053672 0.000000 0.027027 0.004539 0.225986 0.126914 0.004799 
0.798453 0.091805 0.027941 0.008497 0.011664 0.003594 0.014564 0.004102 0.001177 0.035470 0.002733 
0.000000 0.005531 0.312108 0.042461 0.081208 0.000000 0.015824 0.000005 0.281918 0.260937 0.000008 
0.057260 0.010000 0.034559 0.081241 0.016451 0.037481 0.000001 0.003757 0.624941 0.131335 0.002974 
0.000000 0.007440 0.307965 0.021687 0.077562 0.018317 0.034273 0.000001 0.277163 0.251707 0.003886 
0.038538 0.008409 0.045270 0.067594 0.058968 0.032519 0.014706 0.001707 0.568375 0.154567 0.009347 
0.046706 0.011029 0.080994 0.048672 0.046163 0.017804 0.013529 0.003100 0.556648 0.164597 0.010757 
0.021204 0.004007 0.294142 0.004341 0.011500 0.000000 0.156485 0.002883 0.012293 0.080186 0.412960 
0.030737 0.022052 0.177256 0.195466 0.086123 0.000000 0.234125 0.000005 0.107547 0.033075 0.113615 
0.053258 0.024754 0.492414 0.114589 0.041822 0.000000 0.138379 0.009603 0.010744 0.088554 0.025884 
0.023637 0.015038 0.264166 0.137650 0.078199 0.000000 0.284426 0.003848 0.045888 0.073830 0.073318 
0.683541 0.018878 0.075145 0.000151 0.009709 0.017350 0.000000 0.005753 0.122460 0.062262 0.004751 
0.037613 0.026989 0.167021 0.170891 0.011258 0.190398 0.181256 0.005584 0.145151 0.023859 0.039980 
0.000000 0.151974 0.050832 0.596608 0.002083 0.000000 0.048319 0.015157 0.001509 0.096905 0.036614 
0.756556 0.034576 0.105984 0.006583 0.001577 0.000000 0.018958 0.005163 0.050175 0.020423 0.000005 
0.000000 0.010880 0.509921 0.057919 0.031052 0.000000 0.000001 0.004292 0.279640 0.092720 0.013575 
0.000000 0.010294 0.505012 0.053151 0.035380 0.000000 0.000001 0.005003 0.280793 0.097089 0.013278 
0.000000 0.034776 0.528400 0.043635 0.015279 0.000000 0.000001 0.004791 0.208665 0.162366 0.002087 
0.000000 0.031079 0.499658 0.049281 0.024670 0.000000 0.000001 0.005753 0.226554 0.161652 0.001353 
0.008213 0.000055 0.353528 0.055931 0.038500 0.000000 0.290421 0.011059 0.003183 0.204074 0.035037 
0.008076 0.000057 0.356350 0.055989 0.050590 0.000000 0.284420 0.009497 0.002922 0.198565 0.033534 
0.000000 0.000039 0.361314 0.057086 0.037720 0.000000 0.310943 0.015208 0.004875 0.179807 0.033008 
0.000000 0.000049 0.389019 0.037432 0.038789 0.000000 0.291155 0.017771 0.003646 0.189099 0.033039 
0.003899 0.037908 0.356064 0.089224 0.061018 0.041376 0.218172 0.005342 0.012608 0.119223 0.055167 
0.000000 0.023787 0.335830 0.011786 0.025591 0.000000 0.000000 0.001265 0.217916 0.383822 0.000002 
0.000000 0.017174 0.115778 0.023579 0.292393 0.153370 0.029291 0.003792 0.225297 0.136849 0.002477 
0.000000 0.023803 0.407480 0.026257 0.057110 0.000000 0.027469 0.003090 0.232977 0.209044 0.012770 
0.000000 0.012873 0.386277 0.019856 0.083275 0.019130 0.038659 0.001953 0.284359 0.145578 0.008040 
0.000000 0.014783 0.309936 0.030846 0.039085 0.000000 0.038997 0.003580 0.279288 0.269964 0.013521 
0.000000 0.024819 0.271860 0.028573 0.036813 0.000000 0.028472 0.010744 0.428576 0.161427 0.008715 
0.000000 0.005185 0.475751 0.022878 0.049856 0.000000 0.000001 0.002692 0.253098 0.188040 0.002500 
0.000000 0.055817 0.299131 0.043699 0.056050 0.010175 0.000001 0.027251 0.228850 0.275225 0.003802 
0.000000 0.047168 0.298494 0.048190 0.056709 0.000000 0.000001 0.025013 0.241625 0.274799 0.008000 
0.000000 0.002676 0.189035 0.061200 0.152551 0.000000 0.000001 0.001602 0.368688 0.214373 0.009875 
0.103456 0.024827 0.360594 0.097596 0.022407 0.000000 0.250857 0.006899 0.027392 0.051859 0.054113 
0.036614 0.055420 0.317699 0.077802 0.043092 0.000000 0.222455 0.010249 0.033085 0.132352 0.071231 
0.740127 0.011810 0.127790 0.001966 0.000191 0.000000 0.000001 0.003164 0.101853 0.013094 0.000005 
0.000000 0.018827 0.149586 0.066607 0.069138 0.002296 0.034399 0.002343 0.246409 0.395011 0.015384 
0.023228 0.000126 0.293859 0.041039 0.008883 0.000000 0.328375 0.003581 0.036650 0.172322 0.091936 
0.005882 0.000007 0.452022 0.008427 0.072157 0.000000 0.000000 0.001887 0.368767 0.090150 0.000700 
0.015420 0.017780 0.370485 0.008117 0.017771 0.070521 0.343221 0.020375 0.003439 0.097083 0.035788 
0.000001 0.043847 0.286343 0.157078 0.026088 0.000000 0.301464 0.000002 0.014550 0.091968 0.078660 
0.005101 0.005240 0.494591 0.022440 0.051513 0.000000 0.022640 0.000001 0.282564 0.111698 0.004213 
0.000000 0.019404 0.281096 0.027885 0.083078 0.000000 0.038962 0.005480 0.334516 0.206337 0.003242 
0.000001 0.044142 0.278462 0.175143 0.051695 0.000000 0.262229 0.000003 0.042941 0.046470 0.098913 
0.039091 0.019162 0.300792 0.096663 0.058046 0.000000 0.307397 0.005948 0.006318 0.088376 0.078207 
0.046938 0.002126 0.404895 0.062555 0.002587 0.085047 0.281877 0.000006 0.004920 0.057731 0.051318 
0.155891 0.000056 0.138939 0.372308 0.042088 0.054344 0.097979 0.006516 0.122076 0.009788 0.000013 
0.000000 0.005887 0.265714 0.034724 0.186999 0.027499 0.025086 0.003333 0.285728 0.153757 0.011272 
0.000000 0.052654 0.149881 0.138914 0.123672 0.000000 0.240971 0.009876 0.130728 0.070364 0.082939 
0.000000 0.029605 0.105171 0.096805 0.103163 0.199941 0.196787 0.001383 0.194519 0.044931 0.027695 
0.081960 0.017407 0.190814 0.197799 0.048464 0.057891 0.229457 0.007349 0.021398 0.106542 0.040919 
0.000000 0.060211 0.396747 0.027892 0.004930 0.000000 0.040325 0.000002 0.221368 0.248521 0.000004 
0.103027 0.014313 0.726635 0.003076 0.088003 0.000000 0.035201 0.000004 0.001083 0.004052 0.024606 
0.045319 0.023298 0.671694 0.003768 0.094666 0.000000 0.074788 0.000006 0.025428 0.010588 0.050446 
0.066963 0.000063 0.705435 0.058787 0.005873 0.000000 0.047904 0.000003 0.003360 0.061748 0.049864 
