-7687245.916841
0
0.000000 0.001191 0.000000 0.008960 0.000341 0.000000 0.000000 0.000000 0.000000 0.003169 0.010418 0.004514 0.000000 0.000000 0.000000 0.001187 0.002975 0.004411 0.000727 0.003178 0.001283 0.004104 0.001498 0.016351 0.001665 0.000000 0.000000 0.011533 0.000000 0.000000 0.000000 0.000000 0.000000 0.000833 0.003150 0.002887 0.000000 0.000000 0.000000 0.000628 0.000000 0.001069 0.000000 0.000964 0.002077 0.001501 0.002873 0.018173 0.000768 0.002145 0.000000 0.008670 0.000000 0.000000 0.000000 0.000000 0.000000 0.015393 0.038500 0.018988 0.000000 0.000059 0.000000 0.000228 0.006542 0.012693 0.003353 0.011818 0.000608 0.002188 0.000000 0.003397 0.036276 0.008402 0.003662 0.270165 0.000000 0.000000 0.000000 0.000000 0.002385 0.017123 0.274977 0.035751 0.000095 0.000473 0.000245 0.002134 0.002546 0.008252 0.004124 0.007651 0.005864 0.009608 0.002192 0.071063 
0.000498 0.000183 0.000000 0.000196 0.000000 0.000190 0.000362 0.000235 0.000000 0.023278 0.000057 0.006705 0.001352 0.000750 0.001090 0.003353 0.000145 0.000094 0.000000 0.000994 0.000305 0.000452 0.001068 0.000416 0.001723 0.000259 0.000660 0.001683 0.000000 0.000292 0.001057 0.000431 0.072375 0.116033 0.033982 0.081431 0.000419 0.000910 0.000322 0.001587 0.000701 0.000199 0.000109 0.003643 0.000154 0.000522 0.001083 0.001191 0.000000 0.000000 0.000000 0.000000 0.000000 0.000068 0.000000 0.000000 0.000000 0.022467 0.000000 0.013922 0.000342 0.000259 0.000541 0.000728 0.000000 0.000000 0.000000 0.008407 0.000000 0.000000 0.000000 0.000474 0.000940 0.002426 0.000000 0.000000 0.000000 0.000000 0.000000 0.000000 0.098065 0.265712 0.120451 0.083812 0.001091 0.001547 0.000834 0.004648 0.001874 0.001433 0.001713 0.002162 0.000427 0.001106 0.000736 0.001324 
0.000000 0.003059 0.000000 0.008221 0.000000 0.000000 0.000000 0.000000 0.017176 0.012586 0.059796 0.006269 0.000543 0.004641 0.000000 0.004321 0.003508 0.006371 0.004495 0.000000 0.000000 0.000293 0.000278 0.000380 0.013878 0.030413 0.010794 0.108033 0.000000 0.000000 0.000000 0.000000 0.000000 0.000000 0.040660 0.000000 0.000000 0.002867 0.000000 0.000748 0.002360 0.006322 0.009812 0.001441 0.000000 0.001784 0.001839 0.004307 0.003059 0.010775 0.001700 0.034456 0.000235 0.000901 0.000000 0.000350 0.058471 0.107946 0.219850 0.054747 0.000106 0.003511 0.000000 0.001696 0.022104 0.019246 0.013551 0.009104 0.000057 0.001493 0.001784 0.002862 0.000000 0.007745 0.000547 0.014832 0.000000 0.000000 0.000000 0.000190 0.008670 0.007774 0.003074 0.004774 0.000144 0.000664 0.000000 0.000133 0.004094 0.006749 0.004306 0.001104 0.000000 0.000000 0.000000 0.000000 
0.000492 0.000403 0.000000 0.000000 0.000000 0.000152 0.000000 0.000000 0.048062 0.088196 0.014475 0.072358 0.000000 0.000000 0.000271 0.000000 0.000647 0.000115 0.000445 0.000595 0.000000 0.000000 0.000000 0.000000 0.000000 0.000505 0.000182 0.000425 0.000082 0.000625 0.000000 0.000204 0.057629 0.148787 0.031041 0.115426 0.000149 0.000000 0.000000 0.000199 0.000000 0.000000 0.000344 0.000000 0.000000 0.000114 0.000000 0.000000 0.000329 0.000704 0.000163 0.000000 0.000000 0.000000 0.000000 0.000000 0.061786 0.144953 0.022821 0.108880 0.000000 0.000117 0.000000 0.000000 0.000000 0.000433 0.000000 0.000000 0.000000 0.000000 0.000000 0.000000 0.001393 0.000098 0.000000 0.000274 0.000000 0.000000 0.000000 0.000000 0.006197 0.039091 0.000000 0.030490 0.000000 0.000000 0.000000 0.000000 0.000000 0.000209 0.000079 0.000000 0.000000 0.000000 0.000059 0.000000 
0.037281 0.006564 0.002820 0.003383 0.016494 0.013907 0.028611 0.010012 0.000949 0.000519 0.000100 0.000001 0.003573 0.000000 0.004154 0.000082 0.000000 0.015553 0.000167 0.000283 0.007951 0.004164 0.025005 0.000533 0.000000 0.000000 0.000000 0.000000 0.013268 0.005314 0.018474 0.015147 0.000000 0.000204 0.000137 0.000113 0.000000 0.000000 0.000000 0.000000 0.000000 0.064076 0.000000 0.002313 0.000198 0.001331 0.020024 0.000029 0.019512 0.010650 0.006605 0.011912 0.024373 0.034829 0.046195 0.030827 0.000225 0.000001 0.001510 0.000037 0.002234 0.001616 0.000505 0.001226 0.000000 0.006366 0.001498 0.000000 0.035308 0.056415 0.262811 0.040823 0.000000 0.000000 0.000000 0.000000 0.000670 0.005818 0.013302 0.000106 0.000307 0.003053 0.000380 0.000293 0.000000 0.000000 0.000000 0.000740 0.000000 0.020412 0.000646 0.000000 0.006181 0.009699 0.014621 0.005561 
0.031244 0.028450 0.023403 0.019923 0.010625 0.006784 0.005571 0.007035 0.007256 0.000668 0.003114 0.001096 0.005960 0.004579 0.014854 0.003746 0.008518 0.000642 0.005591 0.005293 0.001311 0.000851 0.002186 0.000000 0.065212 0.053961 0.046130 0.041378 0.012102 0.013582 0.012516 0.012615 0.017087 0.003385 0.009156 0.009054 0.008127 0.013710 0.037250 0.013340 0.002773 0.001543 0.002778 0.003181 0.001151 0.000529 0.004769 0.000000 0.038242 0.041635 0.032339 0.025834 0.007190 0.010178 0.008871 0.007119 0.005937 0.000002 0.002092 0.000345 0.008345 0.005496 0.014999 0.005599 0.000746 0.000000 0.000000 0.000151 0.000717 0.000000 0.000000 0.000000 0.031119 0.046412 0.023208 0.032060 0.001295 0.012367 0.005456 0.002471 0.000000 0.003549 0.000000 0.001924 0.005164 0.007111 0.010989 0.006482 0.001182 0.000143 0.001250 0.001176 0.001228 0.001375 0.003662 0.000513 
0.001028 0.001623 0.000000 0.000000 0.002225 0.003541 0.000872 0.004171 0.011859 0.003885 0.003553 0.006128 0.004914 0.010889 0.003441 0.005771 0.035715 0.028764 0.076217 0.033239 0.002702 0.006461 0.004158 0.008536 0.000000 0.000000 0.000047 0.000000 0.001701 0.002485 0.002090 0.002893 0.006454 0.002497 0.012515 0.004056 0.001173 0.007043 0.004346 0.007782 0.024681 0.032126 0.080576 0.046546 0.003337 0.014454 0.016776 0.034410 0.000644 0.000482 0.001024 0.000000 0.001490 0.004992 0.000000 0.003024 0.006280 0.001790 0.000010 0.007979 0.002884 0.007818 0.004391 0.004407 0.048341 0.040094 0.067682 0.046552 0.000911 0.002621 0.000000 0.011808 0.000000 0.000000 0.000000 0.000000 0.000000 0.001563 0.000952 0.002629 0.003535 0.006290 0.000289 0.004774 0.002420 0.004366 0.001690 0.003516 0.021705 0.026683 0.035214 0.026367 0.002271 0.006816 0.004984 0.011031 
0.001068 0.001088 0.000443 0.000565 0.003000 0.001151 0.000863 0.002503 0.003414 0.001582 0.002507 0.001544 0.000213 0.000559 0.000525 0.000138 0.000570 0.000512 0.000402 0.000610 0.000000 0.000000 0.000346 0.000000 0.001503 0.000507 0.000203 0.000000 0.004549 0.001279 0.001248 0.004481 0.012021 0.003215 0.006355 0.005455 0.000054 0.000479 0.000388 0.000375 0.000070 0.000326 0.000130 0.000662 0.000000 0.000092 0.000000 0.000000 0.001136 0.000923 0.000249 0.000594 0.001326 0.000851 0.000190 0.002328 0.005837 0.001770 0.001320 0.002054 0.000102 0.000233 0.000161 0.000168 0.000000 0.000000 0.000287 0.000000 0.000295 0.000000 0.000000 0.000000 0.023461 0.015804 0.005550 0.009030 0.148258 0.053895 0.019923 0.171738 0.223359 0.063605 0.065616 0.110720 0.000117 0.000309 0.000029 0.000340 0.000129 0.000632 0.000111 0.000350 0.000000 0.000000 0.000206 0.000000 
0.000801 0.000201 0.000000 0.000000 0.001009 0.001162 0.000448 0.001846 0.011142 0.003195 0.239032 0.002276 0.000054 0.000145 0.000000 0.001050 0.002999 0.002557 0.013234 0.001488 0.000000 0.000112 0.000146 0.000000 0.001259 0.002002 0.004319 0.000000 0.000000 0.000000 0.000170 0.000000 0.005034 0.000000 0.246772 0.000786 0.000000 0.000000 0.000000 0.000000 0.003005 0.002469 0.018296 0.002298 0.000114 0.001824 0.002607 0.000027 0.001016 0.000000 0.000945 0.000000 0.000861 0.002789 0.000392 0.001243 0.017400 0.008687 0.229687 0.010858 0.000000 0.000000 0.000148 0.000162 0.000592 0.000055 0.005847 0.000339 0.000000 0.000000 0.000000 0.000000 0.000000 0.000000 0.000482 0.000000 0.000000 0.000373 0.000000 0.000160 0.001933 0.002308 0.128091 0.000001 0.000223 0.000032 0.000000 0.000000 0.001800 0.001831 0.006608 0.001011 0.000000 0.000000 0.000245 0.000000 
0.026476 0.000000 0.094771 0.436517 0.010895 0.348103 0.060220 0.022644 0.000374 
0.776376 0.014965 0.015226 0.000070 0.000930 0.024085 0.000003 0.004453 0.163892 
0.006880 0.000000 0.279691 0.044785 0.000000 0.002163 0.109844 0.001837 0.554799 
0.000001 0.000000 0.119395 0.052782 0.000000 0.000111 0.074845 0.000010 0.752856 
0.012777 0.000000 0.261165 0.043940 0.000000 0.020963 0.000006 0.006177 0.654972 
0.086298 0.000000 0.067302 0.068759 0.000000 0.340392 0.381739 0.041784 0.013727 
0.004129 0.000000 0.181785 0.056734 0.000000 0.021723 0.000002 0.003124 0.732503 
0.013232 0.014369 0.252907 0.099795 0.000000 0.028495 0.050576 0.000007 0.540619 
0.000001 0.000000 0.171059 0.018979 0.000000 0.030499 0.000004 0.008220 0.771238 
0.000001 0.044798 0.298901 0.000145 0.000000 0.011147 0.000009 0.000004 0.644995 
0.000001 0.000000 0.316369 0.048727 0.000000 0.016793 0.064901 0.001917 0.551292 
0.000001 0.020552 0.000832 0.123097 0.019734 0.229375 0.259261 0.053301 0.293846 
0.053141 0.000000 0.005680 0.033172 0.011776 0.016617 0.018701 0.847458 0.013455 
0.003877 0.049779 0.000000 0.213269 0.043120 0.209577 0.235121 0.007850 0.237406 
0.001910 0.122452 0.000000 0.136381 0.022691 0.134025 0.223617 0.021510 0.337414 
0.003045 0.044657 0.000000 0.174223 0.013830 0.181189 0.272275 0.036378 0.274403 
0.000573 0.051083 0.000000 0.146169 0.018691 0.069550 0.299865 0.054096 0.359973 
0.002612 0.043469 0.000000 0.126304 0.023781 0.143834 0.297117 0.072163 0.290722 
0.035381 0.036927 0.000000 0.172813 0.021885 0.122929 0.252667 0.032230 0.325168 
0.028502 0.027124 0.000000 0.087444 0.033805 0.386131 0.182554 0.055043 0.199398 
0.001117 0.086974 0.000000 0.188074 0.054176 0.206063 0.181748 0.071654 0.210194 
0.007616 0.035024 0.000000 0.131948 0.066473 0.112533 0.408526 0.045961 0.191920 
0.082469 0.037200 0.000000 0.133622 0.039381 0.274792 0.205751 0.030385 0.196401 
0.001414 0.059168 0.000000 0.123797 0.040374 0.249300 0.246674 0.029509 0.249764 
0.026432 0.000000 0.000001 0.000000 0.000000 0.000000 0.000000 0.959393 0.014174 
0.018976 0.000000 0.106964 0.000000 0.000000 0.000000 0.342162 0.474915 0.056983 
0.015988 0.000000 0.000001 0.000000 0.000000 0.296568 0.142281 0.286014 0.259148 
0.000000 0.000000 0.014684 0.000000 0.003251 0.000000 0.000000 0.982065 0.000000 
0.011694 0.000000 0.037201 0.000000 0.007212 0.000000 0.000000 0.928596 0.015296 
0.000000 0.000000 0.000000 0.000000 0.999827 0.000000 0.000000 0.000173 0.000000 
0.000000 0.047560 0.000001 0.153308 0.125056 0.386206 0.153748 0.082799 0.051321 
0.000000 0.000000 0.459756 0.141079 0.000000 0.023953 0.268442 0.001662 0.105107 
0.000000 0.000000 0.000000 0.000000 0.999957 0.000000 0.000000 0.000043 0.000000 
0.014503 0.000000 0.011781 0.000000 0.000823 0.000000 0.000000 0.972894 0.000000 
0.032426 0.000000 0.000001 0.000000 0.000000 0.000000 0.000000 0.967573 0.000000 
0.918434 0.008526 0.016343 0.000000 0.000839 0.013006 0.000000 0.000635 0.042216 
0.024950 0.000000 0.438314 0.137887 0.000000 0.022377 0.204783 0.011495 0.160194 
0.002911 0.000000 0.008180 0.000000 0.000000 0.000000 0.000000 0.988909 0.000000 
0.000000 0.000000 0.317785 0.048336 0.006739 0.024182 0.321472 0.042663 0.238822 
0.000000 0.050517 0.000001 0.160545 0.057962 0.157419 0.200085 0.060487 0.312984 
0.000000 0.000000 0.000004 0.000000 0.000000 0.041463 0.000000 0.958533 0.000000 
0.062381 0.000000 0.007919 0.000000 0.000000 0.000000 0.000000 0.929700 0.000000 
0.016137 0.000000 0.014136 0.000000 0.000000 0.000000 0.000000 0.969727 0.000000 
0.000000 0.281853 0.047149 0.593027 0.030671 0.000000 0.011200 0.036100 0.000000 
0.015199 0.000000 0.414612 0.098714 0.000000 0.008535 0.318664 0.000048 0.144228 
0.000000 0.000000 0.037808 0.000000 0.000000 0.000000 0.000000 0.931757 0.030435 
0.000000 0.000000 0.000001 0.000000 0.000000 0.000000 0.000000 0.999999 0.000000 
0.022425 0.000000 0.000001 0.000000 0.012476 0.000000 0.000000 0.892174 0.072924 
0.042283 0.000000 0.000001 0.000000 0.000000 0.036136 0.075307 0.846273 0.000000 
0.025774 0.000000 0.144899 0.048133 0.003386 0.009991 0.065967 0.652881 0.048968 
0.004954 0.000000 0.025757 0.000000 0.000000 0.000000 0.000000 0.969289 0.000000 
0.000000 0.000000 0.145259 0.000000 0.000000 0.092500 0.717777 0.016267 0.028197 
0.000000 0.000000 0.175653 0.073090 0.018052 0.152608 0.351942 0.059576 0.169080 
0.018326 0.000000 0.023251 0.000000 0.030793 0.000000 0.000000 0.927630 0.000000 
0.021527 0.000000 0.024117 0.000000 0.000000 0.000000 0.000000 0.954356 0.000000 
0.003795 0.000000 0.000002 0.000000 0.000000 0.000000 0.000000 0.996204 0.000000 
0.039814 0.000000 0.033691 0.000000 0.000000 0.000000 0.000000 0.926495 0.000000 
0.020154 0.000000 0.013073 0.000000 0.000002 0.000000 0.000000 0.952413 0.014359 
0.034352 0.000000 0.065401 0.000000 0.000002 0.000000 0.000000 0.825223 0.075023 
0.003276 0.000000 0.028536 0.000000 0.000001 0.000000 0.000000 0.922770 0.045418 
0.015888 0.000000 0.004293 0.053901 0.000004 0.032016 0.086030 0.612832 0.195038 
0.037417 0.000000 0.014855 0.000000 0.000006 0.000000 0.000000 0.839702 0.108020 
0.001774 0.000000 0.014266 0.000000 0.000002 0.000000 0.000000 0.970216 0.013742 
0.035658 0.000000 0.060419 0.000000 0.000004 0.000000 0.000000 0.860099 0.043820 
0.000547 0.000000 0.001651 0.113984 0.068470 0.114506 0.360137 0.285573 0.055132 
0.000270 0.000000 0.005619 0.134626 0.078396 0.115950 0.472215 0.081826 0.111097 
0.037547 0.000000 0.024536 0.000000 0.000001 0.000000 0.000000 0.857605 0.080310 
0.021418 0.000000 0.115293 0.000000 0.021304 0.208933 0.000000 0.584464 0.048588 
0.009016 0.000000 0.050479 0.000000 0.000002 0.000000 0.000000 0.905565 0.034939 
0.001208 0.000000 0.054200 0.000000 0.000002 0.027445 0.000000 0.889293 0.027853 
0.034517 0.000000 0.000549 0.000000 0.001925 0.000000 0.000000 0.958630 0.004379 
0.829231 0.000000 0.035257 0.000000 0.035956 0.000000 0.054369 0.003439 0.041748 
0.003925 0.000000 0.027028 0.000000 0.000001 0.000000 0.000000 0.941428 0.027618 
0.000425 0.000000 0.025624 0.000000 0.000001 0.000000 0.000000 0.961076 0.012875 
0.026994 0.000000 0.024340 0.000000 0.003438 0.000000 0.000000 0.891605 0.053622 
0.014624 0.000000 0.009259 0.000000 0.000002 0.000000 0.000000 0.945278 0.030837 
0.002768 0.000000 0.053561 0.000000 0.000002 0.000000 0.000000 0.878006 0.065663 
0.000503 0.000000 0.005814 0.000000 0.000004 0.000000 0.000000 0.987933 0.005746 
0.035179 0.000000 0.006089 0.000000 0.000002 0.000000 0.000000 0.904948 0.053782 
0.033000 0.000000 0.006218 0.000000 0.000001 0.000000 0.000000 0.878857 0.081923 
0.062355 0.000000 0.029002 0.000000 0.000004 0.000000 0.000000 0.855852 0.052787 
0.040426 0.000000 0.048645 0.000000 0.000004 0.000000 0.000000 0.796912 0.114012 
0.006879 0.000000 0.005866 0.000000 0.000000 0.000000 0.000000 0.986963 0.000292 
0.001117 0.000000 0.025850 0.000000 0.003270 0.031422 0.000000 0.893601 0.044740 
0.906405 0.000000 0.003824 0.000355 0.001315 0.008773 0.011067 0.000000 0.068262 
0.038060 0.029832 0.274195 0.057134 0.000000 0.129169 0.227653 0.000000 0.243957 
0.000001 0.000000 0.379678 0.056492 0.000000 0.093750 0.159191 0.013042 0.297846 
0.010561 0.000000 0.455531 0.070067 0.000000 0.049061 0.125187 0.000000 0.289594 
0.000001 0.000000 0.350980 0.089139 0.000000 0.020953 0.129021 0.000000 0.409906 
0.802510 0.023145 0.023013 0.004918 0.004037 0.011501 0.047543 0.000000 0.083332 
0.019001 0.000000 0.213897 0.070848 0.000000 0.068904 0.170628 0.012170 0.444552 
0.000000 0.000000 0.194559 0.027588 0.000000 0.015297 0.047689 0.001950 0.712916 
0.000001 0.000000 0.306045 0.148950 0.000000 0.043294 0.094521 0.000000 0.407189 
0.075611 0.000000 0.741694 0.072777 0.000000 0.007662 0.013027 0.000000 0.089228 
0.000000 0.000000 0.147000 0.013081 0.000000 0.027830 0.703021 0.000000 0.109068 
0.789860 0.015480 0.069993 0.000519 0.005597 0.000084 0.048155 0.000000 0.070311 
0.210674 0.021017 0.579576 0.122366 0.000000 0.013452 0.002225 0.000000 0.050689 
0.057443 0.000000 0.378219 0.104604 0.000000 0.101991 0.155114 0.020411 0.182218 
0.009791 0.000000 0.296255 0.052800 0.000000 0.087557 0.181152 0.000000 0.372445 
0.000001 0.000000 0.389466 0.096265 0.005802 0.034495 0.176723 0.000000 0.297249 
0.000001 0.000000 0.017118 0.005201 0.007784 0.328701 0.044561 0.466751 0.129884 
0.022966 0.000000 0.417356 0.145920 0.003614 0.039011 0.084481 0.000000 0.286652 
0.446486 0.051636 0.246980 0.000055 0.000000 0.003536 0.000130 0.000378 0.250798 
0.000001 0.000000 0.211855 0.154585 0.000000 0.073450 0.131837 0.019918 0.408355 
0.000000 0.000000 0.313448 0.168499 0.000000 0.032465 0.123118 0.006540 0.355930 
0.000001 0.000000 0.253314 0.150713 0.000000 0.032901 0.107387 0.021257 0.434427 
0.912412 0.000000 0.006686 0.011184 0.001598 0.022417 0.003649 0.000000 0.042053 
0.000001 0.000000 0.322541 0.112004 0.000000 0.082430 0.248476 0.000000 0.234548 
0.000000 0.028298 0.346089 0.086006 0.005277 0.026181 0.370547 0.000000 0.137602 
0.000001 0.000000 0.403789 0.117815 0.000000 0.042606 0.160771 0.024128 0.250891 
0.000001 0.000000 0.319573 0.066076 0.000000 0.074939 0.130856 0.000000 0.408555 
0.889154 0.000000 0.006085 0.000082 0.001427 0.017142 0.053176 0.000000 0.032934 
0.005478 0.000000 0.548515 0.114785 0.000000 0.001457 0.000071 0.000000 0.329693 
0.013294 0.026262 0.415141 0.097594 0.000000 0.059781 0.220139 0.000000 0.167789 
0.012118 0.009220 0.250229 0.065139 0.000000 0.097030 0.027684 0.000000 0.538579 
0.856302 0.009085 0.060366 0.006832 0.000891 0.013570 0.015697 0.000000 0.037257 
0.028917 0.000000 0.402241 0.135497 0.000000 0.034775 0.114916 0.005679 0.277975 
0.013001 0.000000 0.315958 0.091584 0.000000 0.143533 0.141375 0.019361 0.275188 
0.000001 0.000000 0.288074 0.165062 0.000000 0.120244 0.138784 0.004732 0.283103 
0.008157 0.000000 0.326526 0.078907 0.000000 0.052243 0.157769 0.013157 0.363240 
0.343874 0.052151 0.338995 0.051134 0.002989 0.001145 0.051038 0.001061 0.157613 
0.000001 0.019696 0.097372 0.057303 0.007703 0.026684 0.612911 0.000000 0.178329 
0.000000 0.000000 0.316837 0.087400 0.000000 0.019002 0.176161 0.000000 0.400600 
0.000001 0.000000 0.289477 0.116350 0.000000 0.075073 0.124856 0.008748 0.385493 
0.885900 0.000000 0.001393 0.011105 0.000000 0.013595 0.013777 0.000000 0.074231 
0.000001 0.000000 0.161236 0.017164 0.000000 0.602881 0.053296 0.000000 0.165422 
0.000001 0.000000 0.004702 0.011827 0.000000 0.000318 0.012946 0.930257 0.039950 
0.000001 0.032480 0.346274 0.062845 0.000000 0.028693 0.091544 0.000000 0.438163 
0.000000 0.000000 0.145416 0.029006 0.000000 0.009142 0.054254 0.000000 0.762181 
0.000001 0.000000 0.355379 0.102308 0.000000 0.042008 0.198907 0.021329 0.280069 
0.000001 0.000000 0.280469 0.073213 0.000000 0.046948 0.383969 0.000000 0.215400 
0.000000 0.000000 0.254153 0.119955 0.000000 0.088992 0.208160 0.000000 0.328740 
0.018973 0.000000 0.286890 0.136438 0.013945 0.036970 0.138670 0.010067 0.358047 
0.000001 0.000000 0.274080 0.094789 0.025037 0.089597 0.097618 0.008249 0.410629 
0.000001 0.000000 0.345608 0.116481 0.000000 0.060860 0.103821 0.012022 0.361207 
0.000000 0.000000 0.218109 0.132664 0.000000 0.053931 0.164394 0.246038 0.184863 
0.010407 0.000000 0.447668 0.065592 0.025479 0.017054 0.230051 0.003684 0.200065 
0.883742 0.000000 0.016613 0.004285 0.002092 0.033346 0.000580 0.000000 0.059343 
0.000001 0.033325 0.322612 0.136049 0.000000 0.147372 0.168134 0.044443 0.148065 
0.000000 0.000000 0.405984 0.067997 0.000000 0.044520 0.108277 0.000000 0.373221 
0.000001 0.000000 0.351442 0.092014 0.000000 0.038356 0.142857 0.000000 0.375331 
0.120196 0.000000 0.135343 0.031351 0.000000 0.044947 0.006813 0.010756 0.650594 
0.883686 0.006697 0.043061 0.005623 0.001556 0.017420 0.014710 0.000000 0.027247 
0.097587 0.000000 0.025402 0.026794 0.003399 0.061515 0.751144 0.000000 0.034160 
0.000001 0.000000 0.302896 0.047139 0.000000 0.063744 0.069852 0.000000 0.516368 
0.019768 0.000000 0.320209 0.084489 0.000000 0.062600 0.148825 0.016295 0.347814 
0.820343 0.025776 0.021761 0.002873 0.000745 0.014293 0.009737 0.000000 0.104471 
0.000001 0.000000 0.292266 0.112117 0.000000 0.069597 0.130627 0.011154 0.384239 
0.000001 0.000000 0.353992 0.097013 0.000000 0.037935 0.105420 0.000000 0.405640 
0.000000 0.000000 0.359533 0.127768 0.000000 0.037416 0.115250 0.017577 0.342456 
0.366976 0.022742 0.362475 0.063761 0.000000 0.008055 0.007699 0.000000 0.168292 
0.000000 0.016785 0.287008 0.050457 0.000000 0.000200 0.306399 0.005651 0.333499 
0.013383 0.000000 0.428953 0.149069 0.000000 0.021878 0.239193 0.006531 0.140993 
0.000001 0.000000 0.338851 0.100541 0.007023 0.060264 0.140425 0.011141 0.341754 
0.002737 0.000000 0.236831 0.047598 0.000000 0.002957 0.000537 0.000000 0.709340 
0.000001 0.000000 0.287818 0.100509 0.000000 0.053092 0.104274 0.000000 0.454306 
0.075442 0.000000 0.012684 0.022764 0.000000 0.103801 0.018540 0.611548 0.155221 
0.898035 0.000000 0.006125 0.005151 0.000416 0.009502 0.001842 0.000000 0.078929 
0.833639 0.024761 0.005740 0.000207 0.000000 0.009901 0.024442 0.000000 0.101310 
0.000000 0.000000 0.303566 0.095311 0.000000 0.064843 0.060138 0.000000 0.476141 
0.016496 0.000000 0.396701 0.089104 0.010276 0.059255 0.073372 0.003653 0.351142 
0.000000 0.000000 0.494544 0.029398 0.000000 0.059701 0.128347 0.004583 0.283426 
0.000001 0.000000 0.369831 0.088037 0.000000 0.071407 0.153036 0.000000 0.317689 
0.000001 0.035031 0.262716 0.017013 0.000000 0.098599 0.082278 0.000000 0.504361 
0.000001 0.000000 0.359312 0.119767 0.000000 0.091836 0.084701 0.014943 0.329440 
0.011409 0.079957 0.178285 0.299734 0.000000 0.072289 0.122834 0.039267 0.196224 
0.000000 0.000000 0.360513 0.130849 0.000000 0.077376 0.104865 0.006849 0.319549 
0.000001 0.000000 0.349976 0.070357 0.000000 0.083968 0.054668 0.007730 0.433300 
0.851673 0.000000 0.014110 0.014568 0.001639 0.008690 0.037583 0.000000 0.071737 
0.000002 0.000000 0.301812 0.107028 0.000000 0.036367 0.112624 0.000000 0.442167 
0.000001 0.000000 0.284581 0.102557 0.000000 0.092552 0.138749 0.008820 0.372740 
0.000000 0.034597 0.292360 0.073113 0.000000 0.024237 0.485980 0.000000 0.089712 
0.000001 0.000000 0.008539 0.022505 0.021882 0.125431 0.053763 0.728624 0.039253 
0.000000 0.019296 0.168129 0.023950 0.000374 0.027454 0.033518 0.020496 0.706782 
0.000000 0.020571 0.000000 0.127135 0.027391 0.129836 0.380553 0.044276 0.270238 
0.000000 0.020481 0.000000 0.127008 0.027877 0.128250 0.381272 0.044656 0.270455 
0.000000 0.000003 0.043804 0.086496 0.032686 0.252556 0.266921 0.075898 0.241635 
0.077611 0.000003 0.000000 0.048122 0.065663 0.494194 0.231839 0.071387 0.011180 
0.000000 0.669658 0.000000 0.001101 0.046714 0.119574 0.083902 0.024626 0.054424 
0.022665 0.657464 0.000000 0.028852 0.046722 0.111070 0.065984 0.011757 0.055486 
0.060765 0.107685 0.513646 0.000336 0.002253 0.099316 0.011480 0.017066 0.187454 
0.016546 0.015246 0.323923 0.057328 0.000214 0.078449 0.454415 0.005665 0.048215 
0.000000 0.000002 0.005199 0.007985 0.000080 0.009089 0.000212 0.000123 0.977310 
0.000000 0.000003 0.029494 0.003419 0.000114 0.000651 0.113029 0.003354 0.849935 
0.022381 0.627566 0.000000 0.057470 0.017895 0.122821 0.067802 0.007742 0.076323 
0.000000 0.024383 0.000000 0.137047 0.029985 0.122767 0.430163 0.050845 0.204810 
0.057004 0.000003 0.079235 0.077134 0.103532 0.204362 0.300002 0.051763 0.126965 
0.082451 0.000002 0.052071 0.031320 0.047676 0.161332 0.081587 0.447411 0.096151 
0.000000 0.036569 0.000000 0.122050 0.052386 0.152677 0.379565 0.042082 0.214671 
0.000000 0.000001 0.000000 0.017704 0.712301 0.079775 0.143187 0.032775 0.014258 
0.000000 0.019997 0.000000 0.139626 0.056418 0.173190 0.320061 0.042263 0.248444 
0.000000 0.000002 0.000000 0.052953 0.619468 0.033573 0.200119 0.053098 0.040786 
0.000000 0.000005 0.000000 0.001686 0.879890 0.057438 0.053465 0.000462 0.007054 
0.000000 0.000001 0.000000 0.095960 0.298702 0.061762 0.309311 0.038328 0.195936 
0.000000 0.000004 0.000000 0.010202 0.851278 0.025265 0.053256 0.021039 0.038956 
0.000000 0.000004 0.024440 0.020951 0.824748 0.060933 0.028636 0.023601 0.016688 
0.000000 0.000002 0.000000 0.011363 0.860571 0.018719 0.057537 0.028481 0.023327 
0.000000 0.027302 0.000000 0.127073 0.035733 0.146368 0.345939 0.044134 0.273452 
0.000000 0.000001 0.000000 0.165235 0.039081 0.114677 0.357839 0.042973 0.280194 
0.000000 0.020251 0.000000 0.126233 0.056697 0.130434 0.361669 0.048291 0.256424 
0.000000 0.120749 0.070122 0.307634 0.076648 0.096488 0.327067 0.000557 0.000736 
0.013363 0.167447 0.075277 0.154914 0.087654 0.038419 0.246748 0.167110 0.049068 
0.008111 0.027551 0.423312 0.034860 0.000000 0.014506 0.205353 0.000003 0.286303 
0.000001 0.027067 0.477849 0.024661 0.000000 0.013972 0.200686 0.000001 0.255763 
0.011253 0.000000 0.004331 0.153902 0.042161 0.159504 0.362650 0.047284 0.218915 
0.000001 0.009648 0.020681 0.137765 0.046478 0.176564 0.311973 0.048655 0.248235 
0.018547 0.000000 0.014846 0.136685 0.043291 0.153436 0.292807 0.047896 0.292492 
0.008618 0.000000 0.387064 0.033193 0.000000 0.000749 0.184429 0.000001 0.385946 
0.925222 0.000000 0.022771 0.003061 0.001817 0.019118 0.002930 0.000001 0.025080 
0.012588 0.011013 0.431547 0.002131 0.005124 0.016594 0.066881 0.000001 0.454120 
0.022286 0.000000 0.385452 0.069949 0.000000 0.045309 0.079305 0.000002 0.397696 
0.007341 0.000000 0.222308 0.010774 0.004509 0.008405 0.013464 0.000002 0.733197 
0.006823 0.000000 0.260081 0.006890 0.000000 0.000332 0.028536 0.008319 0.689019 
0.000001 0.000000 0.396043 0.059999 0.000000 0.030325 0.122173 0.002207 0.389252 
0.000001 0.000000 0.536706 0.038304 0.000000 0.026583 0.110993 0.000001 0.287411 
0.019917 0.000000 0.369012 0.033419 0.004202 0.004414 0.042735 0.003721 0.522581 
0.012056 0.000000 0.605559 0.033895 0.023189 0.000313 0.173338 0.003193 0.148458 
0.000001 0.000000 0.330893 0.022626 0.000000 0.026269 0.121284 0.005880 0.493047 
0.012600 0.038089 0.479846 0.055538 0.000000 0.056768 0.243716 0.005500 0.107943 
0.000001 0.000000 0.400896 0.050286 0.000000 0.032928 0.127623 0.000003 0.388263 
0.000001 0.000000 0.331410 0.032322 0.000000 0.025566 0.053117 0.000001 0.557584 
0.004637 0.000000 0.591333 0.071331 0.000000 0.005686 0.177625 0.000000 0.149387 
0.000001 0.000000 0.470261 0.037676 0.000001 0.014909 0.155763 0.000002 0.321388 
0.903005 0.000000 0.037234 0.004147 0.006534 0.001152 0.044898 0.000000 0.003030 
0.000001 0.000000 0.006454 0.130511 0.017072 0.186213 0.360850 0.026919 0.271979 
0.000000 0.004375 0.287508 0.086879 0.000000 0.035279 0.093863 0.002846 0.489249 
0.054773 0.000000 0.012476 0.106418 0.025970 0.193917 0.093018 0.191944 0.321484 
0.055063 0.000000 0.463298 0.017985 0.000000 0.146707 0.033350 0.008715 0.274882 
0.036373 0.018991 0.272123 0.026115 0.000000 0.081831 0.018377 0.000004 0.546185 
0.031461 0.000000 0.267272 0.020325 0.000001 0.163522 0.210727 0.000004 0.306688 
0.036789 0.000000 0.293240 0.005205 0.000000 0.228987 0.066649 0.000002 0.369128 
0.023020 0.000000 0.482989 0.040613 0.000001 0.149933 0.163760 0.009592 0.130093 
0.000001 0.000000 0.007106 0.138514 0.014521 0.243159 0.179189 0.054796 0.362714 
0.040610 0.000000 0.275312 0.042267 0.003467 0.123364 0.011699 0.000002 0.503278 
0.038626 0.000000 0.005171 0.131526 0.036049 0.179913 0.107717 0.235582 0.265416 
0.000000 0.000000 0.317585 0.078690 0.000000 0.013929 0.340933 0.003192 0.245672 
0.063429 0.000000 0.003462 0.128636 0.041791 0.181033 0.181716 0.102995 0.296938 
0.047229 0.044642 0.009644 0.112712 0.020233 0.218292 0.143267 0.064731 0.339249 
0.000000 0.009357 0.529935 0.071867 0.000000 0.037191 0.075376 0.000001 0.276272 
0.006332 0.000000 0.335688 0.090198 0.000000 0.059944 0.113707 0.005463 0.388667 
0.000000 0.000000 0.278052 0.062523 0.000000 0.011301 0.122623 0.000001 0.525500 
0.000000 0.000000 0.278726 0.027370 0.000000 0.005351 0.309648 0.000001 0.378904 
0.009300 0.257883 0.047232 0.081057 0.018902 0.212157 0.065054 0.035417 0.272997 
0.000001 0.060943 0.010302 0.089798 0.053762 0.257621 0.148912 0.051168 0.327493 
0.046087 0.030771 0.583405 0.085158 0.000000 0.073647 0.153459 0.008688 0.018786 
0.000000 0.039198 0.223348 0.081377 0.002260 0.030622 0.525130 0.006695 0.091371 
0.000000 0.040849 0.215347 0.091373 0.002287 0.039869 0.514344 0.005619 0.090311 
0.009804 0.000000 0.020134 0.134661 0.000001 0.136945 0.194322 0.161346 0.342788 
0.007646 0.009478 0.336905 0.071033 0.006555 0.052631 0.102498 0.003155 0.410100 
0.851712 0.002104 0.001907 0.016918 0.008257 0.016428 0.076212 0.002446 0.024015 
0.000001 0.000000 0.388830 0.115454 0.000000 0.044509 0.193004 0.000003 0.258199 
0.071442 0.035384 0.661781 0.031397 0.000000 0.086011 0.099490 0.000001 0.014494 
0.000000 0.012802 0.350879 0.129366 0.000000 0.033960 0.202401 0.005663 0.264929 
0.049223 0.029539 0.597184 0.087921 0.000000 0.077202 0.126470 0.008636 0.023824 
0.057305 0.017055 0.602140 0.069391 0.000224 0.055882 0.134787 0.009951 0.053267 
0.020865 0.000000 0.018466 0.055827 0.012287 0.069993 0.097741 0.422770 0.302051 
0.041825 0.000000 0.089898 0.143095 0.000001 0.320397 0.107648 0.123003 0.174134 
0.053225 0.000000 0.010101 0.111200 0.016944 0.169881 0.126304 0.028154 0.484190 
0.015297 0.042599 0.023281 0.136867 0.012335 0.282390 0.137735 0.069905 0.279591 
0.684995 0.023525 0.192600 0.003755 0.008125 0.000146 0.043455 0.003645 0.039754 
0.051757 0.189160 0.110796 0.068204 0.013751 0.263726 0.086436 0.041523 0.174647 
0.000000 0.040806 0.007657 0.004215 0.023471 0.649195 0.213949 0.019406 0.041300 
0.772290 0.000000 0.065685 0.004025 0.008092 0.019466 0.035287 0.000002 0.095153 
0.003886 0.000000 0.398026 0.045747 0.002746 0.052660 0.053784 0.012442 0.430710 
0.000000 0.000000 0.403925 0.051402 0.003857 0.047774 0.056399 0.012345 0.424297 
0.000000 0.000000 0.326701 0.035252 0.004141 0.037143 0.145773 0.001273 0.449718 
0.000000 0.000000 0.350649 0.043375 0.005322 0.042301 0.138318 0.000002 0.420032 
0.000001 0.015317 0.003826 0.116752 0.032193 0.159933 0.262871 0.038633 0.370474 
0.000001 0.013886 0.003573 0.127835 0.029650 0.156948 0.257896 0.037883 0.372329 
0.000000 0.004020 0.004296 0.126942 0.046995 0.165615 0.231919 0.040837 0.379375 
0.000001 0.008573 0.004256 0.122856 0.043890 0.131364 0.243628 0.041844 0.403589 
0.000001 0.042994 0.007417 0.139479 0.016780 0.180650 0.189886 0.058656 0.364136 
0.003567 0.000000 0.390782 0.042646 0.000000 0.005073 0.300662 0.000001 0.257270 
0.000000 0.169051 0.260546 0.318822 0.005619 0.033196 0.126861 0.002820 0.083084 
0.000000 0.000000 0.330727 0.086186 0.003433 0.033275 0.182863 0.013025 0.350491 
0.000000 0.021740 0.405449 0.111955 0.006218 0.031318 0.113758 0.010357 0.299204 
0.000000 0.000000 0.421907 0.065700 0.005404 0.041435 0.215133 0.014529 0.235892 
0.000000 0.000000 0.532165 0.059889 0.019413 0.030093 0.140119 0.008978 0.209344 
0.000000 0.000000 0.362627 0.079409 0.000000 0.019239 0.125080 0.001989 0.411655 
0.000000 0.016320 0.354094 0.068408 0.037628 0.026772 0.262633 0.002786 0.231359 
0.000000 0.000000 0.363857 0.075304 0.035136 0.030927 0.255186 0.007111 0.232479 
0.000000 0.000000 0.362862 0.225965 0.000000 0.069450 0.166661 0.008476 0.166585 
0.103448 0.031883 0.025259 0.075924 0.038791 0.199583 0.109509 0.050957 0.364645 
0.040008 0.060910 0.029905 0.083258 0.024589 0.165439 0.218462 0.060220 0.317210 
0.739573 0.000000 0.159608 0.000309 0.003889 0.000801 0.004256 0.000002 0.091563 
0.003904 0.000000 0.330448 0.111093 0.001240 0.072774 0.343396 0.016555 0.120589 
0.000002 0.000000 0.016962 0.112208 0.010323 0.183764 0.241736 0.109142 0.325864 
0.003589 0.000000 0.499573 0.089170 0.000000 0.009267 0.038797 0.000555 0.359048 
0.000002 0.071692 0.003114 0.109451 0.070371 0.101719 0.191849 0.049490 0.402313 
0.017671 0.000000 0.006508 0.110581 0.000001 0.300673 0.192982 0.082661 0.288924 
0.006349 0.000000 0.370354 0.081847 0.000000 0.031447 0.077302 0.004432 0.428269 
0.000000 0.000000 0.395733 0.127543 0.008748 0.039476 0.183300 0.003637 0.241562 
0.016841 0.000000 0.013433 0.136422 0.000001 0.311535 0.133766 0.101506 0.286496 
0.027574 0.000000 0.004149 0.164603 0.018666 0.231398 0.147180 0.087293 0.319138 
0.034239 0.097705 0.005395 0.070619 0.054628 0.158498 0.095873 0.054537 0.428506 
0.162464 0.055219 0.094491 0.082068 0.009988 0.444683 0.008907 0.000004 0.142177 
0.000000 0.028081 0.333776 0.234847 0.004113 0.044773 0.118538 0.011835 0.224037 
0.013435 0.042168 0.077033 0.204511 0.023327 0.241346 0.172128 0.068093 0.157959 
0.013358 0.188569 0.110839 0.206144 0.008953 0.196698 0.114945 0.033373 0.127122 
0.081900 0.060566 0.009566 0.126663 0.016628 0.307559 0.148228 0.046007 0.202882 
0.000000 0.000000 0.340132 0.028552 0.009626 0.034431 0.254473 0.000001 0.332784 
0.096700 0.000000 0.002035 0.127094 0.000001 0.018309 0.008317 0.025992 0.721553 
0.062630 0.000000 0.018560 0.138791 0.000001 0.034054 0.027216 0.052263 0.666483 
0.054422 0.000000 0.016477 0.044802 0.000001 0.082403 0.053668 0.052213 0.696015 
0.009124 0.000000 0.237675 0.061006 0.007085 0.009429 0.209269 0.011659 0.454754 
0.000000 0.000000 0.220224 0.050547 0.004262 0.012667 0.052550 0.000001 0.659748 
0.007662 0.000000 0.008946 0.070864 0.025904 0.114988 0.010821 0.070690 0.690126 
0.734119 0.029306 0.057485 0.009691 0.005897 0.002038 0.046712 0.000002 0.114750 
0.000000 0.000000 0.172323 0.050353 0.022388 0.091024 0.392761 0.005016 0.266134 
0.000001 0.000000 0.126704 0.095715 0.001844 0.086047 0.080786 0.027070 0.581833 
0.000000 0.000000 0.323947 0.041840 0.007585 0.005561 0.276605 0.000001 0.344462 
0.000000 0.000000 0.378609 0.076676 0.000000 0.046915 0.165641 0.000001 0.332157 
0.000000 0.000000 0.223621 0.047983 0.000000 0.003569 0.097721 0.000001 0.627105 
0.000000 0.000000 0.275592 0.057264 0.002340 0.036203 0.188346 0.015417 0.424839 
0.015411 0.000000 0.290217 0.058617 0.003894 0.058538 0.090904 0.000001 0.482420 
0.000001 0.024234 0.233817 0.063041 0.008711 0.051662 0.191219 0.000005 0.427309 
0.000000 0.020713 0.369578 0.044772 0.000000 0.013936 0.137270 0.006539 0.407191 
0.000000 0.000000 0.390525 0.076986 0.000000 0.021302 0.120886 0.006557 0.383743 
0.000000 0.015627 0.266895 0.067777 0.000000 0.021821 0.077218 0.001049 0.549613 
0.000000 0.000000 0.441246 0.080531 0.000000 0.041468 0.123167 0.000001 0.313586 
0.028120 0.000000 0.233531 0.061548 0.000000 0.079734 0.191286 0.010692 0.395088 
0.000001 0.000000 0.334655 0.065501 0.000000 0.027281 0.069471 0.006422 0.496670 
0.000000 0.010620 0.266583 0.070090 0.001759 0.024989 0.147540 0.000001 0.478418 
0.000000 0.003755 0.253461 0.070159 0.005861 0.007332 0.141163 0.001969 0.516299 
0.049570 0.046219 0.004857 0.059784 0.000001 0.034667 0.081914 0.004399 0.718589 
0.013621 0.000000 0.364484 0.095601 0.000000 0.041543 0.119398 0.000001 0.365351 
0.007524 0.000000 0.302119 0.027496 0.000000 0.000902 0.041039 0.000001 0.620919 
0.014342 0.003047 0.301567 0.072154 0.000000 0.026589 0.113483 0.009866 0.458951 
0.000001 0.078731 0.074932 0.073414 0.000001 0.550723 0.063430 0.028164 0.130603 
0.061354 0.000000 0.028233 0.055673 0.034537 0.171159 0.109760 0.077687 0.461597 
0.052116 0.000000 0.396645 0.122789 0.000001 0.025558 0.120498 0.000004 0.282389 
0.000001 0.000000 0.212096 0.052833 0.010272 0.026313 0.196572 0.000002 0.501912 
0.000000 0.008832 0.217917 0.030978 0.000000 0.021728 0.065366 0.004706 0.650472 
0.008549 0.000000 0.319364 0.084006 0.022622 0.106018 0.122765 0.007567 0.329109 
0.029139 0.045399 0.226634 0.065092 0.015734 0.054113 0.113916 0.000002 0.449971 
0.067877 0.014390 0.001728 0.044304 0.000001 0.055306 0.006340 0.000009 0.810045 
0.000000 0.000000 0.403410 0.044858 0.007173 0.013260 0.224827 0.000001 0.306470 
0.011195 0.000000 0.357573 0.086458 0.012251 0.033526 0.154404 0.003379 0.341214 
0.000000 0.000000 0.338439 0.078033 0.000000 0.013733 0.286653 0.000001 0.283141 
0.009115 0.017964 0.312368 0.099496 0.000001 0.052603 0.087691 0.000003 0.420759 
0.000000 0.000000 0.391117 0.076424 0.000000 0.037381 0.220990 0.004694 0.269393 
0.864027 0.000000 0.031297 0.005106 0.006572 0.007264 0.001854 0.000000 0.083880 
0.000001 0.000000 0.211256 0.136348 0.000000 0.024007 0.133012 0.009875 0.485501 
0.000001 0.000000 0.022694 0.204534 0.000001 0.285695 0.190585 0.087409 0.209080 
0.016004 0.094556 0.001385 0.074852 0.000001 0.038610 0.010549 0.044654 0.719388 
0.006115 0.000000 0.431635 0.062235 0.000000 0.034273 0.020596 0.000003 0.445143 
0.021495 0.000000 0.365657 0.056009 0.000000 0.044727 0.189963 0.000001 0.322147 
0.033722 0.021773 0.004385 0.193742 0.000001 0.162695 0.093980 0.086330 0.403373 
0.828463 0.028411 0.014521 0.014545 0.001694 0.030782 0.001868 0.000001 0.079713 
0.000001 0.000000 0.314163 0.071020 0.000000 0.029159 0.053212 0.013912 0.518533 
0.000000 0.000000 0.354565 0.088054 0.000000 0.039287 0.170804 0.002608 0.344681 
0.005827 0.000000 0.212538 0.083048 0.000000 0.011571 0.005686 0.000001 0.681328 
0.008677 0.013958 0.396821 0.047628 0.000000 0.040576 0.114655 0.007028 0.370656 
0.890020 0.000000 0.063081 0.009326 0.000000 0.004069 0.000817 0.001250 0.031437 
0.000001 0.000000 0.018796 0.094605 0.076744 0.157595 0.295349 0.024665 0.332245 
0.000000 0.010843 0.414500 0.061190 0.008832 0.052351 0.265756 0.000001 0.186527 
0.000000 0.000000 0.463951 0.081403 0.000000 0.024944 0.158248 0.000001 0.271452 
0.000000 0.000000 0.048540 0.111609 0.051544 0.189422 0.255363 0.041871 0.301651 
0.000001 0.000000 0.025885 0.079407 0.072701 0.225537 0.209285 0.139333 0.247852 
0.000000 0.019977 0.365935 0.053521 0.018899 0.061726 0.081669 0.008084 0.390189 
0.031970 0.044236 0.472099 0.041701 0.002365 0.025670 0.235622 0.000001 0.146336 
0.000001 0.000000 0.344988 0.050724 0.000000 0.065304 0.070281 0.012625 0.456077 
0.000001 0.024161 0.395203 0.024818 0.000000 0.043292 0.071628 0.002452 0.438444 
0.014199 0.000000 0.362894 0.052287 0.009259 0.046362 0.224148 0.007906 0.282945 
0.816121 0.000000 0.110443 0.002957 0.000001 0.015954 0.014132 0.000004 0.040389 
0.815817 0.023337 0.046916 0.000298 0.003144 0.000132 0.025151 0.000001 0.085205 
0.725963 0.000000 0.208390 0.006555 0.008019 0.009030 0.012899 0.000000 0.029143 
0.000000 0.000000 0.409436 0.069412 0.000000 0.038781 0.070823 0.000001 0.411546 
0.000000 0.000000 0.443665 0.074902 0.000000 0.037426 0.094489 0.001786 0.347731 
0.000000 0.122029 0.268611 0.063518 0.000000 0.122335 0.073738 0.013009 0.336760 
0.000000 0.036176 0.404968 0.167045 0.000000 0.040055 0.177718 0.000001 0.174036 
0.060968 0.046138 0.014583 0.005824 0.000001 0.198229 0.032740 0.062142 0.579375 
0.899499 0.000000 0.048063 0.009241 0.006440 0.001284 0.009971 0.000005 0.025496 
0.849490 0.013572 0.089585 0.001654 0.001889 0.009680 0.000290 0.000000 0.033838 
0.000001 0.033346 0.063333 0.059887 0.053945 0.192083 0.237710 0.012002 0.347691 
0.000000 0.010274 0.022042 0.148385 0.020546 0.119647 0.302607 0.049866 0.326633 
0.000000 0.022239 0.001337 0.163573 0.015070 0.125322 0.309120 0.041442 0.321897 
0.000000 0.000000 0.235830 0.062775 0.017730 0.072397 0.123164 0.000002 0.488102 
0.000001 0.028667 0.070581 0.088743 0.046852 0.270347 0.209390 0.060336 0.225083 
0.000000 0.000000 0.342393 0.076903 0.013875 0.071096 0.235384 0.000001 0.260349 
0.000001 0.000000 0.041367 0.117830 0.060318 0.150057 0.276594 0.013316 0.340517 
0.749432 0.028540 0.146592 0.000858 0.000000 0.000082 0.029610 0.000238 0.044649 
0.000000 0.012843 0.218950 0.078320 0.010964 0.099493 0.188252 0.001725 0.389454 
0.000000 0.000000 0.443417 0.077638 0.000000 0.032076 0.073938 0.001345 0.371587 
0.002621 0.000000 0.318696 0.055078 0.000000 0.020002 0.003979 0.000001 0.599624 
0.822247 0.016014 0.045376 0.004702 0.000885 0.014312 0.060299 0.000000 0.036164 
0.891238 0.000000 0.007448 0.014459 0.005170 0.016988 0.022637 0.002413 0.039646 
0.000001 0.000000 0.076126 0.114559 0.033197 0.249035 0.293547 0.082936 0.150599 
0.000001 0.037581 0.021760 0.149348 0.087351 0.238757 0.124935 0.000007 0.340260 
0.000000 0.202535 0.297778 0.122021 0.000000 0.148203 0.077648 0.016566 0.135248 
0.000001 0.080099 0.027718 0.112278 0.062086 0.121970 0.176553 0.007280 0.412016 
0.000001 0.000000 0.318606 0.058028 0.000000 0.059758 0.081086 0.000001 0.482519 
