-7657573.144642
0
0.000326 0.001273 0.000312 0.008992 0.000490 0.000129 0.000000 0.000000 0.000000 0.002985 0.012561 0.004338 0.000000 0.000000 0.000000 0.001108 0.003454 0.004598 0.001626 0.003455 0.001203 0.003640 0.001334 0.014166 0.001802 0.000000 0.000000 0.011474 0.000000 0.000000 0.000000 0.000047 0.000000 0.000411 0.005420 0.002700 0.000000 0.000000 0.000000 0.000000 0.000000 0.000000 0.000000 0.000000 0.001959 0.000499 0.001958 0.008593 0.000902 0.002256 0.000000 0.008615 0.000290 0.000115 0.000000 0.000234 0.000000 0.015151 0.040295 0.018901 0.000000 0.000000 0.000000 0.000000 0.007495 0.012987 0.003933 0.012381 0.000666 0.001857 0.000000 0.001123 0.036613 0.008587 0.003702 0.275743 0.000000 0.000000 0.000000 0.000000 0.002322 0.017145 0.282206 0.036044 0.000097 0.000442 0.000329 0.001867 0.002841 0.008065 0.004531 0.007726 0.005899 0.008841 0.002014 0.066932 
0.004770 0.008380 0.002464 0.001911 0.000170 0.000765 0.000028 0.001944 0.001396 0.002165 0.000000 0.001490 0.030319 0.023057 0.053649 0.020529 0.017898 0.001915 0.007912 0.005349 0.002577 0.001371 0.004758 0.000384 0.001339 0.000000 0.000000 0.000000 0.001320 0.003914 0.000000 0.001996 0.007144 0.011328 0.001923 0.008245 0.039849 0.068399 0.156550 0.052194 0.005146 0.001656 0.000277 0.002959 0.003744 0.000941 0.015253 0.000194 0.004649 0.004193 0.004987 0.002886 0.005216 0.000370 0.001889 0.001214 0.000000 0.000000 0.000000 0.000724 0.036748 0.022926 0.065270 0.020179 0.002144 0.000000 0.000000 0.000000 0.002097 0.000000 0.011185 0.000000 0.006865 0.009637 0.002357 0.003065 0.002000 0.014396 0.009036 0.001533 0.003934 0.010788 0.000158 0.004275 0.027675 0.035368 0.052782 0.028341 0.004287 0.000000 0.001627 0.000000 0.001531 0.002801 0.009276 0.002017 
0.000000 0.002588 0.000000 0.008827 0.000130 0.000000 0.000000 0.000560 0.025132 0.016621 0.068235 0.011185 0.000295 0.003162 0.000000 0.003275 0.000764 0.003973 0.001931 0.000000 0.000000 0.000531 0.000670 0.000000 0.005790 0.020599 0.003525 0.117801 0.000000 0.000000 0.000000 0.000000 0.000000 0.000000 0.045184 0.000000 0.000000 0.002878 0.000000 0.001370 0.000000 0.004099 0.002459 0.000000 0.000000 0.001519 0.001491 0.004145 0.001882 0.010101 0.000000 0.039610 0.000505 0.001221 0.000000 0.001135 0.068008 0.108438 0.253614 0.063035 0.000000 0.003335 0.000000 0.002005 0.007027 0.014499 0.007102 0.002136 0.000000 0.001536 0.000000 0.003101 0.000000 0.005821 0.000000 0.016395 0.000000 0.000000 0.000000 0.000000 0.006373 0.008473 0.001702 0.005546 0.000000 0.000759 0.000000 0.000492 0.000798 0.004735 0.001877 0.000000 0.000000 0.000000 0.000000 0.000000 
0.000427 0.000233 0.000000 0.000000 0.000000 0.000000 0.000000 0.000000 0.030007 0.088277 0.006287 0.064002 0.000000 0.000000 0.000330 0.000000 0.000614 0.000000 0.000000 0.000101 0.000000 0.000000 0.000000 0.000000 0.000000 0.000000 0.000000 0.000000 0.000045 0.000438 0.000000 0.000172 0.061858 0.185155 0.024588 0.135364 0.000339 0.000000 0.000000 0.000358 0.000000 0.000000 0.000000 0.000000 0.000000 0.000000 0.000000 0.000000 0.000294 0.000394 0.000000 0.000000 0.000000 0.000000 0.000000 0.000000 0.041381 0.156735 0.011163 0.098777 0.000000 0.000000 0.000000 0.000000 0.000000 0.000000 0.000000 0.000365 0.000000 0.000000 0.000000 0.000000 0.001100 0.000383 0.000000 0.000000 0.000000 0.000000 0.000000 0.000000 0.010330 0.045580 0.000000 0.034669 0.000000 0.000000 0.000046 0.000000 0.000000 0.000000 0.000000 0.000000 0.000128 0.000000 0.000062 0.000000 
0.027928 0.013019 0.009510 0.006422 0.017276 0.013808 0.018580 0.013290 0.022340 0.013171 0.005497 0.016301 0.002640 0.002535 0.007329 0.000000 0.015239 0.016119 0.041478 0.027116 0.005961 0.005901 0.012647 0.002708 0.001039 0.000000 0.001612 0.000000 0.015623 0.014716 0.018340 0.017962 0.016099 0.012146 0.018573 0.015256 0.000000 0.000000 0.000000 0.004405 0.006641 0.020038 0.026586 0.020387 0.002690 0.006650 0.014218 0.000000 0.020597 0.017035 0.014854 0.012414 0.016740 0.025082 0.025755 0.022011 0.011973 0.000000 0.000882 0.014165 0.003048 0.004076 0.004278 0.003328 0.000000 0.011814 0.024341 0.005004 0.006902 0.009738 0.000000 0.008539 0.004004 0.004120 0.001903 0.000000 0.011295 0.012648 0.011732 0.016527 0.009725 0.016190 0.002133 0.012986 0.000000 0.001753 0.000000 0.003419 0.003180 0.014367 0.014311 0.011549 0.006339 0.009887 0.012117 0.007441 
0.000218 0.000292 0.000000 0.000000 0.000809 0.001039 0.000315 0.001434 0.010388 0.004010 0.233021 0.002590 0.000122 0.000519 0.000181 0.001541 0.002726 0.002360 0.010897 0.001310 0.000000 0.000000 0.000000 0.000000 0.004312 0.006465 0.006282 0.001436 0.000000 0.000000 0.000184 0.000000 0.005766 0.001522 0.239248 0.002151 0.000000 0.000704 0.000336 0.000220 0.002952 0.002709 0.016891 0.002405 0.000106 0.002184 0.002647 0.000000 0.000897 0.000000 0.001623 0.000000 0.000389 0.002055 0.000000 0.000512 0.018164 0.016304 0.225763 0.012453 0.000028 0.000190 0.000388 0.000279 0.002662 0.000498 0.005354 0.001030 0.000000 0.000000 0.000000 0.000000 0.000000 0.000538 0.000000 0.000000 0.000000 0.000000 0.000000 0.000000 0.002529 0.002788 0.121867 0.000125 0.000326 0.000138 0.000000 0.000000 0.002037 0.001713 0.005906 0.000811 0.000000 0.000000 0.000339 0.000000 
0.000516 0.000113 0.000000 0.000000 0.000000 0.000000 0.000000 0.000080 0.000260 0.000429 0.000097 0.000001 0.003231 0.000000 0.000000 0.000284 0.000000 0.009116 0.000079 0.000000 0.000000 0.000000 0.011614 0.000000 0.000000 0.000000 0.000000 0.000000 0.000073 0.000000 0.000000 0.000000 0.000000 0.000312 0.000109 0.000107 0.000000 0.000000 0.000000 0.000000 0.000000 0.100397 0.000000 0.000390 0.000000 0.000000 0.012475 0.000081 0.000458 0.000000 0.000000 0.000000 0.000000 0.000698 0.001601 0.000774 0.000084 0.000000 0.001304 0.000001 0.000000 0.000000 0.000000 0.000000 0.000000 0.002510 0.000000 0.000000 0.057523 0.088599 0.620756 0.064700 0.000000 0.000000 0.000000 0.000000 0.000000 0.000000 0.000000 0.000000 0.000695 0.000239 0.000493 0.000102 0.000000 0.000000 0.000000 0.000000 0.000000 0.019181 0.000232 0.000000 0.000000 0.000282 0.000000 0.000000 
0.034717 0.032797 0.025738 0.025884 0.008523 0.005072 0.002770 0.004941 0.006914 0.000000 0.000000 0.000369 0.000000 0.000424 0.001449 0.000000 0.005464 0.000000 0.000785 0.001434 0.000038 0.000000 0.000000 0.000000 0.103793 0.084220 0.069464 0.064972 0.009796 0.010239 0.010558 0.010125 0.021215 0.001692 0.005337 0.009659 0.000000 0.000188 0.001196 0.002390 0.002619 0.001411 0.002615 0.003260 0.000000 0.000306 0.000753 0.002453 0.047427 0.052097 0.038314 0.031697 0.004975 0.008278 0.005422 0.003812 0.007475 0.000000 0.000000 0.000000 0.000407 0.000724 0.000000 0.001500 0.002060 0.000000 0.000000 0.001507 0.000000 0.000000 0.000000 0.000000 0.043225 0.068051 0.034818 0.048618 0.000000 0.009786 0.002254 0.000914 0.000001 0.006739 0.000000 0.002229 0.000000 0.000000 0.000000 0.000000 0.001089 0.000000 0.000183 0.000816 0.000000 0.000000 0.000000 0.000000 
0.000895 0.000218 0.000000 0.000226 0.000303 0.000402 0.000745 0.000436 0.000000 0.022145 0.000000 0.005870 0.001123 0.000573 0.000771 0.003179 0.000000 0.000000 0.000139 0.001308 0.000374 0.000477 0.001285 0.000183 0.001384 0.000000 0.000434 0.001502 0.000322 0.000463 0.001432 0.000677 0.072892 0.113638 0.034505 0.080102 0.000000 0.000398 0.000000 0.001056 0.000688 0.000000 0.000055 0.003536 0.000138 0.000406 0.000982 0.000000 0.000000 0.000000 0.000000 0.000039 0.000000 0.000469 0.000434 0.000402 0.000000 0.019324 0.000000 0.012642 0.000000 0.000145 0.000000 0.000573 0.000000 0.000000 0.000000 0.008519 0.000000 0.000000 0.000000 0.000281 0.000862 0.002253 0.000000 0.000000 0.000000 0.000000 0.000000 0.000000 0.100191 0.271540 0.123921 0.085165 0.000862 0.001264 0.000408 0.004472 0.001883 0.001552 0.001869 0.002332 0.000520 0.001110 0.000831 0.000872 
0.000363 0.000729 0.000000 0.000564 0.002332 0.000785 0.000000 0.002082 0.003175 0.001011 0.005454 0.001091 0.000081 0.000489 0.000128 0.000157 0.000000 0.000000 0.000000 0.000000 0.000000 0.000000 0.000000 0.000000 0.001810 0.000792 0.000333 0.000396 0.003931 0.000834 0.000755 0.003766 0.010051 0.001288 0.008710 0.003520 0.000000 0.000336 0.000255 0.000182 0.000000 0.000000 0.000000 0.000000 0.000000 0.000000 0.000000 0.000491 0.000658 0.000470 0.000000 0.000589 0.000892 0.000166 0.000000 0.001639 0.006231 0.002657 0.005217 0.002146 0.000000 0.000059 0.000000 0.000000 0.000525 0.000000 0.000000 0.000223 0.000000 0.000000 0.000245 0.000000 0.025043 0.016942 0.005958 0.011901 0.150182 0.053718 0.019404 0.172988 0.229837 0.056709 0.068192 0.110630 0.000062 0.000227 0.000000 0.000077 0.000147 0.000379 0.000000 0.000000 0.000000 0.000000 0.000000 0.000000 
0.000000 0.000554 0.000000 0.000000 0.000000 0.001484 0.000000 0.000416 0.003219 0.000363 0.000000 0.001077 0.000000 0.001255 0.000000 0.005268 0.000000 0.009149 0.000000 0.004309 0.004095 0.013909 0.006525 0.053117 0.000520 0.000000 0.000000 0.000000 0.000000 0.000000 0.000000 0.001392 0.002535 0.003279 0.000005 0.001298 0.000000 0.010206 0.002956 0.029544 0.008662 0.053804 0.036264 0.081404 0.004931 0.035125 0.034885 0.270140 0.001731 0.000000 0.000000 0.000000 0.000437 0.000000 0.000000 0.000745 0.000000 0.000999 0.000000 0.000752 0.000000 0.003667 0.000000 0.006608 0.000399 0.013234 0.007665 0.007447 0.000000 0.011061 0.000000 0.074233 0.000000 0.000000 0.000000 0.001412 0.000000 0.000000 0.000000 0.000000 0.003061 0.006492 0.000000 0.004032 0.000000 0.003691 0.000000 0.009068 0.001060 0.018970 0.004345 0.009633 0.002830 0.023684 0.009277 0.091778 
0.000000 0.000650 0.000000 0.000000 0.000000 0.001428 0.000000 0.001548 0.010423 0.006739 0.000024 0.006707 0.004420 0.012729 0.001758 0.006912 0.038611 0.031079 0.073751 0.023348 0.001267 0.003270 0.001657 0.002227 0.003835 0.009751 0.007529 0.007050 0.000000 0.000000 0.000000 0.000499 0.005995 0.004570 0.008838 0.005592 0.000847 0.004183 0.002626 0.000655 0.027332 0.026998 0.087154 0.031155 0.001701 0.008088 0.010546 0.002253 0.000000 0.001541 0.000000 0.000000 0.000371 0.003468 0.000000 0.000857 0.016143 0.029772 0.000000 0.020197 0.002170 0.006994 0.002513 0.002295 0.077538 0.049747 0.076107 0.061360 0.000000 0.000628 0.000000 0.001216 0.000000 0.000000 0.000000 0.001903 0.000000 0.000673 0.000000 0.002209 0.009018 0.007449 0.006062 0.006587 0.002060 0.002550 0.001124 0.000730 0.028230 0.027400 0.037441 0.024976 0.000204 0.001337 0.001387 0.000000 
0.024700 0.073036 0.097008 0.412894 0.058575 0.001138 0.004655 0.255264 0.000000 0.017357 0.000001 0.055370 
0.777037 0.009471 0.027298 0.000025 0.000000 0.152591 0.000478 0.000101 0.016428 0.004526 0.012045 0.000000 
0.000000 0.005142 0.230576 0.030970 0.000000 0.587856 0.001229 0.007182 0.000000 0.001834 0.026079 0.109132 
0.000000 0.000020 0.108981 0.038054 0.000000 0.821347 0.000000 0.000047 0.000000 0.003478 0.028073 0.000000 
0.008160 0.008133 0.240837 0.029613 0.000000 0.689526 0.000000 0.011154 0.000000 0.007936 0.004640 0.000000 
0.028145 0.108977 0.028314 0.056336 0.070691 0.048057 0.000000 0.231184 0.000000 0.035776 0.115106 0.277413 
0.005200 0.009773 0.144364 0.042817 0.000000 0.784231 0.000000 0.010165 0.000000 0.003448 0.000001 0.000000 
0.025669 0.010640 0.245613 0.080063 0.000000 0.599003 0.000000 0.023665 0.012713 0.002631 0.000003 0.000000 
0.000000 0.004552 0.119078 0.008467 0.014303 0.810739 0.000000 0.022194 0.000000 0.008141 0.012525 0.000000 
0.000000 0.000002 0.216483 0.000051 0.027680 0.703655 0.000000 0.006269 0.040744 0.000018 0.005099 0.000000 
0.000000 0.000002 0.243208 0.035132 0.000000 0.585440 0.000631 0.025764 0.000000 0.002265 0.005832 0.101726 
0.000000 0.017856 0.001264 0.092621 0.315218 0.302934 0.000000 0.099498 0.000000 0.036020 0.000004 0.134585 
0.033344 0.000003 0.007099 0.000098 0.000000 0.009499 0.007430 0.022014 0.116123 0.782145 0.022245 0.000000 
0.009761 0.036704 0.000000 0.161440 0.310049 0.248615 0.000153 0.071905 0.038736 0.002843 0.022866 0.096929 
0.007875 0.019875 0.000000 0.100846 0.230484 0.347444 0.003959 0.043777 0.108580 0.009192 0.005794 0.122174 
0.011977 0.051441 0.000000 0.128242 0.234681 0.285346 0.001728 0.062282 0.041156 0.018034 0.002506 0.162607 
0.002171 0.009391 0.000000 0.102336 0.212782 0.372237 0.000178 0.019585 0.051668 0.030516 0.022288 0.176847 
0.010297 0.026494 0.000000 0.081315 0.308448 0.294464 0.000142 0.034777 0.044256 0.035545 0.015072 0.149190 
0.044442 0.032006 0.000000 0.124262 0.256784 0.331696 0.001268 0.023943 0.036031 0.011550 0.012572 0.125446 
0.029977 0.029354 0.000000 0.054428 0.245470 0.206691 0.008006 0.251805 0.027087 0.033726 0.002612 0.110843 
0.005073 0.041765 0.000000 0.145294 0.259675 0.220607 0.012417 0.083549 0.080029 0.045554 0.009805 0.096233 
0.014611 0.036435 0.000000 0.076044 0.332170 0.199188 0.009285 0.018103 0.034321 0.017920 0.026978 0.234945 
0.084900 0.049913 0.000000 0.089661 0.261506 0.207549 0.011136 0.131573 0.036203 0.013237 0.004025 0.110298 
0.005896 0.023450 0.000000 0.080980 0.359095 0.255670 0.000187 0.092224 0.050763 0.011130 0.010080 0.110525 
0.009238 0.000000 0.000000 0.000000 0.022905 0.000000 0.000000 0.000000 0.000000 0.967856 0.000000 0.000000 
0.016916 0.000000 0.055129 0.000000 0.032064 0.070853 0.000000 0.000000 0.000000 0.467783 0.009913 0.347342 
0.029015 0.070807 0.000000 0.000000 0.289644 0.255639 0.000000 0.106800 0.000000 0.248095 0.000000 0.000000 
0.000000 0.000000 0.000000 0.000000 0.014403 0.000000 0.000000 0.000000 0.000000 0.985597 0.000000 0.000000 
0.000000 0.017111 0.021726 0.000000 0.037367 0.000000 0.000000 0.000000 0.000000 0.923796 0.000000 0.000000 
0.000000 0.000000 0.000000 0.000000 0.000001 0.000000 0.998869 0.000000 0.000000 0.001130 0.000000 0.000000 
0.000000 0.118434 0.000000 0.122523 0.395827 0.058632 0.000000 0.156430 0.029485 0.057079 0.012787 0.048802 
0.000000 0.012872 0.369334 0.113866 0.000003 0.119201 0.000000 0.041919 0.000000 0.001578 0.000000 0.341227 
0.000000 0.000000 0.000000 0.000000 0.000001 0.000000 0.999529 0.000000 0.000000 0.000471 0.000000 0.000000 
0.004579 0.000000 0.000000 0.000000 0.023250 0.000000 0.000000 0.000000 0.000000 0.972171 0.000000 0.000000 
0.013202 0.014226 0.000000 0.000000 0.034578 0.000000 0.000000 0.000000 0.000000 0.937995 0.000000 0.000000 
0.917839 0.003419 0.015441 0.000000 0.000001 0.034185 0.000697 0.008762 0.009221 0.000766 0.009672 0.000000 
0.018727 0.000000 0.333863 0.111048 0.000004 0.183375 0.003563 0.053720 0.000000 0.009974 0.000000 0.285725 
0.000000 0.000000 0.000000 0.000000 0.041604 0.000000 0.000000 0.000000 0.000000 0.958396 0.000000 0.000000 
0.000000 0.000000 0.241358 0.030323 0.035261 0.260062 0.004527 0.034210 0.000000 0.037545 0.033258 0.323454 
0.013152 0.046334 0.000000 0.101443 0.350396 0.327811 0.013786 0.000000 0.047761 0.040839 0.003402 0.055076 
0.000000 0.000000 0.000000 0.000000 0.083708 0.000000 0.000000 0.000000 0.000000 0.916292 0.000000 0.000000 
0.048242 0.000000 0.000000 0.000000 0.000005 0.000000 0.000000 0.000000 0.000000 0.951752 0.000000 0.000000 
0.000000 0.000000 0.000000 0.000000 0.029046 0.000000 0.000000 0.000000 0.048410 0.922544 0.000000 0.000000 
0.000000 0.021023 0.080248 0.580671 0.048144 0.000000 0.005718 0.000000 0.230840 0.033356 0.000000 0.000000 
0.014143 0.000000 0.331729 0.068692 0.009794 0.157216 0.001358 0.014550 0.000000 0.000066 0.000000 0.402452 
0.000000 0.000000 0.031107 0.000000 0.033833 0.000000 0.000000 0.000000 0.055406 0.879654 0.000000 0.000000 
0.000000 0.004566 0.000000 0.000000 0.013784 0.000000 0.000000 0.000000 0.000000 0.981650 0.000000 0.000000 
0.019154 0.000000 0.000000 0.000000 0.119092 0.000000 0.000000 0.000000 0.000000 0.861754 0.000000 0.000000 
0.017965 0.034074 0.000000 0.000000 0.041909 0.000000 0.000000 0.000000 0.000000 0.848743 0.030680 0.026628 
0.022714 0.022668 0.125172 0.043541 0.000009 0.048052 0.001295 0.000000 0.000000 0.654333 0.000000 0.082216 
0.000000 0.000000 0.000000 0.000000 0.018034 0.000000 0.000000 0.000000 0.000000 0.981966 0.000000 0.000000 
0.000000 0.068092 0.068186 0.000000 0.037802 0.053392 0.000000 0.053656 0.000000 0.011533 0.040653 0.666687 
0.000000 0.061617 0.140056 0.039160 0.121804 0.182144 0.006797 0.073008 0.000000 0.049698 0.019642 0.306073 
0.000000 0.000000 0.000000 0.000000 0.053505 0.000000 0.006470 0.000000 0.000000 0.934705 0.005320 0.000000 
0.022587 0.021499 0.000000 0.000000 0.017949 0.000000 0.000000 0.000000 0.000000 0.937965 0.000000 0.000000 
0.000000 0.000000 0.000000 0.000000 0.012376 0.000000 0.000000 0.000000 0.000000 0.987624 0.000000 0.000000 
0.039714 0.000000 0.000000 0.000000 0.021927 0.000000 0.000000 0.000000 0.000000 0.938359 0.000000 0.000000 
0.000000 0.002820 0.007385 0.000000 0.034868 0.000000 0.000000 0.000000 0.000016 0.954911 0.000000 0.000000 
0.015620 0.000000 0.092438 0.000000 0.034914 0.000000 0.000000 0.000000 0.043686 0.813342 0.000000 0.000000 
0.000000 0.000000 0.046409 0.000000 0.000160 0.000000 0.000000 0.000000 0.084285 0.869145 0.000000 0.000000 
0.000000 0.004390 0.021065 0.000000 0.119103 0.195695 0.000000 0.000000 0.112219 0.536719 0.010808 0.000000 
0.000000 0.000000 0.076237 0.000000 0.050133 0.000000 0.000000 0.000000 0.062262 0.801366 0.010002 0.000000 
0.000000 0.000000 0.009220 0.000000 0.013509 0.000000 0.000000 0.000000 0.000009 0.977263 0.000000 0.000000 
0.025009 0.005535 0.065964 0.000000 0.041668 0.000000 0.000000 0.000000 0.080955 0.780869 0.000000 0.000000 
0.000000 0.028772 0.000029 0.069062 0.317385 0.056467 0.004376 0.027362 0.000019 0.253335 0.025846 0.217347 
0.000000 0.051180 0.020699 0.069309 0.368469 0.112003 0.010269 0.000000 0.000028 0.050272 0.011173 0.306599 
0.027167 0.000000 0.000032 0.000000 0.026545 0.078882 0.000000 0.000000 0.061248 0.806126 0.000000 0.000000 
0.000000 0.052479 0.111316 0.000000 0.140685 0.000000 0.000000 0.106703 0.046174 0.542643 0.000000 0.000000 
0.000000 0.000000 0.038867 0.000000 0.041304 0.000000 0.000000 0.014872 0.000033 0.904924 0.000000 0.000000 
0.000000 0.000000 0.060040 0.000000 0.000240 0.000000 0.000000 0.034389 0.044042 0.861290 0.000000 0.000000 
0.023258 0.000000 0.000009 0.000000 0.012490 0.000000 0.000000 0.000000 0.019285 0.944957 0.000000 0.000000 
0.791874 0.002372 0.070762 0.000000 0.025797 0.000000 0.013781 0.000000 0.000006 0.001839 0.093569 0.000000 
0.000000 0.000000 0.023370 0.000000 0.030397 0.000000 0.000000 0.000000 0.000013 0.946220 0.000000 0.000000 
0.000000 0.002585 0.017680 0.000000 0.023759 0.000000 0.000000 0.000000 0.012622 0.943355 0.000000 0.000000 
0.016191 0.000000 0.043446 0.000000 0.017799 0.000000 0.000000 0.000000 0.128189 0.794375 0.000000 0.000000 
0.000000 0.008895 0.011009 0.000000 0.023511 0.000000 0.000000 0.000000 0.030960 0.925625 0.000000 0.000000 
0.000000 0.000000 0.081848 0.000000 0.020751 0.000000 0.000000 0.000000 0.058737 0.838664 0.000000 0.000000 
0.000000 0.000000 0.000011 0.000000 0.010948 0.000000 0.000000 0.000000 0.000011 0.989030 0.000000 0.000000 
0.009790 0.000000 0.025617 0.000000 0.027344 0.000000 0.000000 0.000000 0.113898 0.823350 0.000000 0.000000 
0.031556 0.000000 0.016134 0.000000 0.007640 0.000000 0.000000 0.019625 0.077496 0.847549 0.000000 0.000000 
0.060991 0.003418 0.039430 0.000000 0.043746 0.000000 0.000000 0.000000 0.061914 0.790500 0.000000 0.000000 
0.029945 0.000000 0.000058 0.000000 0.000562 0.131368 0.000000 0.000000 0.071789 0.746268 0.020010 0.000000 
0.000000 0.000000 0.000009 0.000000 0.008850 0.000000 0.000000 0.000000 0.021828 0.969314 0.000000 0.000000 
0.000000 0.005063 0.031442 0.000000 0.032607 0.000000 0.000000 0.023191 0.113185 0.794512 0.000000 0.000000 
0.900980 0.000001 0.003681 0.000199 0.000000 0.062031 0.000948 0.002011 0.000000 0.002487 0.022428 0.005235 
0.049442 0.084296 0.230711 0.043206 0.000000 0.260993 0.000000 0.078163 0.000000 0.010071 0.010376 0.232741 
0.000000 0.022580 0.332160 0.024131 0.000001 0.307368 0.000000 0.088444 0.000000 0.014334 0.000002 0.210981 
0.000000 0.000001 0.414806 0.037018 0.028668 0.302569 0.000000 0.051613 0.000000 0.000000 0.012435 0.152889 
0.000000 0.000001 0.305468 0.054797 0.031273 0.425259 0.003412 0.025729 0.000000 0.000000 0.000002 0.154057 
0.793488 0.000000 0.010083 0.008984 0.000000 0.082148 0.001435 0.011189 0.017899 0.000000 0.029119 0.045656 
0.021524 0.000002 0.201906 0.034971 0.062117 0.445084 0.000000 0.047606 0.000000 0.000000 0.000002 0.186789 
0.000000 0.008818 0.155697 0.013456 0.000000 0.746860 0.000000 0.009571 0.000000 0.003074 0.008893 0.053630 
0.000000 0.006018 0.362267 0.073659 0.096588 0.388493 0.000000 0.000847 0.000000 0.000000 0.000001 0.072127 
0.069468 0.000000 0.718268 0.048291 0.000000 0.076676 0.000358 0.020553 0.004182 0.000168 0.009737 0.052297 
0.000000 0.051564 0.065367 0.000283 0.000000 0.137665 0.001521 0.015473 0.000000 0.000000 0.030993 0.697133 
0.779776 0.000000 0.054527 0.002578 0.002419 0.068845 0.002551 0.000242 0.012841 0.000507 0.032065 0.043650 
0.200077 0.000000 0.588934 0.080959 0.000000 0.035671 0.001461 0.027689 0.030395 0.000250 0.009580 0.024985 
0.062279 0.020201 0.366019 0.049843 0.091006 0.175242 0.000000 0.045605 0.021766 0.000000 0.000002 0.168036 
0.016593 0.020175 0.226715 0.034176 0.025699 0.391286 0.000000 0.066115 0.000000 0.000000 0.000002 0.219240 
0.000000 0.007843 0.325747 0.062755 0.000000 0.311986 0.006476 0.046384 0.004994 0.000000 0.000001 0.233812 
0.000000 0.064760 0.011628 0.003087 0.076711 0.131328 0.000000 0.231831 0.000000 0.457548 0.006297 0.016810 
0.018525 0.000002 0.370182 0.112443 0.000001 0.305204 0.004888 0.057930 0.000000 0.000000 0.010644 0.120181 
0.453853 0.000419 0.227163 0.000023 0.000000 0.246361 0.001254 0.002102 0.048575 0.000637 0.002809 0.016804 
0.000000 0.000001 0.215890 0.095454 0.133330 0.412714 0.000000 0.032045 0.000000 0.000000 0.000001 0.110565 
0.000000 0.010512 0.304081 0.121619 0.016658 0.364243 0.001043 0.028608 0.000000 0.004632 0.008233 0.140371 
0.000000 0.027416 0.262355 0.109806 0.029538 0.443792 0.000000 0.000622 0.000000 0.018105 0.002141 0.106224 
0.906209 0.003421 0.009532 0.011061 0.000000 0.033803 0.000841 0.017541 0.000000 0.000000 0.016866 0.000726 
0.000000 0.042503 0.267491 0.082664 0.000000 0.252946 0.004468 0.064254 0.000000 0.000000 0.016798 0.268875 
0.000000 0.015244 0.239699 0.077229 0.025075 0.167563 0.003989 0.029296 0.000000 0.000000 0.014896 0.427008 
0.000000 0.007202 0.308397 0.095319 0.000001 0.273910 0.002105 0.058532 0.000000 0.023446 0.000002 0.231085 
0.009496 0.000001 0.286756 0.032127 0.051849 0.410351 0.001878 0.056728 0.000000 0.000000 0.000001 0.150813 
0.869753 0.000000 0.002081 0.000083 0.000000 0.028805 0.000995 0.013403 0.000000 0.000000 0.047175 0.037705 
0.005597 0.001151 0.616647 0.073152 0.003769 0.293145 0.000000 0.000032 0.002744 0.000000 0.000000 0.003764 
0.000000 0.009868 0.346340 0.069865 0.000000 0.188181 0.000000 0.071196 0.025014 0.004069 0.024174 0.261292 
0.000000 0.013600 0.225688 0.041787 0.000001 0.563173 0.000000 0.089078 0.013378 0.000000 0.011380 0.041914 
0.850361 0.000937 0.046456 0.009957 0.000000 0.032491 0.000877 0.018632 0.005384 0.000000 0.020091 0.014812 
0.034136 0.000002 0.399897 0.079463 0.042855 0.272706 0.000000 0.020157 0.000000 0.000000 0.000001 0.150783 
0.000000 0.006467 0.288634 0.056526 0.090480 0.289577 0.000000 0.110105 0.000000 0.014231 0.023930 0.120050 
0.000000 0.021953 0.243315 0.124299 0.000001 0.299874 0.000000 0.111137 0.000000 0.000000 0.000001 0.199420 
0.000000 0.000001 0.274899 0.054190 0.027122 0.383353 0.002019 0.053417 0.000000 0.011134 0.018394 0.175470 
0.338948 0.000000 0.310243 0.038795 0.000000 0.154550 0.002152 0.009479 0.052465 0.001296 0.015916 0.076155 
0.000000 0.040349 0.025713 0.045466 0.039089 0.222990 0.003804 0.008782 0.000000 0.000000 0.033357 0.580450 
0.000000 0.009093 0.254413 0.059684 0.000000 0.425066 0.000000 0.022045 0.000000 0.000000 0.004668 0.225030 
0.000000 0.019470 0.249045 0.089136 0.019326 0.400980 0.000000 0.056139 0.000000 0.000000 0.000001 0.165903 
0.878183 0.000000 0.001483 0.010660 0.008388 0.069060 0.000000 0.004333 0.000000 0.003042 0.022461 0.002388 
0.000000 0.000001 0.104704 0.011858 0.000001 0.185837 0.000000 0.608689 0.000000 0.000000 0.000004 0.088907 
0.000000 0.000002 0.002483 0.012769 0.020912 0.031023 0.000000 0.000168 0.000000 0.926164 0.002216 0.004263 
0.000000 0.015152 0.337347 0.028477 0.014729 0.438663 0.000000 0.000954 0.038007 0.000000 0.000002 0.126668 
0.000000 0.007068 0.107425 0.015259 0.000000 0.796080 0.000000 0.003738 0.000000 0.000000 0.000001 0.070429 
0.000000 0.000001 0.280882 0.072197 0.022881 0.297477 0.002092 0.050731 0.000000 0.017223 0.000001 0.256515 
0.000000 0.000001 0.185025 0.049501 0.000000 0.237037 0.001395 0.064932 0.000000 0.000000 0.007793 0.454316 
0.000000 0.037901 0.219199 0.079931 0.022490 0.347584 0.000000 0.050778 0.000000 0.000000 0.000001 0.242116 
0.019026 0.000001 0.265157 0.089462 0.060542 0.367605 0.006477 0.031994 0.000000 0.000000 0.000002 0.159734 
0.000000 0.004925 0.236358 0.065380 0.081687 0.427086 0.009140 0.071681 0.000000 0.000000 0.006131 0.097610 
0.000000 0.000001 0.290689 0.085344 0.000001 0.375695 0.000000 0.077549 0.000000 0.011606 0.000001 0.159112 
0.000000 0.031178 0.192546 0.103894 0.019482 0.194424 0.000000 0.027873 0.000000 0.243001 0.008553 0.179049 
0.000000 0.000001 0.392838 0.029964 0.064036 0.209865 0.010309 0.026704 0.000000 0.000000 0.002126 0.264157 
0.882965 0.008265 0.016424 0.003961 0.000000 0.053974 0.001493 0.023455 0.000000 0.000000 0.008332 0.001132 
0.000000 0.045563 0.284387 0.127276 0.033334 0.161884 0.000000 0.107241 0.000000 0.051467 0.000002 0.188846 
0.000000 0.005226 0.367970 0.031194 0.014695 0.381532 0.000000 0.050027 0.000000 0.000000 0.009608 0.139748 
0.000000 0.007814 0.309842 0.065690 0.000001 0.388851 0.002299 0.043988 0.000000 0.000000 0.000001 0.181514 
0.127773 0.008095 0.112607 0.019756 0.020053 0.659870 0.000000 0.024449 0.000000 0.008608 0.000000 0.018788 
0.872303 0.002192 0.039303 0.007418 0.000000 0.020584 0.001081 0.018511 0.004746 0.000000 0.027564 0.006299 
0.088522 0.014248 0.001631 0.014696 0.000000 0.054473 0.004347 0.047864 0.000000 0.000000 0.104092 0.670126 
0.000000 0.020144 0.255086 0.026490 0.000001 0.547727 0.000000 0.055040 0.000000 0.000000 0.015182 0.080332 
0.031546 0.011865 0.286185 0.055265 0.052965 0.352687 0.000000 0.041331 0.000000 0.011695 0.000001 0.156460 
0.821688 0.001375 0.015500 0.004165 0.000000 0.098474 0.000578 0.012556 0.024199 0.000000 0.007106 0.014359 
0.000000 0.009717 0.292800 0.067172 0.073365 0.389788 0.000000 0.034219 0.000000 0.005208 0.013488 0.114243 
0.000000 0.000002 0.314163 0.067000 0.052340 0.419697 0.000000 0.022867 0.000000 0.000000 0.000001 0.123931 
0.000000 0.000001 0.314386 0.090651 0.000000 0.354524 0.003650 0.053805 0.000000 0.017523 0.006772 0.158686 
0.364030 0.001648 0.360966 0.044936 0.000000 0.155660 0.001252 0.009915 0.024599 0.000000 0.007269 0.029724 
0.000000 0.025125 0.187706 0.037696 0.000000 0.370153 0.000000 0.003682 0.009523 0.005621 0.000000 0.360493 
0.000000 0.000001 0.361109 0.101369 0.000001 0.165033 0.003636 0.041625 0.000000 0.006573 0.031737 0.288916 
0.000000 0.000001 0.289720 0.068140 0.051770 0.351299 0.002236 0.058841 0.000000 0.006315 0.000001 0.171678 
0.003081 0.000001 0.209662 0.027563 0.000000 0.742884 0.000887 0.002726 0.005647 0.000000 0.000000 0.007549 
0.000000 0.009184 0.251433 0.073165 0.015825 0.469725 0.000000 0.045823 0.000000 0.000000 0.000001 0.134844 
0.059388 0.011565 0.014805 0.000593 0.000001 0.151693 0.000000 0.100106 0.104685 0.535546 0.000002 0.021616 
0.901278 0.001366 0.003671 0.005179 0.000000 0.073163 0.000392 0.005750 0.000000 0.000000 0.004531 0.004670 
0.827678 0.000000 0.004356 0.000144 0.012160 0.093967 0.000000 0.000366 0.024253 0.000000 0.024818 0.012259 
0.000000 0.000001 0.269304 0.064977 0.004483 0.490900 0.000000 0.069858 0.000000 0.000000 0.002969 0.097508 
0.019953 0.000002 0.322267 0.062638 0.000000 0.374365 0.008092 0.075676 0.000000 0.004256 0.000001 0.132751 
0.000000 0.009309 0.428082 0.007611 0.013419 0.288425 0.001404 0.062731 0.000000 0.004007 0.000001 0.185012 
0.000000 0.000001 0.315565 0.060229 0.063347 0.323095 0.000000 0.056880 0.000000 0.000000 0.000002 0.180881 
0.000000 0.022133 0.221649 0.001437 0.000001 0.532403 0.000000 0.085022 0.034867 0.000000 0.026192 0.076295 
0.000000 0.013254 0.343906 0.083250 0.048082 0.329695 0.000000 0.067883 0.000000 0.011355 0.000001 0.102572 
0.000000 0.000002 0.255710 0.192857 0.071804 0.187349 0.000000 0.047316 0.099944 0.028632 0.000002 0.116384 
0.000000 0.003721 0.289832 0.099227 0.000000 0.336479 0.001179 0.091528 0.000000 0.006774 0.000001 0.171258 
0.000000 0.000002 0.307736 0.049089 0.000001 0.442949 0.001806 0.092332 0.000000 0.007915 0.000001 0.098169 
0.849458 0.000000 0.004601 0.014187 0.000000 0.068644 0.001198 0.009753 0.000000 0.000000 0.017051 0.035107 
0.023609 0.005537 0.231207 0.081811 0.000001 0.467271 0.000000 0.038063 0.000000 0.000000 0.000002 0.152498 
0.000000 0.000002 0.250090 0.058509 0.029218 0.384693 0.000000 0.088230 0.017113 0.000000 0.013546 0.158600 
0.000000 0.017352 0.179756 0.067341 0.028085 0.121214 0.000000 0.025080 0.000000 0.000000 0.000001 0.561172 
0.000000 0.028845 0.007977 0.015211 0.149993 0.031014 0.000000 0.041424 0.000000 0.708178 0.011203 0.006154 
0.000000 0.010344 0.171483 0.018054 0.037458 0.719328 0.000006 0.000238 0.000002 0.026275 0.006357 0.010456 
0.015416 0.023147 0.000000 0.072412 0.294759 0.272326 0.004308 0.026508 0.020612 0.018913 0.000006 0.251592 
0.015718 0.023339 0.000000 0.072136 0.297495 0.272412 0.004316 0.024662 0.020457 0.019125 0.000006 0.250333 
0.016426 0.045032 0.068152 0.040265 0.323217 0.233214 0.004183 0.076931 0.000002 0.048508 0.008485 0.135584 
0.064344 0.173726 0.000000 0.000010 0.432229 0.021237 0.000029 0.197155 0.000002 0.039509 0.067503 0.004256 
0.000001 0.086043 0.033170 0.000004 0.106694 0.040759 0.015740 0.025398 0.643276 0.015004 0.022855 0.011057 
0.008811 0.050880 0.030580 0.000004 0.091649 0.046485 0.018496 0.047200 0.662610 0.000018 0.030881 0.012385 
0.064370 0.009008 0.496257 0.000001 0.050328 0.158334 0.000685 0.067745 0.104064 0.013025 0.000008 0.036174 
0.000000 0.031261 0.253995 0.038866 0.097925 0.072741 0.000009 0.038561 0.000001 0.000006 0.007478 0.459156 
0.000000 0.000025 0.000000 0.000002 0.002635 0.994139 0.000001 0.003132 0.000001 0.000007 0.000002 0.000054 
0.000000 0.000030 0.000000 0.000003 0.008839 0.871806 0.000057 0.000593 0.000002 0.000023 0.000049 0.118597 
0.022526 0.029050 0.050105 0.000004 0.139173 0.048033 0.000023 0.041837 0.646034 0.000011 0.008031 0.015173 
0.000000 0.009162 0.000000 0.078533 0.309381 0.212337 0.003563 0.026650 0.028001 0.024277 0.021233 0.286862 
0.041940 0.050247 0.094068 0.041556 0.267126 0.126318 0.028441 0.092399 0.000002 0.032760 0.111540 0.113602 
0.048881 0.037235 0.062754 0.000004 0.131997 0.091458 0.002865 0.090585 0.037327 0.425644 0.042165 0.029085 
0.009192 0.034843 0.000000 0.064110 0.339091 0.220487 0.009745 0.039978 0.037174 0.013796 0.016361 0.215223 
0.000000 0.020109 0.000000 0.000001 0.437013 0.014543 0.369998 0.052306 0.000000 0.000003 0.092475 0.013553 
0.006703 0.033404 0.000000 0.084375 0.359936 0.254654 0.007436 0.047579 0.019324 0.013603 0.010794 0.162194 
0.000001 0.014723 0.000000 0.000005 0.391265 0.039850 0.429105 0.017748 0.000002 0.027590 0.038854 0.040859 
0.000000 0.019171 0.000000 0.000001 0.429022 0.003892 0.507670 0.039648 0.000001 0.000004 0.000038 0.000553 
0.000000 0.008924 0.000000 0.037279 0.366247 0.200564 0.160534 0.019187 0.000000 0.014290 0.024133 0.168842 
0.000000 0.012607 0.000000 0.000003 0.324375 0.036009 0.614034 0.011857 0.000002 0.000016 0.000028 0.001069 
0.000000 0.000046 0.000000 0.000005 0.279568 0.024913 0.610307 0.084321 0.000003 0.000025 0.000044 0.000767 
0.000000 0.000066 0.000000 0.000002 0.314302 0.023396 0.630521 0.013062 0.000001 0.006175 0.005043 0.007430 
0.007254 0.039157 0.000000 0.076295 0.292561 0.282269 0.006266 0.031444 0.028903 0.018388 0.019898 0.197565 
0.013423 0.017225 0.000000 0.105677 0.325581 0.284649 0.006095 0.014723 0.000000 0.016460 0.006797 0.209370 
0.010499 0.023024 0.000000 0.069284 0.347536 0.259888 0.007565 0.026850 0.020958 0.020316 0.016866 0.197214 
0.000000 0.072411 0.093724 0.265681 0.186152 0.000970 0.017586 0.000256 0.099705 0.000004 0.059816 0.203695 
0.000000 0.025525 0.105400 0.112797 0.153842 0.044604 0.014497 0.000537 0.172574 0.156415 0.147806 0.066002 
0.000000 0.000011 0.353378 0.027964 0.000059 0.308453 0.000000 0.029874 0.021874 0.003778 0.049436 0.205175 
0.000000 0.000010 0.409224 0.014167 0.008433 0.268815 0.000000 0.024933 0.025391 0.000000 0.034266 0.214760 
0.027888 0.040330 0.010605 0.090519 0.392786 0.218669 0.000008 0.030540 0.000000 0.018089 0.013344 0.157223 
0.011945 0.066592 0.052941 0.071681 0.330653 0.241671 0.007336 0.028631 0.009484 0.021970 0.000127 0.156970 
0.026170 0.025398 0.037887 0.069766 0.406967 0.289685 0.001408 0.025972 0.009686 0.000001 0.016930 0.090131 
0.000000 0.000010 0.293311 0.021276 0.000034 0.418865 0.001780 0.018827 0.000000 0.000000 0.015198 0.230700 
0.925568 0.000010 0.025281 0.003152 0.010309 0.015413 0.000486 0.009109 0.000000 0.000000 0.007905 0.002767 
0.000000 0.008876 0.369781 0.000838 0.000040 0.485828 0.002952 0.025365 0.005984 0.000000 0.026837 0.073498 
0.014223 0.005915 0.328791 0.052818 0.000064 0.422972 0.001000 0.055089 0.000000 0.000000 0.015437 0.103689 
0.009897 0.003232 0.176995 0.001547 0.009812 0.762719 0.003118 0.005176 0.000000 0.000000 0.000052 0.027450 
0.004542 0.000006 0.205645 0.000988 0.000031 0.724847 0.000950 0.001328 0.000000 0.009670 0.013052 0.038940 
0.000000 0.021426 0.341302 0.047687 0.025254 0.419175 0.000001 0.011887 0.000000 0.000000 0.031094 0.102173 
0.000000 0.000023 0.450302 0.027015 0.000063 0.310468 0.002565 0.046165 0.000000 0.000000 0.032081 0.131318 
0.012100 0.001020 0.335917 0.020667 0.012343 0.539545 0.002512 0.005955 0.000000 0.004012 0.017121 0.048809 
0.000000 0.000009 0.526088 0.023444 0.019574 0.168078 0.013244 0.013162 0.000000 0.001887 0.042712 0.191803 
0.000000 0.008062 0.265875 0.013150 0.000050 0.524021 0.000892 0.031607 0.000000 0.006999 0.036035 0.113308 
0.000000 0.019020 0.380936 0.037852 0.032535 0.130961 0.000001 0.051547 0.037891 0.000000 0.006855 0.302403 
0.000000 0.003616 0.290143 0.039635 0.000053 0.427006 0.001260 0.048023 0.000000 0.000001 0.013894 0.176369 
0.000000 0.004467 0.272775 0.021508 0.000041 0.592754 0.000000 0.031771 0.000000 0.000000 0.021147 0.055536 
0.000000 0.000006 0.484179 0.057425 0.000012 0.171570 0.001375 0.047056 0.000000 0.000000 0.039493 0.198884 
0.000000 0.000019 0.391165 0.025530 0.000075 0.341267 0.003043 0.036214 0.000000 0.000001 0.026928 0.175757 
0.846786 0.000002 0.032048 0.004621 0.003483 0.002018 0.002464 0.003023 0.000000 0.000000 0.086223 0.019333 
0.015237 0.025122 0.019544 0.066677 0.403074 0.270135 0.000001 0.026915 0.000000 0.000001 0.006569 0.166725 
0.000000 0.009393 0.260784 0.066150 0.035398 0.507896 0.000000 0.017725 0.000000 0.000000 0.016517 0.086138 
0.058086 0.031232 0.025602 0.077694 0.200738 0.316774 0.004558 0.083327 0.000000 0.178098 0.000119 0.023773 
0.043010 0.000037 0.389005 0.012664 0.000121 0.292056 0.000001 0.172557 0.000000 0.009868 0.004616 0.076067 
0.042832 0.062622 0.234889 0.030209 0.000155 0.576426 0.000001 0.029198 0.000000 0.000001 0.000560 0.023106 
0.018619 0.005352 0.188574 0.010429 0.056169 0.336404 0.000002 0.150636 0.000000 0.000001 0.032583 0.201233 
0.000000 0.013119 0.217689 0.002101 0.000077 0.413563 0.000001 0.245935 0.000000 0.000000 0.024142 0.083373 
0.000000 0.000029 0.416328 0.008171 0.056581 0.150266 0.000001 0.149825 0.014381 0.000001 0.035818 0.168599 
0.000000 0.036445 0.014842 0.097024 0.268959 0.369891 0.004905 0.105911 0.000000 0.033337 0.017984 0.050703 
0.037872 0.010980 0.214784 0.027739 0.000066 0.528088 0.003012 0.126723 0.000000 0.000001 0.000100 0.050635 
0.039560 0.024731 0.006536 0.106984 0.172559 0.269317 0.010671 0.099759 0.000000 0.217802 0.004899 0.047181 
0.000000 0.000007 0.240183 0.054955 0.030050 0.267349 0.000854 0.015965 0.000000 0.000000 0.018347 0.372289 
0.071497 0.016618 0.005410 0.086531 0.299307 0.297003 0.005190 0.065699 0.000000 0.079115 0.013620 0.060011 
0.044162 0.000061 0.012611 0.084322 0.196033 0.347107 0.006289 0.129815 0.045604 0.048726 0.021810 0.063461 
0.000000 0.000011 0.465028 0.050743 0.003334 0.287668 0.001244 0.054079 0.010586 0.000000 0.005959 0.121347 
0.000000 0.019839 0.307922 0.066163 0.036448 0.403093 0.000005 0.034882 0.000000 0.000001 0.017946 0.113700 
0.000000 0.000013 0.223669 0.044459 0.010677 0.550220 0.000000 0.012587 0.000000 0.000000 0.005985 0.152390 
0.000000 0.011549 0.176040 0.013413 0.000037 0.417263 0.000414 0.015436 0.000000 0.000000 0.008986 0.356861 
0.000000 0.052159 0.076344 0.054618 0.130264 0.267113 0.003298 0.109557 0.255577 0.026140 0.016407 0.008525 
0.000000 0.027015 0.010145 0.061657 0.198282 0.333840 0.020402 0.162032 0.057159 0.037068 0.001817 0.090582 
0.038235 0.013022 0.498530 0.066313 0.000006 0.030426 0.001561 0.097300 0.029538 0.009251 0.017721 0.198097 
0.000000 0.052955 0.131681 0.064866 0.017952 0.123300 0.001815 0.013907 0.023430 0.004826 0.003923 0.561344 
0.000000 0.059589 0.137324 0.071198 0.027226 0.117718 0.001248 0.013338 0.025424 0.002934 0.003765 0.540235 
0.020746 0.013875 0.029758 0.097097 0.205137 0.343217 0.000001 0.042576 0.000000 0.141684 0.000119 0.105790 
0.008857 0.026549 0.307995 0.055497 0.039052 0.427476 0.002861 0.021565 0.000000 0.000000 0.017363 0.092785 
0.798486 0.001686 0.004030 0.013099 0.019344 0.022328 0.003235 0.008665 0.004237 0.000000 0.094902 0.029987 
0.000000 0.016347 0.320986 0.086357 0.013646 0.277340 0.000002 0.039629 0.000000 0.000000 0.007048 0.238647 
0.061453 0.015717 0.557894 0.024539 0.000019 0.024994 0.002840 0.114522 0.030975 0.002353 0.018781 0.145912 
0.000000 0.001627 0.312588 0.086458 0.038451 0.272686 0.000000 0.029842 0.018256 0.000000 0.008946 0.231147 
0.040999 0.009858 0.513258 0.070525 0.000006 0.035143 0.001374 0.105255 0.027989 0.009301 0.017344 0.168949 
0.047796 0.000004 0.505617 0.055937 0.001039 0.067362 0.002739 0.093428 0.014773 0.010571 0.021011 0.179723 
0.020532 0.000025 0.016167 0.034481 0.148088 0.299837 0.002347 0.018492 0.000000 0.402840 0.004053 0.053138 
0.031475 0.058388 0.101936 0.115678 0.201275 0.180504 0.000002 0.177962 0.000000 0.104689 0.018273 0.009820 
0.048945 0.036946 0.016435 0.077951 0.096136 0.503504 0.007812 0.100865 0.000000 0.020271 0.026419 0.064716 
0.020995 0.058401 0.064867 0.088776 0.237648 0.267542 0.002156 0.111950 0.044876 0.050214 0.015545 0.037030 
0.675307 0.000003 0.171756 0.002099 0.008882 0.033643 0.003397 0.000065 0.023445 0.003051 0.023393 0.054958 
0.038569 0.065845 0.141892 0.032305 0.142807 0.167130 0.003549 0.142599 0.197010 0.030119 0.028210 0.009966 
0.021214 0.649445 0.042328 0.002183 0.000043 0.043164 0.000001 0.099146 0.000000 0.027429 0.056682 0.058364 
0.754129 0.000012 0.052013 0.004145 0.000041 0.094542 0.004615 0.020875 0.000000 0.003751 0.040762 0.025113 
0.000000 0.010722 0.341955 0.032713 0.000028 0.452244 0.003013 0.057745 0.000000 0.012977 0.013580 0.075022 
0.000000 0.010406 0.347062 0.036676 0.000024 0.445730 0.003685 0.052620 0.000000 0.012733 0.012810 0.078254 
0.000000 0.016716 0.277781 0.016801 0.021134 0.477527 0.002983 0.025144 0.000000 0.000000 0.032744 0.129169 
0.000000 0.014904 0.293056 0.025773 0.018363 0.449021 0.003179 0.034277 0.000000 0.000000 0.030649 0.130777 
0.007763 0.016102 0.005602 0.080056 0.267635 0.379596 0.008666 0.054063 0.005496 0.019836 0.000110 0.155075 
0.008156 0.018389 0.005278 0.094615 0.260688 0.382839 0.007234 0.052077 0.000000 0.020547 0.000114 0.150065 
0.000000 0.025174 0.009799 0.083898 0.298235 0.386794 0.007908 0.048002 0.000000 0.017221 0.000062 0.122906 
0.000000 0.020286 0.009004 0.083250 0.280454 0.412900 0.010392 0.031174 0.000000 0.020314 0.000082 0.132145 
