-8896349.676859
0
0.004406 0.003762 0.002165 0.003914 0.002133 0.001735 0.001687 0.001936 0.008928 0.015009 0.044464 0.008783 0.001702 0.002530 0.002213 0.002808 0.005713 0.005404 0.011530 0.005148 0.000829 0.001477 0.001852 0.002659 0.008630 0.008903 0.006404 0.017877 0.002001 0.001950 0.002370 0.002382 0.028018 0.043378 0.055047 0.032134 0.000956 0.002621 0.003942 0.002878 0.003821 0.006736 0.013050 0.007302 0.000770 0.002502 0.003796 0.006576 0.004995 0.005805 0.003562 0.007717 0.001779 0.002940 0.002214 0.002290 0.014927 0.031338 0.064896 0.021840 0.001286 0.001943 0.001988 0.001604 0.008927 0.008293 0.010485 0.009974 0.001186 0.002377 0.007168 0.003330 0.008089 0.007697 0.002848 0.031829 0.009124 0.004820 0.002209 0.010945 0.043401 0.085487 0.084471 0.037119 0.001052 0.001763 0.001348 0.002604 0.004143 0.005821 0.006347 0.004705 0.001204 0.002498 0.001803 0.008978 
0.004424 0.003762 0.002315 0.004223 0.001997 0.001670 0.001642 0.001844 0.008315 0.014639 0.042203 0.008684 0.001658 0.002414 0.002151 0.002677 0.005918 0.005189 0.011265 0.004779 0.000813 0.001587 0.002074 0.002863 0.008813 0.009386 0.006269 0.018974 0.001923 0.001888 0.002279 0.002262 0.027545 0.042798 0.052987 0.032367 0.000997 0.002678 0.004094 0.002582 0.003624 0.006723 0.012663 0.006979 0.000740 0.002352 0.004097 0.006335 0.004958 0.005938 0.003639 0.008015 0.001699 0.003092 0.002156 0.002244 0.014486 0.030841 0.063419 0.021521 0.001251 0.001916 0.002211 0.001505 0.008431 0.008115 0.009930 0.009620 0.001397 0.002322 0.009913 0.003459 0.008799 0.007674 0.002975 0.035603 0.008901 0.004807 0.002221 0.010814 0.043425 0.086033 0.086787 0.037305 0.001078 0.001620 0.001479 0.002559 0.003994 0.005824 0.006164 0.004592 0.001331 0.002488 0.001723 0.009264 
0.004191 0.003542 0.002314 0.003758 0.002045 0.001679 0.001606 0.001812 0.008473 0.015422 0.042551 0.008791 0.001648 0.002406 0.002256 0.002746 0.005738 0.005079 0.010790 0.004801 0.000928 0.001435 0.001855 0.002888 0.008401 0.008870 0.006196 0.017820 0.001897 0.001934 0.002329 0.002344 0.029309 0.045337 0.053057 0.033618 0.001063 0.002656 0.004082 0.002766 0.003823 0.006339 0.012317 0.006964 0.000759 0.002329 0.004044 0.006442 0.004619 0.005670 0.003622 0.007568 0.001646 0.003203 0.002129 0.002131 0.014682 0.031121 0.062314 0.021651 0.001183 0.001850 0.002132 0.001399 0.008477 0.007831 0.009779 0.009737 0.001172 0.002298 0.006948 0.003115 0.008275 0.007699 0.003109 0.032883 0.008466 0.004626 0.002111 0.010298 0.044733 0.090916 0.086123 0.038751 0.001154 0.001649 0.001510 0.002704 0.003989 0.005951 0.006086 0.004487 0.001313 0.002468 0.001712 0.009265 
0.004865 0.003665 0.002366 0.004029 0.002103 0.001816 0.001709 0.001886 0.008901 0.014444 0.043416 0.008652 0.001592 0.002335 0.002280 0.002731 0.005961 0.005264 0.011069 0.005057 0.000933 0.001567 0.001951 0.002774 0.009154 0.009529 0.006991 0.019265 0.001967 0.001832 0.002347 0.002358 0.027224 0.042419 0.053898 0.031232 0.001023 0.002774 0.004161 0.002744 0.003877 0.006992 0.012666 0.006961 0.000699 0.002458 0.004031 0.006117 0.005062 0.006361 0.003898 0.008013 0.001844 0.003178 0.002329 0.002223 0.015039 0.031492 0.064303 0.021704 0.001314 0.001912 0.002021 0.001544 0.008630 0.008294 0.010142 0.009711 0.001367 0.002284 0.008136 0.003175 0.008699 0.008114 0.003240 0.033038 0.009397 0.004809 0.002181 0.010994 0.043616 0.084913 0.083882 0.036794 0.001141 0.001876 0.001560 0.002617 0.003777 0.005734 0.006415 0.004619 0.001267 0.002372 0.001895 0.008986 
0.004222 0.003591 0.002249 0.003854 0.001961 0.001596 0.001564 0.001814 0.008834 0.015059 0.044220 0.008563 0.001683 0.002395 0.002245 0.002694 0.006065 0.005185 0.011336 0.004994 0.000790 0.001423 0.001752 0.002809 0.008294 0.008667 0.006152 0.018505 0.001998 0.001780 0.002244 0.002221 0.028172 0.042710 0.054723 0.033039 0.001032 0.002582 0.003940 0.002631 0.003899 0.006669 0.012684 0.006935 0.000765 0.002470 0.004054 0.006734 0.004631 0.005399 0.003598 0.007695 0.001766 0.002773 0.002184 0.002181 0.014560 0.031579 0.065710 0.021548 0.001292 0.001956 0.001972 0.001431 0.008805 0.008131 0.010130 0.009912 0.001149 0.002165 0.006211 0.003203 0.008202 0.007592 0.002824 0.033933 0.008547 0.004510 0.002090 0.010410 0.043759 0.087126 0.086690 0.037775 0.001169 0.001724 0.001455 0.002512 0.004039 0.005852 0.006381 0.004832 0.001220 0.002440 0.001766 0.009375 
0.200762 0.199332 0.185688 0.210945 0.203273 
0.183771 0.197584 0.195184 0.194086 0.229376 
0.194076 0.200010 0.200696 0.213007 0.192210 
0.218652 0.188833 0.173865 0.203019 0.215631 
0.209549 0.193990 0.180419 0.199730 0.216312 
0.207103 0.193883 0.194850 0.186124 0.218039 
0.209625 0.192296 0.198305 0.202400 0.197374 
0.204627 0.190944 0.188031 0.200990 0.215409 
0.217798 0.202496 0.194950 0.196955 0.187802 
0.216785 0.193502 0.192631 0.193082 0.204000 
0.212904 0.197353 0.199184 0.188104 0.202454 
0.217754 0.190571 0.220718 0.201835 0.169123 
0.205362 0.190678 0.173828 0.201310 0.228822 
0.206852 0.202417 0.196171 0.214085 0.180475 
0.211072 0.177873 0.221877 0.206704 0.182474 
0.214759 0.179368 0.185574 0.225012 0.195287 
0.202837 0.227984 0.177776 0.205628 0.185775 
0.180557 0.200729 0.240310 0.196017 0.182386 
0.201377 0.197558 0.206089 0.222959 0.172017 
0.167078 0.207115 0.214782 0.198274 0.212752 
0.220602 0.184449 0.192684 0.213317 0.188949 
0.195096 0.203250 0.205468 0.193595 0.202591 
0.185346 0.204034 0.179984 0.244893 0.185743 
0.248515 0.174208 0.187478 0.180973 0.208826 
0.207616 0.208655 0.210839 0.183206 0.189685 
0.195447 0.216077 0.192660 0.178341 0.217476 
0.219632 0.192824 0.198454 0.177861 0.211229 
0.183758 0.197561 0.216259 0.214705 0.187717 
0.204058 0.205069 0.166509 0.215596 0.208768 
0.181336 0.292308 0.160968 0.214193 0.151195 
0.200153 0.179557 0.223298 0.185313 0.211678 
0.200341 0.209002 0.194915 0.219088 0.176654 
0.171419 0.298944 0.174805 0.216830 0.138002 
0.202525 0.200231 0.195552 0.203566 0.198127 
0.191260 0.211003 0.208460 0.192221 0.197056 
0.199127 0.207458 0.203571 0.192362 0.197484 
0.191475 0.210767 0.198238 0.203900 0.195619 
0.231481 0.185026 0.172491 0.192012 0.218990 
0.180718 0.212760 0.190373 0.209539 0.206611 
0.170464 0.184958 0.210675 0.229828 0.204075 
0.184523 0.220638 0.194673 0.214177 0.185988 
0.232049 0.205030 0.195695 0.201979 0.165247 
0.182608 0.172908 0.223722 0.228918 0.191843 
0.209055 0.206204 0.190805 0.200171 0.193765 
0.205840 0.191968 0.205644 0.196026 0.200522 
0.200874 0.190924 0.198436 0.220949 0.188817 
0.206439 0.195812 0.212254 0.206103 0.179392 
0.230309 0.205443 0.203076 0.180201 0.180971 
0.201845 0.190629 0.192094 0.206187 0.209245 
0.213849 0.189509 0.178747 0.224717 0.193179 
0.187045 0.222878 0.190258 0.199374 0.200444 
0.223133 0.189922 0.171372 0.208853 0.206721 
0.223970 0.193507 0.198719 0.210179 0.173624 
0.204634 0.211142 0.202612 0.188780 0.192831 
0.193243 0.219364 0.170639 0.211569 0.205185 
0.191003 0.186751 0.212221 0.206103 0.203922 
0.197796 0.177957 0.228494 0.216114 0.179640 
0.210351 0.219685 0.201465 0.197189 0.171310 
0.221392 0.213823 0.163158 0.215314 0.186315 
0.226470 0.200140 0.166747 0.173515 0.233128 
0.170458 0.197788 0.192806 0.211435 0.227514 
0.222965 0.196946 0.193152 0.210033 0.176904 
0.203802 0.199056 0.195509 0.215737 0.185896 
0.196795 0.194852 0.197459 0.202507 0.208387 
0.195622 0.190492 0.198204 0.202877 0.212805 
0.181037 0.214286 0.183461 0.210202 0.211014 
0.197753 0.204909 0.187051 0.207783 0.202504 
0.226917 0.226114 0.173091 0.198280 0.175598 
0.209507 0.202592 0.200121 0.211901 0.175879 
0.210822 0.181686 0.194215 0.214330 0.198947 
0.198657 0.208306 0.191299 0.207196 0.194543 
0.191170 0.202940 0.207060 0.195130 0.203700 
0.203240 0.198180 0.186091 0.207630 0.204859 
0.198830 0.209907 0.185824 0.205492 0.199947 
0.212077 0.189920 0.199061 0.205816 0.193126 
0.204048 0.206799 0.194559 0.195196 0.199398 
0.208086 0.207443 0.213755 0.184802 0.185914 
0.214752 0.208937 0.191002 0.192809 0.192500 
0.192485 0.196846 0.195311 0.200620 0.214738 
0.193326 0.196580 0.197646 0.208726 0.203722 
0.183687 0.197467 0.195347 0.194116 0.229383 
0.183612 0.193955 0.202285 0.210410 0.209739 
0.206175 0.189252 0.198755 0.206535 0.199283 
0.192758 0.183756 0.214936 0.218720 0.189830 
0.187836 0.198310 0.207366 0.193378 0.213111 
0.217024 0.215737 0.178740 0.206558 0.181941 
0.194979 0.215301 0.179255 0.203326 0.207140 
0.212057 0.202863 0.218363 0.170460 0.196257 
0.187821 0.188925 0.205955 0.222847 0.194451 
0.177776 0.207706 0.217487 0.197096 0.199934 
0.212648 0.185067 0.211429 0.197507 0.193349 
0.201517 0.200459 0.201777 0.199938 0.196309 
0.216825 0.176866 0.203039 0.189788 0.213482 
0.197473 0.201769 0.189357 0.212096 0.199305 
0.215965 0.187066 0.189399 0.193410 0.214161 
0.198054 0.208970 0.197138 0.193117 0.202721 
0.196458 0.203948 0.195326 0.207918 0.196349 
0.200962 0.200752 0.193288 0.220827 0.184171 
0.193768 0.195857 0.205535 0.201340 0.203501 
0.213636 0.206121 0.183624 0.191764 0.204855 
0.182584 0.216509 0.221076 0.196052 0.183779 
0.207009 0.202786 0.182124 0.184505 0.223575 
0.202839 0.200529 0.198971 0.195711 0.201950 
0.216351 0.184099 0.194804 0.199142 0.205603 
0.194838 0.204359 0.205438 0.215914 0.179451 
0.230894 0.179953 0.196866 0.211212 0.181075 
0.184047 0.211140 0.199107 0.194918 0.210788 
0.190868 0.196614 0.218458 0.200781 0.193279 
0.203858 0.189610 0.185314 0.223463 0.197756 
0.203802 0.198155 0.188812 0.213352 0.195879 
0.217840 0.202777 0.188252 0.177080 0.214050 
0.189838 0.211125 0.189395 0.209490 0.200152 
0.202759 0.188799 0.199386 0.201276 0.207781 
0.232461 0.205698 0.174059 0.205874 0.181908 
0.204434 0.168803 0.207924 0.209370 0.209468 
0.197747 0.209623 0.197828 0.192333 0.202469 
0.186911 0.199933 0.204896 0.219412 0.188847 
0.225271 0.216534 0.158075 0.208379 0.191741 
0.205737 0.205232 0.186280 0.216023 0.186728 
0.213977 0.189425 0.196172 0.201356 0.199070 
0.200157 0.202884 0.194242 0.200510 0.202208 
0.214454 0.199515 0.195668 0.186467 0.203896 
0.200478 0.197660 0.194769 0.208842 0.198252 
0.245839 0.208377 0.179791 0.207559 0.158433 
0.183938 0.214483 0.199145 0.187188 0.215245 
0.230315 0.178112 0.187582 0.212680 0.191312 
0.212680 0.191765 0.180156 0.211465 0.203934 
0.228543 0.156223 0.167877 0.206123 0.241234 
0.216776 0.196107 0.195025 0.177367 0.214725 
0.198596 0.177000 0.228760 0.195353 0.200291 
0.196143 0.202464 0.193691 0.205466 0.202236 
0.192196 0.205095 0.199302 0.195190 0.208217 
0.204346 0.211456 0.183095 0.199932 0.201171 
0.191860 0.182467 0.208548 0.228012 0.189113 
0.196226 0.196873 0.195353 0.226864 0.184684 
0.182505 0.218001 0.189618 0.229270 0.180606 
0.201707 0.213144 0.188675 0.192477 0.203996 
0.199851 0.212744 0.193742 0.198246 0.195416 
0.192475 0.200727 0.201119 0.200535 0.205144 
0.203516 0.181508 0.206117 0.215237 0.193623 
0.200065 0.174962 0.187472 0.197943 0.239557 
0.204969 0.216902 0.194160 0.175456 0.208514 
0.194138 0.209015 0.198064 0.199548 0.199235 
0.211662 0.200030 0.198580 0.182081 0.207647 
0.180801 0.200050 0.194044 0.218251 0.206855 
0.201945 0.182671 0.217790 0.199303 0.198291 
0.194257 0.206416 0.194098 0.196251 0.208977 
0.211090 0.194005 0.225340 0.180035 0.189530 
0.210759 0.183698 0.162715 0.222389 0.220438 
0.204020 0.187379 0.191498 0.219175 0.197928 
0.194802 0.208392 0.201634 0.196216 0.198956 
0.197208 0.192696 0.210280 0.197041 0.202775 
0.188149 0.234250 0.185508 0.182879 0.209214 
0.222263 0.198484 0.189992 0.198997 0.190264 
0.193881 0.198707 0.207002 0.201394 0.199016 
0.243552 0.176969 0.185659 0.197759 0.196061 
0.198964 0.199236 0.213925 0.210149 0.177726 
0.201981 0.204742 0.216717 0.197979 0.178580 
0.214068 0.228542 0.182778 0.189818 0.184793 
0.219888 0.193528 0.199828 0.189962 0.196794 
0.183404 0.200830 0.211552 0.215879 0.188334 
0.206177 0.226151 0.190452 0.177959 0.199261 
0.208094 0.247003 0.159411 0.183697 0.201795 
0.240297 0.163696 0.215106 0.191844 0.189057 
0.204518 0.196700 0.182413 0.206813 0.209557 
0.215577 0.190566 0.192623 0.219899 0.181335 
0.187702 0.201509 0.212699 0.192385 0.205706 
0.183721 0.191831 0.204576 0.204015 0.215857 
0.189705 0.211618 0.196874 0.198271 0.203533 
0.208653 0.160612 0.199579 0.209829 0.221327 
0.196165 0.206468 0.201601 0.200304 0.195462 
0.219045 0.194537 0.190370 0.193799 0.202249 
0.204358 0.236609 0.153557 0.215571 0.189904 
0.210487 0.202430 0.201549 0.170862 0.214672 
0.199698 0.191070 0.200179 0.195197 0.213856 
0.219167 0.193516 0.194346 0.189642 0.203329 
0.177644 0.226343 0.159157 0.229350 0.207506 
0.210662 0.250447 0.183176 0.216638 0.139077 
0.173093 0.193174 0.211552 0.211954 0.210227 
0.197046 0.199218 0.223618 0.189715 0.190404 
0.187704 0.203960 0.192206 0.212742 0.203388 
0.196247 0.194249 0.188487 0.216872 0.204145 
0.232948 0.173485 0.189328 0.187893 0.216346 
0.206670 0.184427 0.214319 0.199957 0.194627 
0.195202 0.203279 0.210259 0.181582 0.209678 
0.208783 0.193781 0.192761 0.202229 0.202446 
0.173957 0.193367 0.212576 0.206219 0.213881 
0.211147 0.201215 0.206704 0.193662 0.187273 
0.197000 0.198553 0.196232 0.201762 0.206453 
0.189417 0.226303 0.195014 0.204766 0.184500 
0.207869 0.195668 0.199098 0.209780 0.187585 
0.204527 0.235162 0.173624 0.211833 0.174855 
0.185994 0.208540 0.163415 0.256787 0.185264 
0.208617 0.207058 0.192134 0.185578 0.206613 
0.225492 0.217711 0.187565 0.207065 0.162167 
0.201540 0.252818 0.183114 0.194173 0.168355 
0.192051 0.201926 0.213135 0.209096 0.183792 
0.214110 0.199322 0.178169 0.199865 0.208534 
0.199006 0.195935 0.212842 0.192360 0.199857 
0.208224 0.190518 0.190960 0.205430 0.204868 
0.202456 0.224617 0.192950 0.204383 0.175593 
0.208439 0.169508 0.206076 0.195658 0.220318 
0.212867 0.209432 0.172803 0.195303 0.209595 
0.195299 0.210400 0.198735 0.189473 0.206093 
0.254976 0.180342 0.195731 0.189279 0.179672 
0.214409 0.182777 0.196335 0.221663 0.184817 
0.215197 0.174339 0.190760 0.200416 0.219289 
0.191311 0.202744 0.203936 0.207015 0.194994 
0.196269 0.218586 0.182590 0.203288 0.199267 
0.204388 0.201517 0.188495 0.197700 0.207900 
0.182621 0.207075 0.209933 0.204374 0.195996 
0.208928 0.180711 0.201394 0.197700 0.211267 
0.194241 0.199588 0.203427 0.199391 0.203353 
0.203530 0.209844 0.197556 0.200451 0.188618 
0.199239 0.204341 0.198911 0.198759 0.198750 
0.212183 0.193074 0.192927 0.186971 0.214844 
0.210605 0.178080 0.198678 0.217698 0.194939 
0.199035 0.196811 0.189303 0.210307 0.204544 
0.196005 0.188138 0.201096 0.206656 0.208105 
0.203961 0.180598 0.210758 0.203351 0.201332 
0.210685 0.212234 0.181260 0.188716 0.207105 
0.196492 0.197189 0.202826 0.208822 0.194671 
0.200485 0.181656 0.184268 0.227846 0.205746 
0.195336 0.203790 0.202080 0.193142 0.205653 
0.206899 0.192302 0.189303 0.219548 0.191948 
0.185307 0.191926 0.200798 0.221711 0.200258 
0.243439 0.203423 0.143819 0.188005 0.221314 
0.198568 0.169551 0.197254 0.230745 0.203881 
0.214003 0.194827 0.190435 0.221936 0.178800 
0.217202 0.184533 0.206637 0.181020 0.210608 
0.190846 0.194608 0.197790 0.219708 0.197048 
0.186636 0.179023 0.214682 0.176311 0.243347 
0.187975 0.162922 0.230030 0.213068 0.206004 
0.227914 0.181595 0.193534 0.206342 0.190614 
0.211664 0.202755 0.182236 0.186704 0.216640 
0.196757 0.196672 0.194131 0.208302 0.204138 
0.196674 0.181855 0.236937 0.192054 0.192480 
0.216118 0.216295 0.166798 0.189033 0.211757 
0.188012 0.203073 0.193238 0.207703 0.207974 
0.201563 0.190487 0.209045 0.203696 0.195210 
0.185886 0.195444 0.201795 0.198280 0.218595 
0.210419 0.195375 0.191611 0.203018 0.199578 
0.206291 0.194613 0.209572 0.222438 0.167087 
0.195936 0.174886 0.210269 0.193484 0.225425 
0.194727 0.199328 0.196035 0.209242 0.200668 
0.204271 0.194814 0.196872 0.203466 0.200577 
0.203991 0.189981 0.199083 0.199600 0.207345 
0.224898 0.105916 0.206989 0.245652 0.216545 
0.206323 0.202570 0.183973 0.203178 0.203955 
0.197584 0.202323 0.202296 0.196619 0.201178 
0.195695 0.173692 0.210349 0.216093 0.204171 
0.197705 0.215288 0.192484 0.193924 0.200598 
0.196888 0.192312 0.196337 0.206470 0.207992 
0.200899 0.201783 0.190595 0.199759 0.206964 
0.194827 0.203920 0.198094 0.198295 0.204864 
0.170361 0.210712 0.197096 0.209287 0.212543 
0.232679 0.174663 0.202389 0.212045 0.178224 
0.181408 0.217860 0.213505 0.199431 0.187796 
0.195769 0.163684 0.206609 0.234038 0.199900 
0.201233 0.198550 0.195356 0.207451 0.197410 
0.217203 0.185213 0.189900 0.207969 0.199714 
0.200115 0.207366 0.182722 0.223548 0.186249 
0.196485 0.216006 0.191341 0.190680 0.205487 
0.221013 0.197793 0.182450 0.204943 0.193802 
0.205461 0.184839 0.183892 0.207771 0.218038 
0.205638 0.206029 0.192404 0.177914 0.218016 
0.202650 0.206257 0.188886 0.204230 0.197977 
0.198182 0.194188 0.191055 0.202926 0.213648 
0.212610 0.198855 0.188405 0.209579 0.190552 
0.186150 0.195362 0.210935 0.203130 0.204423 
0.205522 0.200320 0.179344 0.203375 0.211439 
0.186217 0.204401 0.216707 0.172269 0.220406 
0.200549 0.192866 0.200160 0.200526 0.205899 
0.206195 0.193853 0.197596 0.192861 0.209495 
0.200978 0.180272 0.213132 0.190837 0.214781 
0.193392 0.206613 0.194296 0.195996 0.209703 
0.194504 0.185706 0.218244 0.194165 0.207382 
0.210831 0.202514 0.196426 0.196422 0.193807 
0.207421 0.190307 0.202763 0.198340 0.201168 
0.195309 0.194919 0.200394 0.206600 0.202779 
0.206584 0.209835 0.196628 0.201674 0.185279 
0.198779 0.196140 0.213023 0.202494 0.189565 
0.203871 0.189971 0.193514 0.198474 0.214171 
0.169289 0.206941 0.218838 0.200231 0.204702 
0.180772 0.192613 0.199067 0.209864 0.217684 
0.196188 0.200526 0.201435 0.200448 0.201403 
0.198481 0.224466 0.228716 0.179492 0.168845 
0.206800 0.193118 0.197727 0.192500 0.209855 
0.207007 0.180406 0.205461 0.210651 0.196475 
0.200296 0.188209 0.212914 0.191491 0.207090 
0.198233 0.202124 0.197219 0.196602 0.205821 
0.208366 0.201952 0.194030 0.202614 0.193038 
0.208065 0.209381 0.201908 0.187283 0.193363 
0.217564 0.175637 0.181539 0.231245 0.194014 
0.178141 0.199604 0.190179 0.225044 0.207033 
0.203542 0.219840 0.163885 0.234583 0.178150 
0.198240 0.207596 0.193791 0.188961 0.211411 
0.192050 0.189847 0.206358 0.209215 0.202530 
0.194288 0.193849 0.201483 0.200548 0.209833 
0.215200 0.230187 0.196481 0.188077 0.170055 
0.198917 0.210854 0.186948 0.195600 0.207681 
0.222627 0.195750 0.167828 0.197911 0.215885 
0.207379 0.212067 0.196735 0.189524 0.194295 
0.214048 0.208951 0.173636 0.224296 0.179069 
0.195074 0.199340 0.206994 0.207063 0.191529 
0.194152 0.192326 0.211357 0.199208 0.202956 
0.201867 0.167139 0.218481 0.208024 0.204489 
0.192855 0.202956 0.206913 0.189395 0.207880 
0.199905 0.187394 0.187849 0.197588 0.227264 
0.184755 0.183848 0.232956 0.191018 0.207424 
0.207869 0.194161 0.182576 0.197861 0.217533 
0.201376 0.194303 0.201268 0.209853 0.193199 
0.217032 0.189465 0.197220 0.187939 0.208344 
0.208630 0.211694 0.182611 0.189454 0.207610 
0.185012 0.208801 0.185279 0.216153 0.204756 
0.192505 0.187455 0.205464 0.203682 0.210894 
0.206473 0.191661 0.199340 0.195182 0.207346 
0.208555 0.207633 0.176871 0.203468 0.203474 
0.203912 0.203553 0.199875 0.198093 0.194568 
0.192558 0.202416 0.182968 0.214182 0.207877 
0.222321 0.183099 0.200171 0.185027 0.209382 
0.213587 0.168982 0.166629 0.221462 0.229339 
0.196543 0.198614 0.191617 0.210761 0.202465 
0.194927 0.200034 0.195445 0.202381 0.207213 
0.169145 0.208711 0.204074 0.193827 0.224244 
0.211163 0.214157 0.183142 0.196338 0.195200 
0.194141 0.198212 0.205922 0.193497 0.208228 
0.204178 0.197590 0.181991 0.203826 0.212416 
0.218375 0.167914 0.212546 0.246050 0.155116 
0.193475 0.207430 0.179779 0.202369 0.216948 
0.204114 0.185456 0.160777 0.214348 0.235306 
0.206113 0.207654 0.185530 0.196782 0.203921 
0.208596 0.185438 0.211501 0.196335 0.198131 
0.198757 0.200997 0.199339 0.213188 0.187719 
0.198452 0.202144 0.215689 0.170639 0.213075 
0.220606 0.190187 0.190517 0.198777 0.199913 
0.195566 0.212819 0.184345 0.194621 0.212649 
0.185283 0.212295 0.196193 0.204335 0.201894 
0.206633 0.194935 0.205417 0.195261 0.197754 
0.200280 0.190178 0.184420 0.199456 0.225666 
0.217364 0.180885 0.201444 0.202299 0.198009 
0.182259 0.219404 0.189564 0.203742 0.205030 
0.197426 0.213997 0.183648 0.211049 0.193878 
0.227018 0.174543 0.198832 0.179150 0.220457 
0.166451 0.205356 0.195378 0.220883 0.211932 
0.220717 0.192201 0.202252 0.196231 0.188599 
0.208796 0.185102 0.198761 0.196998 0.210343 
0.193651 0.184387 0.199055 0.204834 0.218073 
0.182159 0.207137 0.211165 0.213973 0.185566 
0.202671 0.200579 0.194081 0.209461 0.193207 
0.217287 0.206851 0.176396 0.195759 0.203707 
0.202076 0.189895 0.193202 0.188878 0.225950 
0.209646 0.199917 0.189201 0.194181 0.207056 
0.184813 0.210857 0.193368 0.201520 0.209442 
0.192415 0.189252 0.218461 0.187129 0.212742 
0.199708 0.199311 0.194850 0.210284 0.195847 
0.196341 0.196065 0.193930 0.210396 0.203268 
0.206882 0.187069 0.216884 0.195432 0.193733 
0.194474 0.223704 0.196477 0.216561 0.168784 
0.208670 0.188077 0.194558 0.211094 0.197601 
0.200717 0.199790 0.211580 0.191458 0.196455 
0.199635 0.200022 0.204934 0.201857 0.193553 
0.203859 0.209194 0.182678 0.212736 0.191533 
0.212694 0.193911 0.203568 0.193330 0.196498 
0.207171 0.189912 0.202438 0.197285 0.203194 
0.197590 0.198973 0.204241 0.194357 0.204839 
0.199520 0.203898 0.193309 0.196492 0.206781 
0.220572 0.185479 0.195122 0.203868 0.194959 
0.214586 0.192996 0.198832 0.206131 0.187455 
0.207782 0.186068 0.191989 0.196079 0.218081 
0.220452 0.190590 0.194625 0.196866 0.197468 
0.193419 0.159149 0.256367 0.196779 0.194287 
0.195325 0.211422 0.200447 0.188070 0.204737 
0.194090 0.207293 0.200440 0.193202 0.204975 
0.206873 0.212589 0.163257 0.194986 0.222296 
0.207081 0.195438 0.197773 0.197565 0.202144 
0.207679 0.195548 0.197759 0.189228 0.209786 
0.208673 0.219591 0.192219 0.185711 0.193807 
0.198714 0.189943 0.229510 0.195114 0.186718 
0.203941 0.191130 0.196821 0.199020 0.209088 
0.211504 0.181367 0.215974 0.203433 0.187722 
0.203669 0.204752 0.194311 0.198041 0.199228 
0.196033 0.185244 0.211942 0.190247 0.216534 
0.207386 0.196785 0.196057 0.203148 0.196624 
0.206075 0.197159 0.188035 0.205128 0.203604 
0.194311 0.208608 0.203850 0.192996 0.200235 
0.186548 0.208365 0.193254 0.217226 0.194607 
0.216028 0.207348 0.178090 0.201214 0.197320 
0.193996 0.215256 0.198983 0.187367 0.204398 
0.182430 0.202868 0.230102 0.182189 0.202411 
0.197235 0.203448 0.179752 0.180959 0.238606 
0.208270 0.217047 0.158730 0.227354 0.188598 
0.203157 0.187013 0.198882 0.200594 0.210353 
0.185021 0.198523 0.211577 0.197351 0.207529 
0.193558 0.205212 0.192639 0.212418 0.196173 
0.211047 0.194706 0.204659 0.194882 0.194706 
0.194684 0.192517 0.202652 0.206196 0.203951 
0.201710 0.196947 0.189201 0.195556 0.216585 
0.203788 0.198708 0.217963 0.205090 0.174452 
0.200909 0.219174 0.190045 0.209855 0.180017 
0.190775 0.186530 0.212958 0.197212 0.212525 
0.205841 0.190378 0.186010 0.213711 0.204061 
0.195482 0.192871 0.188163 0.205222 0.218263 
0.213178 0.195467 0.199083 0.197560 0.194712 
0.234741 0.184418 0.200797 0.200126 0.179917 
0.209117 0.190615 0.225617 0.201414 0.173237 
0.196256 0.185798 0.192990 0.197199 0.227757 
0.196163 0.203207 0.184377 0.198850 0.217403 
0.199736 0.204925 0.200717 0.191233 0.203389 
0.186411 0.208661 0.207806 0.205439 0.191683 
0.203745 0.195166 0.206593 0.219508 0.174988 
0.196021 0.184437 0.214495 0.192127 0.212920 
0.189805 0.212888 0.203599 0.196909 0.196799 
0.193155 0.195116 0.215407 0.221096 0.175226 
0.202359 0.199946 0.190489 0.218856 0.188351 
0.185710 0.185989 0.233746 0.215299 0.179257 
0.201114 0.181801 0.195218 0.212396 0.209471 
0.248194 0.216228 0.177577 0.170802 0.187199 
0.194992 0.190045 0.201582 0.205505 0.207876 
0.167537 0.188152 0.219267 0.233744 0.191300 
0.213466 0.193169 0.196148 0.202193 0.195024 
0.211427 0.195320 0.204157 0.190812 0.198284 
0.211075 0.196374 0.194066 0.198320 0.200164 
0.214797 0.205157 0.212590 0.173228 0.194228 
0.226152 0.178698 0.201853 0.222216 0.171081 
0.233510 0.176549 0.204490 0.193278 0.192173 
0.202122 0.184594 0.184181 0.223196 0.205907 
0.209146 0.194428 0.179896 0.213812 0.202717 
0.215103 0.188748 0.205463 0.188965 0.201721 
0.207613 0.191359 0.190931 0.200558 0.209539 
0.211281 0.210279 0.195223 0.190918 0.192299 
0.169978 0.217289 0.222654 0.215303 0.174775 
0.211060 0.184539 0.208704 0.190092 0.205605 
0.195056 0.200720 0.200165 0.203572 0.200488 
0.191403 0.194926 0.209668 0.201515 0.202489 
0.210778 0.195456 0.185777 0.198455 0.209534 
0.203772 0.190732 0.200147 0.195976 0.209374 
0.216582 0.211511 0.169933 0.203247 0.198726 
0.185400 0.189504 0.205633 0.221018 0.198446 
0.180395 0.197847 0.215480 0.228635 0.177642 
0.208274 0.200472 0.221889 0.182824 0.186541 
0.179320 0.190668 0.237828 0.176752 0.215433 
0.217341 0.199973 0.186699 0.192318 0.203670 
0.200321 0.210631 0.193522 0.195351 0.200174 
0.213388 0.199068 0.197867 0.207288 0.182389 
0.184300 0.199905 0.198248 0.210735 0.206811 
0.192348 0.214177 0.187383 0.188156 0.217937 
0.197832 0.180578 0.187389 0.246733 0.187469 
0.187556 0.200059 0.212329 0.210478 0.189579 
0.195602 0.199502 0.195049 0.192486 0.217361 
0.187140 0.199723 0.184834 0.194146 0.234157 
0.134767 0.223854 0.212380 0.220471 0.208528 
0.218088 0.181751 0.182336 0.211769 0.206056 
0.203121 0.178582 0.195098 0.189622 0.233577 
0.171803 0.221051 0.186145 0.194130 0.226871 
0.207134 0.186456 0.236020 0.177568 0.192823 
0.188087 0.219029 0.186037 0.222802 0.184045 
0.176189 0.204087 0.186943 0.221395 0.211387 
0.182665 0.220371 0.205354 0.203719 0.187892 
0.178095 0.214822 0.176983 0.206144 0.223956 
0.210674 0.202048 0.175467 0.246873 0.164938 
0.191784 0.212095 0.170022 0.211785 0.214313 
0.201361 0.208304 0.199147 0.215470 0.175717 
0.217263 0.185667 0.200362 0.212152 0.184556 
0.184330 0.211717 0.214588 0.180216 0.209149 
0.184475 0.211565 0.188627 0.199311 0.216023 
0.199336 0.204160 0.187169 0.184605 0.224731 
0.186439 0.206480 0.174229 0.201965 0.230887 
0.217251 0.208102 0.149760 0.234337 0.190550 
0.200800 0.210384 0.200284 0.185788 0.202745 
0.224296 0.189781 0.169782 0.223410 0.192731 
0.197646 0.198775 0.199978 0.211924 0.191677 
0.170754 0.191524 0.212364 0.218024 0.207334 
0.202722 0.195272 0.209606 0.192976 0.199424 
0.182598 0.198893 0.195261 0.211136 0.212112 
0.186443 0.194017 0.215354 0.199521 0.204665 
0.170186 0.213205 0.213633 0.200162 0.202814 
0.192441 0.186300 0.205891 0.206819 0.208550 
0.201927 0.191556 0.225838 0.192395 0.188284 
0.175023 0.232921 0.202540 0.196867 0.192650 
0.204531 0.175730 0.183491 0.219254 0.216994 
0.203250 0.172923 0.243625 0.185540 0.194662 
0.192423 0.197460 0.178757 0.221697 0.209664 
0.182299 0.199082 0.195615 0.227612 0.195393 
0.173894 0.175839 0.218629 0.202169 0.229469 
0.200069 0.225274 0.190776 0.213615 0.170266 
0.160126 0.190642 0.231364 0.217618 0.200250 
0.191699 0.199412 0.200122 0.216679 0.192089 
0.187444 0.193711 0.180999 0.231381 0.206465 
0.199387 0.197222 0.194079 0.188142 0.221169 
0.191698 0.197754 0.176058 0.211095 0.223394 
0.229075 0.196918 0.171240 0.220895 0.181871 
0.200018 0.208900 0.191587 0.190674 0.208820 
0.201662 0.210588 0.189435 0.213542 0.184772 
0.188471 0.202877 0.192960 0.206349 0.209344 
0.208512 0.190503 0.184089 0.200430 0.216465 
0.166849 0.194681 0.203582 0.232859 0.202030 
0.184897 0.219326 0.174117 0.228476 0.193184 
0.202901 0.170905 0.214788 0.219938 0.191468 
0.172905 0.190000 0.207209 0.207866 0.222019 
0.195563 0.202746 0.194896 0.192673 0.214123 
0.197552 0.212366 0.188599 0.203174 0.198309 
0.177549 0.193696 0.204149 0.221535 0.203072 
0.193667 0.177574 0.173543 0.254020 0.201197 
0.159812 0.258974 0.216108 0.190023 0.175084 
0.185221 0.219064 0.163777 0.221471 0.210467 
0.209992 0.192081 0.213766 0.189540 0.194622 
0.207488 0.199066 0.213315 0.198157 0.181975 
0.190421 0.194004 0.207954 0.208069 0.199553 
0.191036 0.268279 0.184237 0.195744 0.160703 
0.210396 0.191236 0.199610 0.212828 0.185930 
0.215261 0.192134 0.195429 0.234572 0.162604 
0.207945 0.177898 0.220799 0.181829 0.211529 
0.178926 0.217427 0.186075 0.203129 0.214442 
0.195459 0.210117 0.214644 0.186004 0.193776 
0.194186 0.227737 0.196327 0.200285 0.181464 
0.208284 0.182933 0.193717 0.211911 0.203155 
0.215793 0.211310 0.195009 0.208971 0.168916 
0.197201 0.208655 0.206346 0.205690 0.182108 
0.222334 0.191713 0.189700 0.203002 0.193251 
0.223794 0.171667 0.194083 0.216505 0.193951 
0.200883 0.207158 0.201832 0.211640 0.178488 
0.196615 0.190758 0.192996 0.219241 0.200390 
0.167588 0.205309 0.196039 0.226534 0.204531 
0.195958 0.195361 0.189167 0.217472 0.202042 
0.191904 0.211189 0.203006 0.204150 0.189751 
0.199752 0.171334 0.213177 0.222761 0.192977 
0.217258 0.215755 0.167416 0.207262 0.192310 
0.205160 0.210984 0.182746 0.210720 0.190390 
0.213877 0.222565 0.194983 0.176750 0.191825 
0.206171 0.204411 0.189490 0.215078 0.184851 
0.190387 0.198049 0.225862 0.226431 0.159270 
0.185900 0.220557 0.214633 0.208053 0.170858 
0.193861 0.199111 0.196934 0.223059 0.187034 
0.230638 0.223932 0.168166 0.199789 0.177475 
0.193023 0.211912 0.201959 0.203813 0.189294 
0.183759 0.213144 0.196253 0.221648 0.185195 
0.194833 0.201005 0.183255 0.250586 0.170322 
0.217891 0.198428 0.189943 0.198635 0.195104 
0.195128 0.200720 0.214160 0.202216 0.187776 
0.198870 0.195926 0.191524 0.210920 0.202760 
0.198379 0.211245 0.185390 0.200783 0.204203 
0.204784 0.193562 0.205754 0.194448 0.201452 
0.173891 0.186324 0.208451 0.240180 0.191154 
0.193494 0.187591 0.201251 0.210005 0.207659 
0.220267 0.211618 0.211606 0.191572 0.164937 
0.176822 0.192443 0.194419 0.243568 0.192749 
0.209347 0.212377 0.221286 0.171739 0.185251 
0.209274 0.206494 0.194891 0.212357 0.176983 
0.195019 0.219464 0.206536 0.195524 0.183456 
0.194804 0.198545 0.175783 0.227197 0.203671 
0.192953 0.210443 0.195554 0.210173 0.190877 
0.197366 0.182578 0.177099 0.249651 0.193307 
0.206888 0.213207 0.178788 0.217396 0.183721 
0.217239 0.179269 0.197860 0.221060 0.184572 
0.205127 0.217036 0.205743 0.198763 0.173332 
0.194283 0.224174 0.211885 0.184680 0.184978 
0.196888 0.196578 0.199387 0.210844 0.196304 
0.188726 0.209971 0.194209 0.204125 0.202970 
0.189892 0.202605 0.186106 0.205553 0.215845 
0.206715 0.208223 0.172160 0.184827 0.228075 
0.185649 0.197407 0.210203 0.217145 0.189595 
0.201695 0.201270 0.196204 0.198443 0.202389 
0.211578 0.214130 0.194470 0.210354 0.169468 
0.227005 0.195917 0.178438 0.198897 0.199742 
0.154472 0.210080 0.218715 0.235494 0.181238 
0.179096 0.196491 0.192006 0.241234 0.191173 
0.213795 0.214959 0.189215 0.181697 0.200334 
0.204931 0.224913 0.183565 0.194947 0.191644 
0.219267 0.193777 0.221129 0.183355 0.182472 
0.184569 0.240841 0.207102 0.193224 0.174263 
0.207349 0.200852 0.200946 0.214889 0.175964 
0.210913 0.178109 0.224018 0.196830 0.190130 
0.189267 0.204831 0.197619 0.224235 0.184049 
0.160800 0.208229 0.231648 0.199687 0.199636 
0.226459 0.217826 0.195656 0.215235 0.144824 
0.221937 0.169247 0.205440 0.211431 0.191946 
0.200782 0.192711 0.201210 0.201493 0.203805 
0.195452 0.196174 0.205334 0.203097 0.199943 
0.201993 0.196766 0.206313 0.216535 0.178394 
0.195651 0.211920 0.211141 0.200460 0.180829 
0.186680 0.237580 0.209058 0.184472 0.182210 
0.198321 0.204287 0.204247 0.200133 0.193011 
0.216360 0.196819 0.183872 0.222454 0.180496 
0.211441 0.205090 0.197225 0.205150 0.181094 
0.185120 0.209294 0.210103 0.196091 0.199391 
0.182572 0.205731 0.187585 0.221452 0.202660 
0.224321 0.167966 0.197424 0.209920 0.200369 
0.193649 0.196900 0.192829 0.211923 0.204699 
0.207019 0.194269 0.209945 0.214743 0.174024 
0.202914 0.213321 0.205575 0.209900 0.168290 
0.187984 0.223150 0.178345 0.196161 0.214360 
0.181165 0.194788 0.197939 0.200157 0.225951 
0.182795 0.220614 0.183696 0.225249 0.187645 
0.188794 0.199506 0.216827 0.194394 0.200479 
0.182777 0.221002 0.182264 0.225410 0.188546 
0.187465 0.215375 0.205299 0.191007 0.200854 
0.221998 0.211599 0.200366 0.193434 0.172603 
0.234188 0.205675 0.204526 0.191304 0.164307 
0.178143 0.209966 0.211692 0.218674 0.181525 
0.205315 0.183531 0.222046 0.224858 0.164251 
0.204872 0.225924 0.192422 0.199957 0.176825 
0.184129 0.210838 0.219243 0.192647 0.193143 
0.176448 0.201623 0.215360 0.213690 0.192880 
0.211382 0.186501 0.209665 0.200595 0.191858 
0.214008 0.217472 0.186084 0.219565 0.162871 
0.193305 0.210928 0.194777 0.210856 0.190134 
0.191156 0.202804 0.194568 0.240217 0.171254 
0.205607 0.178530 0.182449 0.232063 0.201350 
0.207636 0.200439 0.199562 0.195636 0.196725 
0.224575 0.160060 0.188726 0.215171 0.211469 
0.191463 0.194918 0.202660 0.222731 0.188228 
0.208541 0.208626 0.200328 0.208810 0.173695 
0.195518 0.203818 0.170987 0.229235 0.200441 
0.214958 0.205467 0.191158 0.202992 0.185425 
0.210627 0.200727 0.203436 0.204963 0.180247 
0.207582 0.195945 0.188239 0.210637 0.197597 
0.198122 0.190610 0.196816 0.225052 0.189399 
0.195951 0.210135 0.192919 0.212114 0.188881 
0.184836 0.207765 0.182305 0.224828 0.200266 
0.196724 0.207862 0.213357 0.199733 0.182325 
0.182536 0.228633 0.198952 0.186173 0.203706 
0.176760 0.201980 0.189159 0.212983 0.219118 
0.201468 0.203934 0.198037 0.209027 0.187534 
0.193292 0.206483 0.190484 0.228764 0.180977 
0.181532 0.190657 0.226349 0.193224 0.208239 
0.221801 0.215855 0.176465 0.207547 0.178332 
0.178672 0.217639 0.206233 0.199435 0.198021 
0.207395 0.190693 0.176713 0.255495 0.169704 
0.188860 0.192629 0.237724 0.216241 0.164546 
0.226255 0.192146 0.163554 0.239572 0.178474 
0.183091 0.208683 0.204641 0.206288 0.197297 
0.205736 0.212774 0.193650 0.220507 0.167334 
0.200908 0.203039 0.233735 0.191022 0.171296 
0.231544 0.210430 0.206232 0.176319 0.175475 
0.209645 0.197418 0.228232 0.200352 0.164352 
0.198327 0.219645 0.188316 0.180252 0.213459 
0.203688 0.188395 0.204554 0.221580 0.181783 
0.178904 0.200862 0.191966 0.244189 0.184078 
0.234127 0.199089 0.205454 0.201740 0.159591 
0.180219 0.203606 0.197004 0.245907 0.173264 
0.195659 0.200906 0.171693 0.226523 0.205219 
0.210559 0.190243 0.160925 0.222989 0.215284 
0.223877 0.172820 0.187436 0.229496 0.186371 
0.229426 0.183304 0.192473 0.193149 0.201648 
0.211131 0.198912 0.175551 0.219941 0.194465 
0.174232 0.193204 0.221069 0.207713 0.203782 
0.159195 0.212185 0.181349 0.262060 0.185211 
0.180977 0.210072 0.209386 0.181983 0.217582 
0.192622 0.181389 0.225360 0.198690 0.201939 
0.211937 0.184732 0.187683 0.216412 0.199237 
0.236132 0.193795 0.190557 0.192600 0.186916 
0.196348 0.211035 0.187126 0.218228 0.187263 
0.192943 0.221096 0.200905 0.219035 0.166021 
0.216889 0.189658 0.179866 0.183162 0.230425 
0.202994 0.205448 0.215099 0.204836 0.171622 
0.198796 0.201002 0.186377 0.184595 0.229231 
0.209766 0.167026 0.194840 0.217048 0.211320 
0.217380 0.186767 0.238077 0.199869 0.157908 
0.210676 0.217878 0.191742 0.217026 0.162679 
0.228683 0.202307 0.192534 0.207688 0.168787 
0.195891 0.198096 0.217077 0.180526 0.208409 
0.195020 0.208085 0.188130 0.217040 0.191725 
0.231701 0.166617 0.211156 0.204588 0.185937 
0.205691 0.218263 0.174823 0.211690 0.189532 
0.211022 0.187535 0.205158 0.220348 0.175937 
0.160209 0.205217 0.214544 0.208569 0.211461 
0.212085 0.179967 0.176955 0.248151 0.182842 
0.208293 0.203565 0.188923 0.220203 0.179017 
0.191515 0.216496 0.218009 0.186127 0.187853 
0.175763 0.182657 0.211902 0.186918 0.242759 
0.190767 0.224168 0.231121 0.198770 0.155174 
0.192946 0.209287 0.185770 0.195975 0.216022 
0.205873 0.177935 0.185517 0.236618 0.194056 
0.191792 0.226612 0.185660 0.227784 0.168153 
0.227233 0.208813 0.195140 0.174303 0.194512 
0.179884 0.214381 0.204437 0.224532 0.176767 
0.200811 0.211832 0.221970 0.201547 0.163840 
0.204652 0.207067 0.175967 0.228368 0.183946 
0.211809 0.205116 0.217567 0.188871 0.176637 
0.186610 0.184826 0.193637 0.227814 0.207113 
0.217792 0.223914 0.167965 0.195044 0.195285 
0.175715 0.209043 0.215616 0.203774 0.195852 
0.182119 0.194025 0.202439 0.221287 0.200130 
0.228814 0.210016 0.189371 0.174264 0.197535 
0.213641 0.183850 0.185417 0.221167 0.195925 
0.163007 0.224589 0.201791 0.209309 0.201304 
0.169415 0.230276 0.203788 0.203589 0.192932 
0.203401 0.205848 0.227352 0.190964 0.172434 
0.170487 0.216169 0.208213 0.197387 0.207744 
0.198108 0.216181 0.203171 0.194915 0.187625 
0.200927 0.192710 0.205171 0.203108 0.198085 
0.199137 0.185521 0.163543 0.220541 0.231258 
0.201898 0.208306 0.198436 0.180719 0.210641 
0.210849 0.221003 0.189772 0.205452 0.172924 
0.224115 0.202448 0.184028 0.189084 0.200325 
0.224454 0.220285 0.218815 0.179184 0.157262 
0.228028 0.198148 0.178728 0.224283 0.170812 
0.218473 0.193502 0.197407 0.191272 0.199345 
0.249023 0.146596 0.198818 0.187810 0.217752 
0.201309 0.202398 0.205516 0.198864 0.191912 
0.210061 0.196514 0.197126 0.209805 0.186493 
0.212171 0.198005 0.211999 0.203629 0.174195 
0.193709 0.195892 0.177149 0.240133 0.193117 
0.238056 0.160880 0.200433 0.197397 0.203233 
0.192517 0.211863 0.179783 0.211034 0.204804 
0.196592 0.206932 0.193465 0.196828 0.206182 
0.201813 0.199287 0.197668 0.197974 0.203258 
0.219796 0.190828 0.192215 0.190473 0.206688 
0.211966 0.201130 0.201967 0.177164 0.207772 
0.198206 0.214601 0.193540 0.186904 0.206749 
0.234212 0.196593 0.177686 0.179940 0.211569 
0.194749 0.192394 0.195436 0.207183 0.210239 
0.212370 0.203408 0.190850 0.192175 0.201197 
0.200085 0.199806 0.191731 0.226546 0.181832 
0.210559 0.202728 0.172051 0.216971 0.197692 
0.193008 0.205965 0.206055 0.200511 0.194461 
0.188367 0.228217 0.200835 0.209892 0.172689 
0.223470 0.207660 0.192644 0.194943 0.181282 
0.201174 0.208940 0.201636 0.202135 0.186115 
0.207318 0.204829 0.211254 0.198607 0.177993 
0.213728 0.199522 0.189800 0.200513 0.196438 
0.200998 0.197009 0.193888 0.182466 0.225640 
0.206382 0.179545 0.191879 0.223995 0.198199 
0.220241 0.197206 0.199787 0.202147 0.180619 
0.195805 0.182250 0.199496 0.218184 0.204265 
0.201008 0.209163 0.177110 0.203482 0.209237 
0.188440 0.207992 0.197429 0.195267 0.210872 
0.204637 0.194514 0.188666 0.208337 0.203846 
0.205025 0.189127 0.209317 0.205446 0.191085 
0.237898 0.167365 0.207766 0.194238 0.192733 
0.209385 0.210453 0.192332 0.209786 0.178044 
0.212630 0.182491 0.192809 0.208117 0.203953 
0.221492 0.212277 0.186473 0.177913 0.201846 
0.198848 0.188762 0.192167 0.195947 0.224277 
0.202868 0.195402 0.179439 0.224894 0.197397 
0.200662 0.192766 0.212427 0.208811 0.185334 
0.202952 0.215532 0.190031 0.196851 0.194633 
0.213254 0.183345 0.191602 0.197247 0.214552 
0.217119 0.178776 0.203917 0.209400 0.190788 
0.210541 0.213971 0.176365 0.198330 0.200793 
0.218101 0.175899 0.211757 0.221238 0.173005 
0.161549 0.249379 0.198726 0.209208 0.181138 
0.197767 0.197006 0.181592 0.241390 0.182245 
0.202747 0.180246 0.187982 0.208214 0.220811 
0.199988 0.181940 0.181103 0.263057 0.173911 
0.216358 0.212481 0.201376 0.189699 0.180086 
0.198627 0.194494 0.192539 0.204782 0.209558 
0.190943 0.212447 0.197223 0.209581 0.189805 
0.210574 0.162958 0.206001 0.209817 0.210649 
0.217105 0.185025 0.214671 0.181272 0.201927 
0.199073 0.196512 0.215749 0.196949 0.191717 
0.192305 0.172297 0.212509 0.208481 0.214408 
0.181447 0.202486 0.216814 0.200339 0.198914 
0.200470 0.194444 0.212278 0.196977 0.195832 
0.200166 0.198048 0.196849 0.189721 0.215215 
0.200689 0.226946 0.195065 0.166312 0.210987 
0.202951 0.190413 0.198042 0.198383 0.210210 
0.188179 0.202686 0.221662 0.197896 0.189577 
0.221418 0.192047 0.195974 0.197047 0.193513 
0.203838 0.197780 0.209486 0.200212 0.188684 
0.187602 0.196518 0.206315 0.194907 0.214657 
0.182535 0.203052 0.201902 0.209633 0.202879 
0.203901 0.192810 0.204983 0.190436 0.207870 
0.196668 0.188702 0.202195 0.203759 0.208675 
0.198735 0.197623 0.200404 0.193079 0.210159 
0.199431 0.191545 0.204382 0.195957 0.208685 
0.202231 0.195537 0.220264 0.207701 0.174266 
0.202908 0.183692 0.196961 0.208142 0.208298 
0.195069 0.206916 0.209998 0.191689 0.196329 
0.177274 0.218519 0.211667 0.202522 0.190018 
0.195535 0.210412 0.201102 0.193093 0.199858 
0.183961 0.207016 0.212333 0.194225 0.202465 
0.198110 0.197455 0.201566 0.204877 0.197992 
0.194638 0.195188 0.215306 0.193334 0.201535 
