-7888485.354950
0
0.000502 0.001436 0.000446 0.009656 0.000468 0.000217 0.000000 0.000125 0.000574 0.003192 0.017112 0.004193 0.000101 0.000169 0.000032 0.001382 0.003197 0.004641 0.001944 0.003183 0.001277 0.003963 0.001514 0.016044 0.002504 0.000907 0.000700 0.015481 0.000000 0.000015 0.000000 0.000143 0.000000 0.000382 0.009742 0.002361 0.000000 0.000289 0.000292 0.000969 0.000474 0.002111 0.001454 0.001962 0.002016 0.002117 0.003269 0.025692 0.001137 0.002714 0.000098 0.010802 0.000300 0.000219 0.000000 0.000287 0.001539 0.017262 0.049332 0.019266 0.000037 0.000262 0.000000 0.000394 0.007136 0.012798 0.004216 0.011191 0.000748 0.002354 0.001068 0.004406 0.033503 0.008838 0.003617 0.248314 0.000000 0.000000 0.000000 0.000000 0.001873 0.015202 0.251985 0.033040 0.000142 0.000560 0.000323 0.002113 0.002699 0.008307 0.004407 0.007311 0.005355 0.009116 0.002171 0.065307 
0.000636 0.000241 0.000014 0.000220 0.000101 0.000252 0.000396 0.000281 0.000760 0.025619 0.000499 0.009000 0.001274 0.000781 0.001049 0.003108 0.000422 0.000285 0.000363 0.001169 0.000312 0.000474 0.001051 0.000490 0.001650 0.000277 0.000714 0.001255 0.000163 0.000334 0.001038 0.000472 0.069605 0.114831 0.033103 0.081201 0.000403 0.000893 0.000359 0.001527 0.000904 0.000480 0.000542 0.003754 0.000167 0.000620 0.001132 0.001521 0.000128 0.000000 0.000000 0.000023 0.000000 0.000185 0.000102 0.000146 0.000623 0.025987 0.000000 0.016448 0.000336 0.000286 0.000530 0.000707 0.000263 0.000228 0.000208 0.008404 0.000055 0.000040 0.000490 0.000575 0.001192 0.002376 0.000194 0.000706 0.000000 0.000849 0.000348 0.000206 0.105572 0.246080 0.115287 0.086870 0.001017 0.001452 0.000771 0.004251 0.001992 0.001596 0.001884 0.002271 0.000435 0.001066 0.000728 0.001351 
0.000819 0.001964 0.000326 0.002706 0.000707 0.001010 0.000300 0.001411 0.018768 0.014435 0.113998 0.011593 0.001125 0.004071 0.000609 0.003124 0.009618 0.009208 0.022243 0.006096 0.000287 0.001152 0.000700 0.001025 0.006367 0.012863 0.006464 0.038299 0.000200 0.000255 0.000357 0.000333 0.006971 0.009830 0.115466 0.008742 0.000265 0.002313 0.000845 0.001302 0.007212 0.008796 0.028075 0.009153 0.000483 0.003984 0.004588 0.005973 0.002300 0.004611 0.001692 0.012365 0.000635 0.002440 0.000209 0.001060 0.036599 0.057003 0.162210 0.037049 0.000529 0.002768 0.000851 0.001454 0.019807 0.015993 0.022322 0.014047 0.000000 0.000808 0.000000 0.002579 0.000000 0.002860 0.000587 0.000000 0.000000 0.000198 0.000000 0.000000 0.003248 0.005298 0.043483 0.002660 0.000657 0.000979 0.000267 0.000445 0.006905 0.008387 0.011312 0.005804 0.000000 0.000493 0.000656 0.000000 
0.021201 0.014880 0.011586 0.009468 0.009374 0.006750 0.007710 0.006846 0.009115 0.003965 0.001934 0.005492 0.004472 0.003726 0.009100 0.002178 0.010479 0.006955 0.015890 0.010951 0.002712 0.002401 0.006080 0.001556 0.030362 0.023494 0.020722 0.013565 0.010075 0.009197 0.010105 0.011105 0.011474 0.005703 0.001718 0.009207 0.004313 0.008249 0.019729 0.008915 0.004778 0.017202 0.012557 0.012378 0.001478 0.002904 0.008688 0.003392 0.021173 0.021195 0.016768 0.011225 0.008162 0.011423 0.011522 0.009633 0.006937 0.000026 0.000357 0.002662 0.005274 0.004389 0.008707 0.003796 0.003330 0.004173 0.008395 0.003043 0.006291 0.009334 0.040608 0.008784 0.021285 0.026631 0.012532 0.013819 0.048911 0.023980 0.011255 0.058462 0.037341 0.000648 0.000020 0.017669 0.002881 0.004498 0.005915 0.004100 0.002838 0.007010 0.005811 0.004969 0.002522 0.004348 0.005676 0.003532 
0.029530 0.184479 0.437727 0.348265 
0.838486 0.017249 0.134191 0.010073 
0.031170 0.000000 0.964364 0.004466 
0.015073 0.000000 0.981264 0.003663 
0.028677 0.000000 0.962205 0.009117 
0.139010 0.039368 0.226462 0.595160 
0.015522 0.000000 0.980041 0.004436 
0.039081 0.039470 0.915176 0.006272 
0.013996 0.000000 0.975474 0.010530 
0.009358 0.021262 0.969355 0.000024 
0.024133 0.000000 0.971020 0.004848 
0.000040 0.088251 0.556372 0.355337 
0.036619 0.444387 0.011280 0.507714 
0.017542 0.151954 0.525524 0.304981 
0.011334 0.202528 0.581732 0.204407 
0.012463 0.133625 0.574955 0.278957 
0.001932 0.136234 0.682809 0.179025 
0.011627 0.123768 0.570633 0.293972 
0.057707 0.127225 0.603287 0.211782 
0.054814 0.066517 0.413315 0.465354 
0.003520 0.204164 0.436764 0.355552 
0.029992 0.090015 0.523089 0.356904 
0.104608 0.099065 0.428619 0.367707 
0.007640 0.118919 0.486934 0.386507 
0.042037 0.350388 0.000000 0.607574 
0.045291 0.138383 0.299173 0.517153 
0.041731 0.091914 0.329170 0.537184 
0.031414 0.408227 0.000000 0.560359 
0.041291 0.273072 0.000000 0.685637 
0.000001 0.000010 0.000000 0.999990 
0.000010 0.127398 0.218592 0.654000 
0.008149 0.039150 0.918169 0.034532 
0.000725 0.000015 0.000000 0.999260 
0.022279 0.319251 0.000000 0.658470 
0.021294 0.433804 0.000000 0.544901 
0.982401 0.015921 0.000000 0.001678 
0.033320 0.049331 0.874314 0.043035 
0.005615 0.296586 0.000000 0.697798 
0.009287 0.027072 0.847965 0.115676 
0.000007 0.140621 0.541710 0.317663 
0.000017 0.382878 0.000000 0.617105 
0.079213 0.460818 0.000000 0.459968 
0.017909 0.452994 0.000000 0.529097 
0.000002 0.636474 0.318275 0.045248 
0.029030 0.013777 0.936784 0.020409 
0.033741 0.464883 0.000000 0.501375 
0.000007 0.416439 0.000000 0.583554 
0.075276 0.261527 0.000000 0.663197 
0.045368 0.300281 0.000000 0.654351 
0.037322 0.318138 0.169992 0.474547 
0.019112 0.268914 0.000000 0.711973 
0.021457 0.000052 0.699151 0.279341 
0.024995 0.011147 0.648385 0.315473 
0.027690 0.401576 0.000000 0.570734 
0.045265 0.408865 0.000000 0.545870 
0.000011 0.451225 0.000000 0.548764 
0.048431 0.426695 0.000000 0.524874 
0.020586 0.384824 0.011487 0.583102 
0.029226 0.341317 0.087784 0.541674 
0.000034 0.473305 0.047086 0.479575 
0.017259 0.430656 0.201102 0.350983 
0.015879 0.404925 0.086028 0.493169 
0.000005 0.349790 0.017921 0.632284 
0.056425 0.462101 0.054242 0.427232 
0.000014 0.126336 0.243816 0.629834 
0.000016 0.073139 0.449387 0.477458 
0.037024 0.431791 0.057402 0.473783 
0.000028 0.256964 0.115027 0.627981 
0.011432 0.322249 0.045838 0.620481 
0.000024 0.391763 0.051383 0.556829 
0.046062 0.387125 0.000143 0.566670 
0.918563 0.003546 0.046845 0.031047 
0.012430 0.352281 0.026441 0.608848 
0.000009 0.372795 0.015750 0.611445 
0.035718 0.565079 0.040125 0.359078 
0.010994 0.373627 0.019819 0.595560 
0.000013 0.467364 0.078478 0.454144 
0.000009 0.343706 0.006624 0.649661 
0.022626 0.559096 0.036849 0.381429 
0.055333 0.500799 0.028652 0.415216 
0.097159 0.464341 0.033173 0.405327 
0.021221 0.457042 0.098165 0.423572 
0.002809 0.383654 0.002656 0.610882 
0.000019 0.494629 0.039371 0.465981 
0.967490 0.000010 0.029776 0.002724 
0.064061 0.028905 0.767099 0.139935 
0.019570 0.000024 0.875090 0.105317 
0.039655 0.000007 0.930405 0.029933 
0.028609 0.009373 0.934950 0.027068 
0.867072 0.027017 0.105892 0.000018 
0.047747 0.006944 0.883372 0.061937 
0.012527 0.000005 0.984330 0.003138 
0.022865 0.018895 0.940691 0.017549 
0.116272 0.015786 0.866885 0.001057 
0.007171 0.000004 0.870870 0.121955 
0.858720 0.014161 0.124828 0.002290 
0.256089 0.061440 0.679273 0.003197 
0.076363 0.041330 0.769498 0.112809 
0.040051 0.013760 0.874423 0.071766 
0.011941 0.025884 0.924443 0.037732 
0.036834 0.090313 0.162642 0.710211 
0.045823 0.030736 0.901062 0.022380 
0.502885 0.038588 0.457871 0.000656 
0.000165 0.011008 0.900257 0.088570 
0.008365 0.048126 0.918329 0.025180 
0.001401 0.074104 0.904888 0.019607 
0.967321 0.014986 0.013857 0.003837 
0.030416 0.026952 0.858594 0.084038 
0.018677 0.037308 0.873754 0.070260 
0.006587 0.045446 0.880337 0.067630 
0.038845 0.000016 0.905750 0.055388 
0.959754 0.000406 0.034858 0.004982 
0.025614 0.022461 0.951923 0.000002 
0.037292 0.043986 0.853284 0.065439 
0.042666 0.018210 0.909187 0.029938 
0.922623 0.016974 0.058674 0.001728 
0.051918 0.017673 0.899132 0.031277 
0.035122 0.029790 0.780657 0.154431 
0.017130 0.029998 0.854225 0.098647 
0.035855 0.020656 0.889302 0.054186 
0.383608 0.066572 0.545570 0.004250 
0.000172 0.031601 0.837216 0.131011 
0.018072 0.016278 0.965617 0.000033 
0.016648 0.042598 0.887247 0.053508 
0.940942 0.015609 0.034344 0.009105 
0.042533 0.000027 0.385343 0.572096 
0.000103 0.433060 0.029329 0.537508 
0.010098 0.045475 0.944276 0.000151 
0.008471 0.000004 0.990380 0.001144 
0.019012 0.034014 0.890012 0.056962 
0.017261 0.000009 0.931858 0.050872 
0.007361 0.027990 0.881205 0.083444 
0.040616 0.041094 0.863871 0.054419 
0.030542 0.000015 0.862958 0.106485 
0.032213 0.018804 0.900986 0.047997 
0.000191 0.175324 0.569118 0.255366 
0.031888 0.011638 0.883446 0.073028 
0.951605 0.001671 0.035643 0.011082 
0.012968 0.091924 0.697046 0.198062 
0.019741 0.009763 0.938878 0.031618 
0.013994 0.024352 0.930786 0.030867 
0.193932 0.000006 0.782737 0.023325 
0.951188 0.015398 0.030908 0.002506 
0.138141 0.000004 0.666667 0.195189 
0.022038 0.000015 0.965549 0.012398 
0.046129 0.027695 0.861002 0.065174 
0.872478 0.029529 0.097123 0.000870 
0.023210 0.000014 0.910724 0.066052 
0.002752 0.015626 0.954708 0.026913 
0.015984 0.022658 0.908994 0.052364 
0.410178 0.041366 0.548454 0.000003 
0.011801 0.026103 0.943044 0.019052 
0.039293 0.021310 0.901532 0.037865 
0.017890 0.008843 0.901511 0.071756 
0.010353 0.000005 0.988533 0.001109 
0.023055 0.000023 0.949731 0.027192 
0.075269 0.409709 0.153887 0.361135 
0.950587 0.010398 0.039005 0.000009 
0.889168 0.029185 0.081610 0.000037 
0.024521 0.000009 0.948402 0.027069 
0.041824 0.008571 0.899392 0.050212 
0.021032 0.000008 0.921349 0.057612 
0.006562 0.015900 0.908105 0.069433 
0.033480 0.026896 0.900773 0.038850 
0.027283 0.031113 0.865565 0.076039 
0.029391 0.200696 0.693988 0.075925 
0.023583 0.032343 0.888279 0.055795 
0.025827 0.000017 0.914765 0.059391 
0.901642 0.015287 0.083067 0.000004 
0.033242 0.033675 0.932947 0.000136 
0.012126 0.033500 0.880934 0.073440 
0.013960 0.039669 0.875146 0.071225 
0.031114 0.179108 0.043679 0.746099 
0.004325 0.028960 0.945462 0.021253 
0.015792 0.077279 0.615865 0.291064 
0.015968 0.077240 0.614643 0.292148 
0.031713 0.041583 0.515600 0.411103 
0.102149 0.029641 0.060357 0.807854 
0.020895 0.670640 0.090387 0.218079 
0.035161 0.678526 0.098833 0.187481 
0.101044 0.097773 0.709781 0.091402 
0.020159 0.018460 0.790368 0.171012 
0.000002 0.000044 0.999762 0.000192 
0.000004 0.000180 0.996836 0.002980 
0.028568 0.665729 0.138354 0.167349 
0.000002 0.094357 0.587766 0.317875 
0.100960 0.030434 0.395659 0.472947 
0.105309 0.223634 0.155567 0.515489 
0.013463 0.089158 0.524251 0.373128 
0.013094 0.011250 0.029507 0.946149 
0.008462 0.085385 0.541372 0.364781 
0.000006 0.015565 0.094560 0.889869 
0.000005 0.008926 0.011580 0.979489 
0.000001 0.025938 0.438647 0.535413 
0.000005 0.008439 0.058027 0.933529 
0.000004 0.003326 0.044540 0.952130 
0.010397 0.002467 0.035572 0.951563 
0.019009 0.090333 0.575378 0.315280 
0.011008 0.073018 0.634278 0.281697 
0.018450 0.079405 0.564350 0.337795 
0.000003 0.277307 0.426574 0.296116 
0.068805 0.317256 0.290283 0.323656 
0.039887 0.025260 0.918564 0.016289 
0.036757 0.021737 0.939192 0.002314 
0.036235 0.060341 0.532350 0.371074 
0.016410 0.071476 0.573392 0.338722 
0.050398 0.061899 0.578279 0.309424 
0.034502 0.000008 0.960557 0.004934 
0.978267 0.005985 0.007718 0.008031 
0.039802 0.000010 0.952135 0.008054 
0.054566 0.010309 0.922478 0.012647 
0.030123 0.000008 0.963228 0.006641 
0.035195 0.000011 0.958951 0.005843 
0.017674 0.012785 0.952139 0.017402 
0.024091 0.000015 0.959085 0.016809 
0.042676 0.000008 0.945941 0.011376 
0.028996 0.000006 0.925376 0.045622 
0.025196 0.000010 0.952418 0.022376 
0.034668 0.041870 0.837277 0.086185 
0.017621 0.010220 0.955330 0.016830 
0.023307 0.000009 0.976529 0.000154 
0.031790 0.000004 0.962837 0.005368 
0.023570 0.000017 0.956381 0.020033 
0.977820 0.006715 0.010864 0.004601 
0.012490 0.039957 0.617376 0.330177 
0.028004 0.024347 0.931618 0.016030 
0.084161 0.124895 0.430010 0.360934 
0.096943 0.000032 0.795491 0.107533 
0.090001 0.000045 0.878896 0.031057 
0.070731 0.000021 0.772031 0.157216 
0.091649 0.000020 0.763245 0.145087 
0.050255 0.012128 0.774031 0.163586 
0.014800 0.086812 0.583610 0.314778 
0.079454 0.000013 0.854271 0.066261 
0.055213 0.139084 0.372814 0.432889 
0.011331 0.009367 0.944132 0.035169 
0.094016 0.140326 0.444599 0.321059 
0.072192 0.114096 0.524042 0.289670 
0.033428 0.021025 0.929945 0.015602 
0.034330 0.023687 0.895895 0.046088 
0.020239 0.010883 0.968715 0.000163 
0.005591 0.000008 0.985642 0.008758 
0.029933 0.298087 0.428389 0.243591 
0.013251 0.114285 0.513892 0.358573 
0.071942 0.048271 0.776668 0.103119 
0.005673 0.052752 0.825669 0.115905 
0.006865 0.057092 0.806717 0.129326 
0.028713 0.096654 0.564374 0.310259 
0.034910 0.020948 0.898438 0.045704 
0.919519 0.017692 0.034962 0.027826 
0.027080 0.031974 0.903903 0.037042 
0.115934 0.021711 0.757591 0.104764 
0.020850 0.048023 0.895814 0.035314 
0.079179 0.049519 0.770149 0.101153 
0.087494 0.030287 0.796420 0.085799 
0.039608 0.174551 0.374178 0.411662 
0.051160 0.118790 0.396965 0.433085 
0.088766 0.038155 0.702328 0.170751 
0.039425 0.124868 0.481119 0.354588 
0.757303 0.024698 0.209875 0.008124 
0.073924 0.221727 0.391980 0.312368 
0.018937 0.028674 0.097224 0.855164 
0.834786 0.000009 0.145069 0.020135 
0.029570 0.010495 0.915639 0.044296 
0.025817 0.012218 0.919601 0.042364 
0.024990 0.000010 0.945638 0.029363 
0.022860 0.000008 0.946316 0.030817 
0.020700 0.069817 0.644765 0.264719 
0.020453 0.077024 0.646751 0.255772 
0.004430 0.073528 0.639136 0.282905 
0.004345 0.073408 0.670702 0.251545 
0.026345 0.120521 0.601076 0.252058 
0.023838 0.005256 0.958100 0.012806 
0.010713 0.316130 0.635595 0.037563 
0.022968 0.020423 0.907629 0.048981 
0.024664 0.051747 0.880830 0.042759 
0.015837 0.013731 0.894023 0.076409 
0.020657 0.007822 0.896291 0.075230 
0.020923 0.009810 0.953920 0.015347 
0.023602 0.024442 0.855800 0.096156 
0.023847 0.015968 0.856137 0.104048 
0.021089 0.035249 0.865266 0.078395 
0.135449 0.068602 0.528148 0.267801 
0.092798 0.107739 0.533401 0.266062 
0.825244 0.000016 0.174572 0.000169 
0.019766 0.030089 0.812319 0.137825 
0.032465 0.067900 0.571330 0.328306 
0.025656 0.014720 0.954958 0.004666 
0.017150 0.134588 0.602478 0.245783 
0.065517 0.044932 0.477324 0.412228 
0.032894 0.016440 0.933613 0.017053 
0.023953 0.027287 0.890212 0.058548 
0.043635 0.097996 0.478454 0.379915 
0.057447 0.098856 0.519046 0.324651 
0.056198 0.141840 0.560627 0.241336 
0.207302 0.060374 0.318090 0.414234 
0.019616 0.119308 0.815062 0.046013 
0.031711 0.153682 0.456653 0.357954 
0.025891 0.286278 0.437480 0.250351 
0.104180 0.121727 0.389455 0.384637 
0.017343 0.000007 0.925105 0.057545 
0.205457 0.050186 0.713541 0.030816 
0.079842 0.104141 0.772999 0.043017 
0.164327 0.030174 0.729302 0.076198 
0.038091 0.010980 0.918031 0.032897 
0.008912 0.000010 0.981807 0.009271 
0.078783 0.028134 0.745477 0.147606 
0.790389 0.033614 0.175022 0.000975 
0.006943 0.000011 0.821361 0.171685 
0.034120 0.010391 0.874567 0.080921 
0.009244 0.000012 0.979110 0.011633 
0.024767 0.000008 0.939497 0.035728 
0.006490 0.000011 0.990460 0.003039 
0.017181 0.006471 0.923586 0.052762 
0.046697 0.008238 0.911096 0.033968 
0.028286 0.031980 0.891100 0.048635 
0.019931 0.025379 0.934483 0.020207 
0.025064 0.016560 0.943250 0.015127 
0.013134 0.027853 0.955596 0.003416 
0.021687 0.010973 0.947769 0.019571 
0.066482 0.000010 0.857870 0.075638 
0.021955 0.012072 0.947882 0.018092 
0.021204 0.021862 0.940746 0.016188 
0.019202 0.021302 0.945987 0.013509 
0.115716 0.069544 0.797579 0.017160 
0.039471 0.025528 0.912340 0.022662 
0.030852 0.000005 0.965895 0.003248 
0.039332 0.021403 0.914658 0.024607 
0.000299 0.108843 0.319069 0.571789 
0.113137 0.000042 0.616517 0.270303 
0.081408 0.009408 0.892132 0.017052 
0.019708 0.000015 0.948989 0.031287 
0.024649 0.000013 0.964916 0.010422 
0.034847 0.015403 0.825599 0.124151 
0.066782 0.053014 0.829848 0.050356 
0.203382 0.000036 0.775674 0.020909 
0.021590 0.000009 0.950015 0.028386 
0.035663 0.017115 0.899409 0.047814 
0.018153 0.005979 0.950560 0.025308 
0.029402 0.041159 0.901482 0.027958 
0.022556 0.013974 0.909601 0.053869 
0.920035 0.000002 0.078888 0.001075 
0.012759 0.032978 0.927498 0.026764 
0.000644 0.132049 0.485971 0.381337 
0.101587 0.168254 0.684042 0.046118 
0.035057 0.009125 0.947236 0.008583 
0.051606 0.000008 0.921713 0.026673 
0.047042 0.159590 0.584868 0.208500 
0.886009 0.040526 0.063601 0.009863 
0.029173 0.016821 0.929846 0.024160 
0.007951 0.022930 0.927789 0.041331 
0.018927 0.000008 0.979838 0.001228 
0.035776 0.018988 0.913411 0.031825 
0.950929 0.011682 0.036015 0.001374 
0.008708 0.024227 0.667470 0.299595 
0.026613 0.014626 0.878300 0.080462 
0.023666 0.019101 0.938380 0.018852 
0.000375 0.052722 0.629092 0.317812 
0.011351 0.070782 0.458082 0.459784 
0.023458 0.024651 0.877069 0.074821 
0.056663 0.042239 0.850143 0.050955 
0.026269 0.000019 0.924542 0.049170 
0.024910 0.018326 0.939523 0.017241 
0.047276 0.000017 0.879768 0.072939 
0.891623 0.000026 0.101442 0.006909 
0.872433 0.026077 0.100010 0.001480 
0.820539 0.000002 0.177289 0.002170 
0.017548 0.000011 0.961938 0.020503 
0.026685 0.011469 0.948124 0.013722 
0.011167 0.142311 0.744292 0.102230 
0.011351 0.087406 0.874101 0.027142 
0.088008 0.046469 0.654544 0.210979 
0.958864 0.003365 0.033485 0.004286 
0.930054 0.016602 0.053311 0.000033 
0.004186 0.045050 0.670253 0.280510 
0.008393 0.081538 0.679563 0.230506 
0.013214 0.094793 0.665926 0.226067 
0.012452 0.000008 0.911111 0.076429 
0.001330 0.074851 0.502221 0.421598 
0.017857 0.009125 0.883248 0.089771 
0.000252 0.011889 0.721292 0.266567 
0.816124 0.027463 0.156004 0.000409 
0.008047 0.025434 0.857465 0.109054 
0.020464 0.010026 0.955496 0.014014 
0.017461 0.000006 0.982474 0.000059 
0.897775 0.021588 0.071989 0.008648 
0.944169 0.011376 0.028752 0.015703 
0.011694 0.062837 0.436290 0.489179 
0.011338 0.075454 0.588482 0.324726 
0.000351 0.251217 0.596523 0.151908 
0.000994 0.113715 0.697753 0.187538 
0.031804 0.000015 0.967408 0.000773 
0.047674 0.008948 0.928345 0.015032 
0.019364 0.022123 0.931243 0.027270 
0.028309 0.000019 0.969226 0.002447 
0.035713 0.000011 0.930165 0.034111 
0.059934 0.000009 0.939232 0.000825 
0.034765 0.000011 0.942658 0.022567 
0.015102 0.024785 0.957691 0.002423 
0.039967 0.023910 0.690773 0.245351 
0.045137 0.000008 0.913295 0.041560 
0.027382 0.000022 0.940168 0.032429 
0.028856 0.037198 0.910891 0.023055 
0.030833 0.028195 0.930545 0.010427 
0.181928 0.098812 0.594638 0.124623 
0.035909 0.093042 0.526805 0.344244 
0.059000 0.018364 0.905077 0.017559 
0.048412 0.000009 0.946698 0.004881 
0.943653 0.018381 0.037958 0.000008 
0.038418 0.032306 0.890772 0.038503 
0.037618 0.048488 0.877898 0.035995 
0.020281 0.017140 0.942805 0.019773 
0.948940 0.012269 0.029720 0.009071 
0.035551 0.062355 0.703844 0.198250 
0.033727 0.008716 0.873789 0.083768 
0.008961 0.051906 0.896742 0.042390 
0.035109 0.000014 0.964770 0.000107 
0.031426 0.043867 0.636200 0.288507 
0.032833 0.048723 0.881079 0.037365 
0.005697 0.051723 0.730495 0.212085 
0.020315 0.000012 0.958330 0.021343 
0.022247 0.024877 0.938478 0.014398 
0.041752 0.031133 0.917860 0.009255 
0.004835 0.000032 0.978585 0.016548 
0.007425 0.000028 0.985041 0.007506 
0.006764 0.032530 0.566757 0.393948 
0.063814 0.104111 0.440295 0.391780 
0.021999 0.000010 0.946457 0.031534 
0.031986 0.005399 0.923173 0.039442 
0.015541 0.000003 0.978182 0.006273 
0.020039 0.012763 0.946535 0.020664 
0.000594 0.065357 0.537554 0.396495 
0.008637 0.028557 0.952653 0.010153 
0.829117 0.012602 0.150860 0.007420 
0.019431 0.030876 0.921751 0.027942 
0.029780 0.000010 0.960648 0.009561 
0.046028 0.000007 0.943471 0.010494 
0.024993 0.000014 0.862735 0.112258 
0.000000 0.000138 0.024237 0.975624 
0.000000 0.026119 0.102056 0.871825 
0.000000 0.693413 0.305853 0.000734 
0.025437 0.130309 0.315028 0.529225 
0.026374 0.016629 0.924100 0.032897 
0.008032 0.000063 0.985084 0.006822 
0.008127 0.000056 0.983130 0.008687 
0.000000 0.087331 0.141505 0.771164 
0.000000 0.030688 0.334451 0.634860 
0.000000 0.000220 0.237048 0.762732 
0.055820 0.100158 0.237461 0.606561 
0.000000 0.066391 0.165765 0.767844 
0.050583 0.040973 0.244375 0.664069 
0.031264 0.000419 0.144129 0.824188 
0.000000 0.101231 0.149655 0.749113 
0.000000 0.090548 0.358181 0.551270 
0.000000 0.042390 0.277645 0.679965 
0.000000 0.078247 0.272940 0.648813 
0.001135 0.019621 0.166359 0.812884 
0.000000 0.024607 0.314306 0.661088 
0.014334 0.152900 0.170387 0.662379 
0.000000 0.080565 0.276822 0.642613 
0.000000 0.001371 0.221079 0.777550 
0.040988 0.057361 0.485499 0.416151 
0.025203 0.054421 0.363409 0.556967 
0.000000 0.061636 0.648206 0.290158 
0.189812 0.083806 0.239732 0.486651 
0.018268 0.045898 0.402276 0.533558 
0.000000 0.051799 0.517176 0.431024 
0.000000 0.246861 0.396598 0.356542 
0.045801 0.106842 0.157373 0.689984 
0.013237 0.025196 0.369914 0.591653 
0.099597 0.077558 0.269656 0.553189 
0.000000 0.076179 0.195803 0.728018 
0.058433 0.018173 0.171865 0.751530 
0.000000 0.677737 0.321808 0.000455 
0.000000 0.045946 0.167884 0.786170 
0.000000 0.025088 0.058786 0.916126 
0.000000 0.045956 0.009970 0.944074 
0.000000 0.015189 0.015973 0.968838 
0.000000 0.000039 0.038495 0.961466 
0.000000 0.000026 0.016834 0.983140 
0.000000 0.000070 0.173394 0.826536 
0.013829 0.045863 0.809205 0.131103 
0.000000 0.046006 0.703420 0.250574 
0.000000 0.032501 0.076415 0.891084 
0.000000 0.037573 0.109158 0.853269 
0.030539 0.000113 0.207396 0.761952 
0.000000 0.643077 0.340589 0.016334 
0.000000 0.632313 0.352306 0.015380 
0.030117 0.000048 0.925131 0.044703 
0.030293 0.000046 0.925503 0.044159 
0.037452 0.000072 0.889674 0.072802 
0.034773 0.016830 0.887663 0.060734 
0.017668 0.035811 0.897613 0.048909 
0.000000 0.041904 0.093393 0.864702 
0.033467 0.000178 0.138650 0.827704 
0.000000 0.187387 0.341832 0.470781 
0.000000 0.019990 0.328183 0.651827 
0.000000 0.029017 0.300548 0.670435 
0.007444 0.029397 0.567008 0.396152 
0.000000 0.051260 0.405975 0.542765 
0.015516 0.156939 0.298013 0.529532 
0.000000 0.016835 0.062327 0.920838 
0.009444 0.032683 0.052011 0.905862 
0.030565 0.067854 0.092395 0.809187 
0.061143 0.097401 0.169372 0.672083 
0.053466 0.046507 0.079798 0.820229 
0.026604 0.085277 0.082795 0.805324 
0.029809 0.066908 0.157717 0.745566 
0.040369 0.053834 0.077708 0.828088 
0.040628 0.058139 0.149897 0.751336 
0.010235 0.042697 0.065754 0.881314 
0.002483 0.117551 0.055963 0.824003 
0.026148 0.092206 0.599505 0.282141 
0.039350 0.064777 0.159236 0.736637 
0.019115 0.073297 0.124682 0.782905 
0.031667 0.078312 0.095873 0.794148 
0.041199 0.025409 0.084701 0.848690 
0.025726 0.040065 0.178715 0.755495 
0.029001 0.033190 0.190246 0.747562 
0.028865 0.198117 0.073780 0.699239 
0.009422 0.053371 0.877541 0.059666 
0.003119 0.056791 0.144200 0.795891 
0.012727 0.066801 0.124758 0.795714 
0.012888 0.089721 0.190099 0.707292 
0.025318 0.047457 0.066445 0.860780 
0.010375 0.089051 0.141145 0.759429 
0.025904 0.079770 0.108974 0.785352 
0.027687 0.067224 0.148267 0.756822 
0.085301 0.125609 0.077165 0.711925 
0.015733 0.030277 0.038602 0.915388 
0.040187 0.028782 0.052870 0.878162 
0.063304 0.035638 0.170335 0.730722 
0.014856 0.057306 0.120611 0.807227 
0.032178 0.031371 0.158173 0.778278 
0.004130 0.070392 0.177391 0.748086 
0.005329 0.085029 0.091896 0.817746 
0.007953 0.050021 0.052213 0.889813 
0.051363 0.027886 0.159232 0.761518 
0.032995 0.043502 0.137521 0.785982 
0.036055 0.194559 0.206733 0.562653 
0.024573 0.053344 0.095160 0.826923 
0.009452 0.052822 0.121395 0.816331 
0.035452 0.050158 0.095296 0.819095 
0.010545 0.121965 0.181147 0.686342 
0.004805 0.095292 0.121967 0.777937 
0.030502 0.215939 0.073486 0.680073 
0.009724 0.116516 0.104096 0.769664 
0.031673 0.036349 0.130729 0.801249 
0.022957 0.066564 0.160867 0.749611 
0.020785 0.104680 0.111332 0.763203 
0.027961 0.047127 0.159010 0.765902 
0.029090 0.038079 0.125214 0.807618 
0.034377 0.112951 0.112712 0.739960 
0.027679 0.104828 0.070991 0.796503 
0.010478 0.052617 0.129294 0.807611 
0.046891 0.071586 0.038593 0.842930 
0.040797 0.061868 0.072889 0.824445 
0.034981 0.085304 0.076799 0.802916 
0.008969 0.075694 0.132574 0.782763 
0.022308 0.042408 0.101834 0.833449 
0.003041 0.048470 0.153873 0.794616 
0.028654 0.207562 0.093211 0.670573 
0.032987 0.106052 0.103870 0.757091 
0.015455 0.046826 0.893128 0.044590 
0.042002 0.053675 0.125698 0.778625 
0.039006 0.084513 0.114919 0.761561 
0.026001 0.034742 0.154085 0.785172 
0.061872 0.033835 0.077487 0.826806 
0.017185 0.204003 0.073164 0.705648 
0.026078 0.050459 0.127073 0.796390 
0.038091 0.062973 0.252376 0.646560 
0.006142 0.042077 0.144639 0.807142 
0.005712 0.138744 0.180049 0.675496 
0.043666 0.110332 0.019646 0.826356 
0.052085 0.412323 0.060351 0.475241 
0.045667 0.107492 0.212552 0.634289 
0.018886 0.050900 0.164863 0.765351 
0.030156 0.048980 0.090913 0.829951 
0.016061 0.138683 0.161168 0.684088 
0.037950 0.084364 0.128545 0.749141 
0.041710 0.057887 0.117459 0.782944 
0.015698 0.097766 0.095886 0.790649 
0.029226 0.121343 0.014774 0.834657 
0.046099 0.053113 0.080559 0.820229 
0.062944 0.107105 0.068871 0.761080 
0.018000 0.059615 0.087908 0.834477 
0.018377 0.030963 0.139411 0.811249 
0.041939 0.037022 0.142480 0.778559 
0.011779 0.091695 0.158114 0.738412 
0.031128 0.034023 0.492945 0.441904 
0.034284 0.040655 0.077485 0.847576 
0.019347 0.004281 0.833532 0.142841 
0.026503 0.069031 0.069573 0.834894 
0.045139 0.041720 0.091955 0.821187 
0.002947 0.928363 0.016689 0.052001 
0.020043 0.087372 0.182799 0.709786 
0.054252 0.117793 0.155109 0.672845 
0.024909 0.018996 0.164861 0.791235 
0.031512 0.065350 0.217914 0.685225 
0.049835 0.087914 0.092274 0.769977 
0.003417 0.063482 0.106656 0.826445 
0.001105 0.070876 0.142100 0.785919 
0.056730 0.072947 0.131744 0.738579 
0.040406 0.034590 0.088194 0.836810 
0.055389 0.102548 0.107769 0.734294 
0.048913 0.069995 0.101237 0.779855 
0.030608 0.042989 0.143707 0.782696 
0.037187 0.057001 0.119883 0.785929 
0.048767 0.067972 0.186567 0.696693 
0.008255 0.102592 0.127414 0.761739 
0.004497 0.107808 0.159276 0.728419 
0.047853 0.066438 0.169903 0.715806 
0.014937 0.065948 0.114383 0.804732 
0.010128 0.020547 0.080467 0.888859 
0.030690 0.175598 0.088724 0.704987 
0.037070 0.183361 0.112495 0.667073 
0.048200 0.111471 0.169830 0.670500 
0.012139 0.141322 0.112034 0.734505 
0.017610 0.037763 0.056684 0.887944 
0.014149 0.062185 0.137519 0.786147 
0.011471 0.045049 0.184455 0.759024 
0.046628 0.178023 0.068542 0.706807 
0.013923 0.128787 0.120613 0.736678 
0.060194 0.214752 0.062471 0.662584 
0.035356 0.073846 0.154541 0.736257 
0.001781 0.066329 0.209096 0.722794 
0.021686 0.182428 0.084112 0.711774 
0.064564 0.204831 0.072950 0.657656 
0.054063 0.041466 0.082102 0.822369 
0.021483 0.097512 0.320524 0.560481 
0.014447 0.071735 0.151070 0.762748 
0.065622 0.041381 0.186590 0.706407 
0.033649 0.046637 0.126738 0.792976 
0.004223 0.119588 0.287558 0.588631 
0.064967 0.137040 0.034735 0.763258 
0.043912 0.074516 0.132400 0.749172 
0.041936 0.071272 0.528681 0.358111 
0.045960 0.245528 0.012133 0.696379 
0.013166 0.075253 0.233734 0.677847 
0.020648 0.077408 0.126775 0.775169 
0.016035 0.090727 0.083649 0.809589 
0.004037 0.069697 0.134162 0.792104 
0.010904 0.066392 0.190798 0.731907 
0.060827 0.080024 0.082507 0.776642 
0.035183 0.054980 0.102788 0.807049 
0.037647 0.100152 0.042765 0.819436 
0.031940 0.116259 0.096382 0.755419 
0.009237 0.038646 0.244881 0.707236 
0.020407 0.071691 0.093412 0.814491 
0.020145 0.081641 0.128345 0.769869 
0.028185 0.211178 0.034869 0.725768 
0.005643 0.114332 0.075534 0.804490 
0.052375 0.102429 0.145194 0.700002 
0.022645 0.054037 0.169510 0.753808 
0.003837 0.074348 0.142304 0.779510 
0.005632 0.085548 0.249217 0.659603 
0.002760 0.067237 0.167705 0.762299 
0.057279 0.053725 0.159447 0.729548 
0.029911 0.012022 0.090096 0.867972 
0.002703 0.144970 0.181690 0.670637 
0.034350 0.032504 0.158352 0.774794 
0.027415 0.093027 0.133732 0.745825 
0.017428 0.131482 0.197074 0.654016 
0.004849 0.038690 0.170471 0.785990 
0.043491 0.127920 0.121767 0.706822 
0.018411 0.105739 0.231984 0.643866 
0.063318 0.300746 0.033481 0.602455 
0.023052 0.114781 0.106718 0.755449 
0.020048 0.135779 0.026646 0.817527 
0.025875 0.051882 0.095076 0.827168 
0.007536 0.087348 0.151885 0.753231 
0.041716 0.092952 0.118260 0.747071 
0.020187 0.057770 0.173334 0.748709 
0.017171 0.065924 0.165315 0.751589 
0.013741 0.091150 0.092525 0.802584 
0.025835 0.048502 0.243342 0.682320 
0.065443 0.008953 0.004769 0.920835 
0.018229 0.221417 0.149711 0.610643 
0.000203 0.331788 0.120291 0.547718 
0.031547 0.000307 0.301894 0.666253 
0.000368 0.426093 0.073235 0.500304 
0.032014 0.001055 0.861824 0.105107 
0.039726 0.393543 0.038478 0.528253 
0.039787 0.220345 0.245916 0.493952 
0.100464 0.149362 0.036360 0.713814 
0.000270 0.308440 0.104756 0.586534 
0.067086 0.287689 0.125812 0.519413 
0.003950 0.292579 0.101885 0.601586 
0.044828 0.309886 0.094483 0.550802 
0.053135 0.246742 0.150849 0.549274 
0.105881 0.139891 0.266783 0.487444 
0.028920 0.013646 0.909867 0.047567 
0.000259 0.354764 0.045285 0.599692 
0.447119 0.002083 0.193086 0.357712 
0.041088 0.012408 0.835358 0.111147 
0.028818 0.004245 0.921718 0.045219 
0.409150 0.000786 0.209960 0.380104 
0.191147 0.189246 0.118345 0.501261 
0.023895 0.003866 0.923558 0.048681 
0.052198 0.139476 0.206896 0.601430 
0.018685 0.003828 0.958938 0.018549 
0.016537 0.117970 0.298377 0.567116 
0.015982 0.550716 0.168788 0.264514 
0.051017 0.269599 0.206379 0.473004 
0.090412 0.051682 0.267538 0.590368 
0.032384 0.000002 0.958708 0.008906 
0.010908 0.027528 0.953634 0.007930 
0.039919 0.000003 0.959698 0.000380 
0.026743 0.000001 0.954782 0.018474 
0.023022 0.000004 0.974156 0.002818 
0.010043 0.116684 0.469909 0.403364 
0.018785 0.165179 0.700311 0.115725 
0.040323 0.000002 0.942330 0.017346 
0.014127 0.000001 0.976290 0.009582 
0.026391 0.000001 0.956820 0.016787 
0.057425 0.022556 0.871196 0.048823 
0.044025 0.020238 0.847730 0.088007 
0.028440 0.084916 0.598160 0.288483 
0.066237 0.082113 0.414550 0.437100 
0.012494 0.026353 0.942656 0.018497 
0.008976 0.021150 0.951893 0.017981 
0.013526 0.022799 0.941988 0.021686 
0.003719 0.026101 0.958175 0.012005 
0.016462 0.019522 0.963946 0.000070 
0.041455 0.000000 0.949066 0.009479 
0.032974 0.017801 0.949209 0.000017 
0.016699 0.011688 0.963027 0.008586 
0.027653 0.015500 0.955488 0.001359 
0.027914 0.012699 0.958051 0.001337 
0.020879 0.000000 0.977479 0.001641 
0.026979 0.030719 0.904227 0.038075 
0.066063 0.000000 0.256141 0.677796 
0.022517 0.015822 0.870564 0.091097 
0.039649 0.000001 0.289416 0.670935 
0.029547 0.000000 0.967755 0.002699 
0.065298 0.314761 0.288089 0.331852 
0.021800 0.400276 0.269286 0.308637 
0.014054 0.019418 0.946946 0.019582 
0.031575 0.000000 0.829476 0.138949 
0.010491 0.000000 0.971917 0.017592 
0.017530 0.088596 0.314041 0.579833 
0.010527 0.019194 0.904894 0.065385 
0.000038 0.000000 0.183046 0.816916 
0.003116 0.000000 0.027169 0.969715 
0.017275 0.000000 0.957775 0.024950 
0.000049 0.000000 0.037291 0.962659 
0.024446 0.000000 0.975527 0.000027 
0.020668 0.000000 0.976629 0.002703 
0.032400 0.000000 0.967590 0.000010 
0.042180 0.131383 0.454116 0.372321 
0.000000 0.882823 0.012187 0.104990 
0.007423 0.963367 0.008710 0.020500 
0.000001 0.959896 0.012258 0.027846 
0.000000 0.961481 0.010212 0.028307 
0.000001 0.800611 0.049093 0.150295 
0.000000 0.911717 0.036622 0.051661 
0.000001 0.948279 0.028998 0.022721 
0.014854 0.908599 0.029285 0.047262 
0.018475 0.893434 0.034620 0.053471 
0.000000 0.882668 0.021246 0.096085 
0.002512 0.929968 0.022663 0.044856 
0.003027 0.924649 0.027017 0.045307 
0.003047 0.926297 0.022133 0.048523 
0.002962 0.926070 0.025744 0.045224 
0.000000 0.932223 0.023849 0.043928 
0.000000 0.942946 0.015303 0.041750 
0.000000 0.934032 0.020025 0.045942 
0.013959 0.915676 0.029841 0.040524 
0.015937 0.894975 0.030083 0.059005 
0.010984 0.907195 0.030485 0.051336 
0.011035 0.913844 0.027460 0.047661 
0.000000 0.955328 0.013174 0.031498 
0.001102 0.950559 0.013535 0.034805 
0.002289 0.952718 0.012176 0.032817 
0.000000 0.952156 0.013604 0.034240 
0.009994 0.909288 0.025054 0.055665 
0.017613 0.865779 0.056400 0.060208 
0.010072 0.885342 0.036609 0.067977 
0.000000 0.821804 0.142423 0.035773 
0.000000 0.644627 0.257180 0.098192 
0.000001 0.781380 0.001941 0.216678 
0.000000 0.969962 0.010848 0.019189 
0.000002 0.751792 0.114395 0.133811 
0.031313 0.817555 0.010663 0.140470 
0.000000 0.959262 0.010968 0.029770 
0.000001 0.884462 0.021362 0.094175 
0.010421 0.950983 0.015769 0.022828 
0.000000 0.978501 0.002385 0.019114 
0.008395 0.835102 0.041930 0.114574 
0.001535 0.979374 0.007922 0.011169 
0.023018 0.829933 0.020390 0.126660 
0.003215 0.980693 0.001208 0.014884 
0.000001 0.884460 0.037633 0.077905 
0.000001 0.796376 0.059953 0.143670 
0.009341 0.804563 0.064880 0.121216 
0.000000 0.978157 0.009930 0.011912 
0.000001 0.726062 0.029563 0.244374 
0.000000 0.746955 0.083889 0.169156 
0.000001 0.875794 0.069736 0.054469 
0.000000 0.974031 0.007476 0.018492 
0.000001 0.975368 0.009273 0.015359 
0.000000 0.933309 0.021217 0.045474 
0.000000 0.972736 0.011911 0.015352 
0.005344 0.937356 0.016465 0.040835 
0.000001 0.944364 0.011157 0.044478 
0.005175 0.917172 0.029499 0.048154 
0.000002 0.950306 0.024648 0.025045 
0.004577 0.909520 0.028948 0.056956 
0.005094 0.914074 0.014846 0.065986 
0.017904 0.850808 0.021125 0.110162 
0.006909 0.711730 0.207053 0.074308 
0.002476 0.882472 0.041310 0.073741 
0.002659 0.872015 0.026391 0.098935 
0.000000 0.937560 0.030891 0.031549 
0.002444 0.717022 0.227448 0.053087 
0.001650 0.985834 0.004799 0.007718 
0.004833 0.936327 0.014773 0.044068 
0.000000 0.866961 0.042665 0.090373 
0.003877 0.955343 0.005153 0.035628 
0.000000 0.880509 0.032895 0.086595 
0.000000 0.916141 0.020594 0.063264 
0.009311 0.824311 0.109910 0.056469 
0.000000 0.914355 0.016868 0.068777 
0.000001 0.869734 0.047895 0.082370 
0.017461 0.694264 0.234977 0.053298 
0.003380 0.891387 0.021841 0.083392 
0.000001 0.842657 0.048537 0.108805 
0.000000 0.819570 0.005050 0.175379 
0.005001 0.883757 0.042414 0.068828 
0.000001 0.189669 0.117003 0.693326 
0.000000 0.897359 0.014825 0.087816 
0.007148 0.921865 0.013526 0.057461 
0.005798 0.853079 0.032644 0.108479 
0.014193 0.926389 0.022567 0.036851 
0.003549 0.849002 0.025839 0.121611 
0.003443 0.959127 0.014585 0.022845 
0.004049 0.909831 0.020490 0.065630 
0.008338 0.862023 0.054415 0.075225 
0.004620 0.877057 0.025245 0.093078 
0.001269 0.930689 0.011841 0.056201 
0.001588 0.941898 0.015103 0.041410 
0.007649 0.923477 0.009943 0.058931 
0.000001 0.994295 0.002790 0.002913 
0.000001 0.893172 0.013715 0.093113 
0.004902 0.929419 0.028270 0.037409 
0.000000 0.939709 0.025878 0.034412 
0.000001 0.905057 0.050331 0.044610 
0.000001 0.854650 0.141669 0.003680 
0.000001 0.845507 0.106381 0.048111 
0.000002 0.792212 0.124085 0.083701 
0.000002 0.770687 0.102226 0.127086 
0.012286 0.809777 0.061428 0.116509 
0.000001 0.875404 0.062588 0.062007 
0.000001 0.790365 0.066296 0.143337 
0.000001 0.872691 0.033577 0.093731 
0.000000 0.847870 0.147194 0.004935 
0.000000 0.911459 0.011874 0.076667 
0.000000 0.917515 0.017372 0.065113 
0.014748 0.746789 0.100643 0.137819 
0.000001 0.773106 0.111937 0.114955 
0.003674 0.899757 0.055362 0.041207 
0.090336 0.810696 0.020896 0.078072 
0.000001 0.875598 0.063061 0.061341 
0.000001 0.918809 0.033804 0.047386 
0.000001 0.905648 0.036796 0.057556 
0.083647 0.711022 0.035614 0.169717 
0.010365 0.897161 0.054187 0.038287 
0.007204 0.941813 0.011456 0.039526 
0.016544 0.916192 0.019686 0.047578 
0.000001 0.906486 0.048673 0.044840 
0.012393 0.770723 0.107014 0.109870 
0.025422 0.398765 0.311446 0.264367 
0.000001 0.897324 0.034996 0.067679 
0.000001 0.559355 0.223326 0.217318 
0.024493 0.769264 0.089814 0.116430 
0.001578 0.978863 0.012553 0.007006 
0.006845 0.925782 0.037330 0.030043 
0.000000 0.951820 0.008243 0.039937 
0.005710 0.947758 0.012684 0.033848 
0.006145 0.956756 0.003068 0.034031 
0.006818 0.927508 0.021077 0.044597 
0.000001 0.938107 0.023614 0.038279 
0.000001 0.929191 0.034612 0.036196 
0.000001 0.902037 0.036159 0.061804 
0.000000 0.947814 0.013543 0.038643 
0.000001 0.897964 0.042828 0.059207 
0.002012 0.960653 0.010412 0.026924 
0.000527 0.973329 0.010973 0.015171 
0.000000 0.953531 0.016852 0.029617 
0.000000 0.925812 0.025985 0.048203 
0.000000 0.944324 0.036643 0.019032 
0.000000 0.930184 0.023535 0.046280 
0.013920 0.503913 0.249023 0.233144 
0.000000 0.952939 0.013169 0.033891 
0.000001 0.789304 0.038024 0.172671 
0.000001 0.931547 0.039067 0.029385 
0.013967 0.914314 0.004739 0.066980 
0.028590 0.928458 0.014048 0.028904 
0.000002 0.948964 0.028900 0.022135 
0.016710 0.876778 0.025657 0.080855 
0.013717 0.914428 0.039636 0.032219 
0.000001 0.926291 0.029637 0.044071 
0.000001 0.860777 0.063455 0.075767 
0.000001 0.878407 0.036777 0.084816 
0.000001 0.938661 0.027132 0.034206 
0.012689 0.901106 0.041145 0.045060 
0.000001 0.920027 0.021137 0.058834 
0.000001 0.963728 0.017812 0.018459 
0.000001 0.940740 0.023873 0.035387 
0.000001 0.836952 0.044086 0.118961 
0.000001 0.933312 0.024991 0.041696 
0.004207 0.958079 0.018518 0.019196 
0.000000 0.923974 0.037194 0.038832 
0.000001 0.913951 0.039084 0.046964 
0.006446 0.891611 0.061479 0.040464 
0.018955 0.887654 0.042727 0.050664 
0.000001 0.833715 0.042351 0.123933 
0.000001 0.951929 0.024928 0.023142 
0.000002 0.737240 0.084805 0.177953 
0.011083 0.935807 0.015049 0.038062 
0.000000 0.968107 0.001399 0.030493 
0.000001 0.923842 0.026096 0.050062 
0.000000 0.940711 0.019686 0.039602 
0.000000 0.924472 0.022930 0.052598 
0.005234 0.909711 0.018859 0.066197 
0.000001 0.967444 0.016743 0.015813 
0.040506 0.859551 0.050409 0.049534 
0.009771 0.941277 0.025594 0.023358 
0.000001 0.916581 0.024596 0.058822 
0.007690 0.928139 0.023032 0.041140 
0.000000 0.964227 0.009874 0.025898 
0.000000 0.936607 0.029605 0.033787 
0.008836 0.965403 0.009050 0.016710 
0.000002 0.791924 0.108272 0.099802 
0.000001 0.970872 0.017383 0.011744 
0.019138 0.876830 0.039408 0.064625 
0.000001 0.824283 0.046382 0.129334 
0.000000 0.913030 0.023635 0.063335 
0.000001 0.931021 0.030107 0.038871 
0.000001 0.860093 0.054762 0.085145 
0.000001 0.923547 0.028056 0.048396 
0.000001 0.912213 0.025766 0.062021 
0.209529 0.598183 0.060880 0.131408 
0.000000 0.958985 0.017022 0.023992 
0.000001 0.922153 0.038972 0.038874 
0.004901 0.947722 0.013872 0.033505 
0.000001 0.958415 0.017583 0.024001 
0.000001 0.903360 0.031346 0.065293 
0.000001 0.929422 0.011894 0.058683 
0.019432 0.893957 0.033435 0.053176 
0.000002 0.867789 0.034667 0.097542 
0.009549 0.893034 0.053481 0.043935 
0.000001 0.865980 0.048759 0.085260 
0.016240 0.793606 0.109991 0.080162 
0.000000 0.980112 0.009103 0.010785 
0.000001 0.910408 0.012262 0.077329 
0.000001 0.920026 0.032978 0.046996 
0.003366 0.827970 0.043731 0.124933 
0.000001 0.976035 0.016179 0.007785 
0.000001 0.904925 0.043655 0.051420 
0.008153 0.892351 0.018019 0.081478 
0.000000 0.959493 0.015740 0.024768 
0.000001 0.971045 0.009401 0.019554 
0.000001 0.883961 0.046698 0.069340 
0.010342 0.968708 0.008187 0.012762 
0.000001 0.899075 0.064903 0.036022 
0.000001 0.907106 0.039588 0.053305 
0.000001 0.890143 0.036826 0.073030 
0.004763 0.897529 0.034493 0.063215 
0.006343 0.681229 0.096847 0.215580 
0.000001 0.923268 0.025859 0.050872 
0.000001 0.901918 0.057557 0.040524 
0.045456 0.774858 0.057810 0.121877 
0.006632 0.910277 0.049997 0.033095 
0.000000 0.916908 0.025413 0.057679 
0.000001 0.928547 0.023993 0.047459 
0.000001 0.900906 0.063727 0.035366 
0.000000 0.942483 0.012009 0.045508 
0.010445 0.936499 0.036729 0.016326 
0.009987 0.938497 0.023544 0.027973 
0.069660 0.073471 0.133862 0.723007 
0.010515 0.920426 0.018147 0.050912 
0.000001 0.933920 0.013430 0.052648 
0.004559 0.881217 0.040737 0.073487 
0.000001 0.939385 0.021493 0.039121 
0.000001 0.933654 0.042916 0.023429 
0.000000 0.960397 0.016226 0.023377 
