-7725925.027299
0
0.000993 0.001821 0.000654 0.000000 0.001919 0.002947 0.000808 0.003611 0.017711 0.014914 0.014988 0.016477 0.004187 0.010181 0.002615 0.005247 0.032059 0.025252 0.069091 0.028211 0.001925 0.005331 0.003181 0.006889 0.000290 0.000868 0.001668 0.000000 0.001079 0.002140 0.001451 0.002085 0.011367 0.012720 0.028139 0.015409 0.000901 0.006486 0.003659 0.006922 0.021848 0.027547 0.072637 0.039747 0.002743 0.012573 0.014423 0.030047 0.000645 0.002021 0.001194 0.000000 0.001043 0.004008 0.000000 0.002249 0.012075 0.013671 0.000066 0.019764 0.002223 0.007425 0.003521 0.003980 0.044761 0.035828 0.059522 0.040630 0.000642 0.002162 0.000000 0.011106 0.000000 0.000000 0.000000 0.000000 0.000000 0.001476 0.000580 0.002672 0.003583 0.004543 0.000300 0.006555 0.002064 0.003851 0.001323 0.002554 0.019161 0.023214 0.031241 0.022811 0.001447 0.004855 0.003831 0.007641 
0.039200 0.008601 0.005261 0.003149 0.018657 0.015210 0.028022 0.011823 0.003719 0.003582 0.000648 0.004182 0.003654 0.000000 0.006450 0.000062 0.000000 0.013790 0.000345 0.003634 0.008114 0.004330 0.023807 0.000834 0.000000 0.000000 0.000000 0.000000 0.016143 0.009481 0.021730 0.018324 0.001401 0.007155 0.002785 0.003695 0.000000 0.000000 0.000000 0.000114 0.000000 0.057488 0.000000 0.003265 0.000733 0.001592 0.019435 0.000028 0.022378 0.010957 0.010639 0.005022 0.024754 0.034301 0.043870 0.030475 0.000148 0.000002 0.000860 0.000561 0.003066 0.001033 0.002437 0.001371 0.000000 0.003297 0.000662 0.000000 0.032558 0.049786 0.230351 0.035450 0.001474 0.000000 0.000000 0.000000 0.000000 0.007535 0.013740 0.000273 0.000142 0.000310 0.001299 0.000182 0.000000 0.000000 0.000000 0.001619 0.000000 0.017856 0.000812 0.000000 0.007105 0.010713 0.015258 0.007257 
0.000524 0.000145 0.000000 0.000000 0.000044 0.000192 0.000357 0.000227 0.000583 0.026794 0.000441 0.009255 0.001283 0.000677 0.001056 0.003171 0.000000 0.000073 0.000000 0.000980 0.000298 0.000435 0.001035 0.000408 0.001469 0.000000 0.000519 0.001054 0.000120 0.000321 0.001030 0.000443 0.072514 0.121518 0.033759 0.085397 0.000412 0.000834 0.000000 0.001525 0.000656 0.000202 0.000000 0.003495 0.000148 0.000495 0.001028 0.001084 0.000000 0.000000 0.000000 0.000000 0.000000 0.000070 0.000019 0.000081 0.000491 0.026855 0.000000 0.016858 0.000321 0.000224 0.000505 0.000680 0.000000 0.000000 0.000000 0.007949 0.000019 0.000000 0.000146 0.000445 0.001024 0.002249 0.000000 0.000000 0.000000 0.000848 0.000336 0.000000 0.094306 0.254796 0.115504 0.082194 0.001036 0.001472 0.000786 0.004441 0.001767 0.001352 0.001630 0.002083 0.000422 0.001071 0.000715 0.001304 
0.000259 0.001311 0.000317 0.009634 0.000382 0.000088 0.000000 0.000000 0.000000 0.002817 0.011910 0.004027 0.000034 0.000000 0.000000 0.001267 0.003061 0.004573 0.000939 0.003049 0.001262 0.004036 0.001483 0.016187 0.002124 0.000275 0.000216 0.013803 0.000000 0.000000 0.000000 0.000000 0.000000 0.000288 0.004767 0.002353 0.000000 0.000061 0.000000 0.000689 0.000123 0.001254 0.000000 0.001004 0.002037 0.001555 0.002922 0.018476 0.000940 0.002519 0.000000 0.010271 0.000188 0.000000 0.000000 0.000141 0.000000 0.015474 0.042446 0.018659 0.000000 0.000120 0.000000 0.000278 0.007305 0.013492 0.003738 0.012132 0.000597 0.002281 0.000000 0.003664 0.035383 0.008688 0.003660 0.264763 0.000000 0.000000 0.000000 0.000000 0.002395 0.016947 0.267172 0.035213 0.000109 0.000516 0.000253 0.002074 0.002642 0.008413 0.004166 0.007516 0.005717 0.009402 0.002140 0.070004 
0.028049 0.026688 0.020072 0.021480 0.008842 0.005806 0.004554 0.005975 0.010409 0.006953 0.000600 0.005573 0.005677 0.004400 0.013496 0.003628 0.007993 0.000534 0.004574 0.004517 0.001115 0.000771 0.001946 0.000000 0.064172 0.053283 0.044227 0.040370 0.009935 0.011295 0.010321 0.010465 0.022408 0.017326 0.007138 0.019502 0.007873 0.013327 0.036345 0.012690 0.002583 0.001423 0.002318 0.003059 0.001001 0.000504 0.004425 0.000000 0.035269 0.039514 0.029456 0.025675 0.006071 0.009057 0.007506 0.005883 0.009709 0.007688 0.000312 0.006440 0.007874 0.005282 0.013927 0.005293 0.000560 0.000000 0.000000 0.000449 0.000000 0.000000 0.000000 0.000000 0.028883 0.046004 0.022211 0.031476 0.000157 0.009160 0.003768 0.000687 0.000000 0.010523 0.000004 0.004375 0.005005 0.006794 0.010505 0.006025 0.001162 0.000261 0.001051 0.001152 0.000941 0.001123 0.003124 0.000000 
0.000000 0.001103 0.000000 0.002649 0.000294 0.000391 0.000000 0.000717 0.018550 0.013218 0.151986 0.009385 0.000071 0.001571 0.000000 0.002136 0.002002 0.003281 0.005895 0.000074 0.000000 0.000021 0.000000 0.000000 0.006105 0.014209 0.006417 0.048972 0.000000 0.000000 0.000000 0.000000 0.004296 0.006656 0.145453 0.005137 0.000000 0.000839 0.000000 0.000004 0.001791 0.003127 0.011101 0.000657 0.000000 0.001314 0.001548 0.000572 0.001581 0.003942 0.001023 0.015346 0.000366 0.001595 0.000000 0.000596 0.044926 0.071431 0.227573 0.042378 0.000000 0.001132 0.000000 0.000622 0.007387 0.007202 0.007033 0.002414 0.000000 0.000412 0.000000 0.000335 0.000000 0.002690 0.000388 0.005167 0.000000 0.000000 0.000000 0.000000 0.003432 0.003078 0.064705 0.002028 0.000078 0.000103 0.000000 0.000000 0.001985 0.003098 0.004166 0.000248 0.000000 0.000000 0.000000 0.000000 
0.001158 0.001151 0.000539 0.000597 0.003158 0.001224 0.000887 0.002617 0.003944 0.000953 0.007730 0.001548 0.000172 0.000555 0.000467 0.000104 0.000779 0.000628 0.000789 0.000708 0.000000 0.000080 0.000315 0.000000 0.001618 0.000802 0.000383 0.000493 0.004686 0.001384 0.001299 0.004680 0.009547 0.000144 0.010998 0.002823 0.000000 0.000476 0.000380 0.000344 0.000130 0.000436 0.000679 0.000642 0.000000 0.000140 0.000000 0.000435 0.001345 0.001058 0.000319 0.000784 0.001417 0.000963 0.000200 0.002402 0.006612 0.002303 0.007234 0.002398 0.000081 0.000268 0.000125 0.000161 0.000425 0.000068 0.000608 0.000056 0.000367 0.000074 0.000000 0.000090 0.024284 0.015961 0.005802 0.010108 0.151012 0.052994 0.019729 0.174740 0.216142 0.051629 0.066532 0.106624 0.000086 0.000285 0.000000 0.000216 0.000175 0.000735 0.000215 0.000327 0.000069 0.000117 0.000236 0.000000 
0.089881 0.011387 0.169577 0.000000 0.420849 0.293055 0.015250 
0.000294 0.001300 0.011653 0.788870 0.019930 0.173063 0.004890 
0.145710 0.003756 0.004591 0.011914 0.000007 0.831982 0.002040 
0.088670 0.000000 0.014055 0.000001 0.000018 0.895557 0.001699 
0.037890 0.000000 0.000015 0.005930 0.016555 0.931206 0.008403 
0.420399 0.000000 0.000025 0.103423 0.372449 0.059526 0.044178 
0.019598 0.000000 0.008870 0.002001 0.018787 0.947122 0.003622 
0.083484 0.000000 0.048278 0.015520 0.027393 0.825310 0.000015 
0.057835 0.000000 0.000005 0.000000 0.019231 0.913483 0.009445 
0.082105 0.005768 0.028413 0.000001 0.000029 0.883673 0.000010 
0.099798 0.000947 0.011137 0.004586 0.017564 0.863831 0.002137 
0.299675 0.053792 0.072469 0.000001 0.195912 0.329163 0.048988 
0.016033 0.011283 0.113232 0.044490 0.015638 0.009663 0.789661 
0.294713 0.068212 0.144214 0.002719 0.181102 0.303815 0.005225 
0.262648 0.038976 0.196021 0.002118 0.108027 0.373242 0.018968 
0.344876 0.021315 0.124461 0.002893 0.165374 0.310705 0.030375 
0.361657 0.028378 0.119614 0.000556 0.050967 0.391228 0.047600 
0.348498 0.041439 0.105143 0.002624 0.105906 0.323629 0.072761 
0.313694 0.036509 0.120087 0.037071 0.097555 0.367469 0.027617 
0.214001 0.046654 0.052405 0.030016 0.353492 0.247788 0.055643 
0.233964 0.072227 0.180582 0.000854 0.184067 0.263527 0.064778 
0.478882 0.093138 0.082999 0.011195 0.079546 0.211762 0.042478 
0.245151 0.050967 0.090780 0.083760 0.252131 0.249625 0.027586 
0.297204 0.062603 0.111975 0.001550 0.228794 0.271985 0.025888 
0.000000 0.000000 0.019117 0.007402 0.000000 0.000000 0.973481 
0.366524 0.000000 0.000001 0.022212 0.000000 0.127659 0.483604 
0.149087 0.025642 0.000002 0.023007 0.253671 0.258507 0.290084 
0.000000 0.003038 0.037804 0.000000 0.000000 0.000000 0.959158 
0.000000 0.005439 0.000002 0.014491 0.036911 0.000000 0.943157 
0.000000 0.998999 0.000000 0.000000 0.000000 0.000000 0.001001 
0.177438 0.166695 0.099968 0.000000 0.370985 0.108464 0.076449 
0.353288 0.000000 0.039096 0.000000 0.073079 0.533143 0.001395 
0.000000 0.999953 0.000000 0.000000 0.000000 0.000000 0.000047 
0.000000 0.000884 0.007767 0.008488 0.000000 0.000000 0.982861 
0.000000 0.000000 0.040879 0.018798 0.000000 0.000000 0.940323 
0.000000 0.001041 0.009151 0.929570 0.009096 0.050348 0.000794 
0.275077 0.004983 0.051450 0.015326 0.058043 0.589598 0.005522 
0.000000 0.000000 0.000001 0.000000 0.000000 0.000000 0.999999 
0.381905 0.009651 0.014466 0.000000 0.041250 0.511762 0.040966 
0.256095 0.080296 0.126158 0.000000 0.133145 0.355591 0.048716 
0.000000 0.000000 0.030044 0.000000 0.000000 0.000000 0.969956 
0.000000 0.000000 0.041344 0.044664 0.000000 0.000000 0.913992 
0.000000 0.000000 0.063794 0.000000 0.000000 0.000000 0.936206 
0.000000 0.021895 0.640602 0.000000 0.029956 0.295357 0.012189 
0.406774 0.002267 0.016433 0.015959 0.026849 0.531679 0.000039 
0.000000 0.000000 0.074076 0.015206 0.000000 0.000000 0.910718 
0.000000 0.000000 0.000001 0.000000 0.000000 0.000000 0.999999 
0.000000 0.014866 0.042167 0.023928 0.000000 0.000000 0.919039 
0.076909 0.000000 0.028202 0.026039 0.041071 0.000000 0.827779 
0.081181 0.004616 0.057826 0.023193 0.023249 0.179247 0.630688 
0.000000 0.000000 0.014964 0.000000 0.000000 0.000000 0.985036 
0.758993 0.001840 0.000000 0.006606 0.112722 0.103531 0.016308 
0.417162 0.024959 0.000001 0.000000 0.165718 0.327099 0.065061 
0.000000 0.032244 0.000001 0.016682 0.000000 0.000000 0.951074 
0.000000 0.000000 0.024640 0.011117 0.026807 0.000000 0.937436 
0.000000 0.000000 0.008975 0.000000 0.000000 0.000000 0.991025 
0.000000 0.000000 0.037791 0.038464 0.000000 0.000000 0.923745 
0.000000 0.000000 0.020349 0.018750 0.000000 0.000000 0.960902 
0.000000 0.000000 0.043287 0.032338 0.000000 0.106365 0.818011 
0.000000 0.000000 0.102182 0.000002 0.000000 0.000000 0.897816 
0.096401 0.000000 0.108358 0.000002 0.023550 0.190582 0.581108 
0.000000 0.000000 0.065854 0.016776 0.000000 0.097890 0.819481 
0.000000 0.000000 0.015390 0.000000 0.000000 0.000000 0.984610 
0.000000 0.000000 0.081925 0.069422 0.023926 0.000000 0.824727 
0.423394 0.087357 0.050288 0.000001 0.102722 0.056899 0.279339 
0.555360 0.104682 0.044983 0.000001 0.092451 0.129990 0.072533 
0.000000 0.000000 0.082918 0.047716 0.000000 0.000000 0.869367 
0.062624 0.019911 0.038033 0.000002 0.217274 0.098521 0.563636 
0.000000 0.000000 0.000256 0.030148 0.000000 0.000000 0.969596 
0.000000 0.000000 0.053433 0.000002 0.043772 0.000000 0.902793 
0.000000 0.000000 0.032576 0.023953 0.000000 0.000000 0.943471 
0.057405 0.034375 0.000032 0.849405 0.000000 0.056527 0.002256 
0.000000 0.000000 0.020846 0.012790 0.000000 0.000000 0.966364 
0.000000 0.000000 0.027702 0.000001 0.013874 0.000000 0.958424 
0.000000 0.000000 0.134057 0.035002 0.000000 0.000000 0.830942 
0.000000 0.000000 0.044030 0.008838 0.000000 0.000000 0.947131 
0.000000 0.000000 0.060273 0.000002 0.000000 0.092808 0.846917 
0.000000 0.000000 0.009929 0.000000 0.000000 0.000000 0.990071 
0.000000 0.000000 0.115730 0.034448 0.000000 0.000000 0.849822 
0.000000 0.000000 0.075331 0.037771 0.000000 0.000000 0.886898 
0.000000 0.000000 0.068050 0.081096 0.022932 0.000000 0.827922 
0.000000 0.000000 0.085664 0.037663 0.000000 0.118915 0.757758 
0.000000 0.000000 0.031445 0.001686 0.000000 0.000000 0.966870 
0.000000 0.003462 0.120049 0.000001 0.037593 0.000000 0.838895 
0.016596 0.002147 0.000026 0.919472 0.000286 0.058797 0.002677 
0.279593 0.003996 0.033768 0.041465 0.147866 0.487176 0.006136 
0.213027 0.000000 0.000075 0.000001 0.115125 0.651814 0.019957 
0.181487 0.000000 0.000024 0.013193 0.071513 0.733783 0.000000 
0.175819 0.006850 0.018600 0.006413 0.021952 0.765295 0.005070 
0.051316 0.005006 0.023131 0.818485 0.005471 0.096592 0.000000 
0.221645 0.000000 0.008359 0.023359 0.065591 0.663638 0.017407 
0.067826 0.000000 0.003940 0.000000 0.013446 0.911544 0.003243 
0.133196 0.010741 0.026548 0.000001 0.044503 0.785011 0.000000 
0.059524 0.000439 0.023605 0.091103 0.063605 0.761723 0.000000 
0.757381 0.003032 0.000013 0.004814 0.033658 0.201102 0.000000 
0.054600 0.005170 0.010743 0.812038 0.000018 0.116834 0.000596 
0.022084 0.002171 0.068483 0.219565 0.083713 0.603984 0.000000 
0.208582 0.000000 0.039461 0.052323 0.129077 0.553958 0.016599 
0.230979 0.000000 0.022313 0.015693 0.093294 0.637720 0.000000 
0.234277 0.009347 0.032323 0.000001 0.052823 0.671230 0.000000 
0.042170 0.014826 0.000058 0.000002 0.316452 0.141378 0.485115 
0.132986 0.007691 0.039841 0.020716 0.061604 0.737162 0.000000 
0.008986 0.002433 0.042554 0.474444 0.002620 0.468303 0.000661 
0.182026 0.010065 0.010951 0.000001 0.067215 0.705536 0.024206 
0.177914 0.002700 0.053739 0.000001 0.041344 0.724303 0.000000 
0.148362 0.000000 0.069142 0.000001 0.035607 0.738273 0.008616 
0.006506 0.001770 0.009857 0.917286 0.017186 0.047394 0.000000 
0.317118 0.000000 0.029830 0.000001 0.104957 0.548094 0.000000 
0.459563 0.007936 0.042675 0.000001 0.054056 0.435769 0.000000 
0.217621 0.003210 0.045339 0.000001 0.069775 0.643393 0.020662 
0.178088 0.004281 0.005563 0.013047 0.076966 0.719042 0.003014 
0.058448 0.001584 0.000002 0.903372 0.010977 0.025616 0.000000 
0.001790 0.000000 0.037763 0.011020 0.006103 0.943323 0.000000 
0.294955 0.000000 0.049173 0.010587 0.094396 0.550889 0.000000 
0.056644 0.000000 0.026375 0.016101 0.098732 0.802148 0.000000 
0.021501 0.001272 0.012195 0.874981 0.014869 0.075182 0.000000 
0.168622 0.000000 0.023270 0.028700 0.053772 0.719275 0.006361 
0.190533 0.000000 0.035106 0.010365 0.168561 0.583081 0.012354 
0.199832 0.002361 0.040431 0.000001 0.141158 0.616217 0.000000 
0.209236 0.005539 0.021452 0.012746 0.061194 0.677641 0.012193 
0.087096 0.004595 0.070555 0.360388 0.002932 0.473507 0.000926 
0.681230 0.010813 0.027150 0.000001 0.025556 0.255251 0.000000 
0.229159 0.000000 0.021840 0.000001 0.025969 0.723032 0.000000 
0.170904 0.000000 0.050552 0.000001 0.084673 0.693870 0.000000 
0.016285 0.000000 0.011328 0.895185 0.007786 0.065936 0.003480 
0.072188 0.000000 0.000046 0.000002 0.627523 0.300240 0.000000 
0.009052 0.000000 0.032764 0.000001 0.000202 0.024340 0.933641 
0.137666 0.000001 0.048798 0.000001 0.037201 0.776332 0.000000 
0.072564 0.000000 0.000016 0.000000 0.007149 0.920271 0.000000 
0.264553 0.004181 0.022550 0.000001 0.057683 0.630430 0.020601 
0.465068 0.002103 0.000033 0.000001 0.064229 0.468567 0.000000 
0.267307 0.000000 0.032427 0.000001 0.099020 0.601246 0.000000 
0.191186 0.020483 0.050973 0.020215 0.041226 0.675917 0.000000 
0.143436 0.032875 0.000051 0.000001 0.093425 0.719330 0.010882 
0.157465 0.000000 0.016994 0.000001 0.079190 0.732618 0.013731 
0.213237 0.002170 0.063384 0.000001 0.063229 0.427491 0.230488 
0.290151 0.027158 0.018846 0.014188 0.042800 0.603058 0.003798 
0.001327 0.002544 0.000015 0.893586 0.027618 0.074155 0.000755 
0.224028 0.003052 0.076719 0.000001 0.184406 0.472892 0.038902 
0.158596 0.000000 0.009762 0.000001 0.059190 0.764710 0.007741 
0.194670 0.003078 0.030550 0.000001 0.045629 0.726072 0.000000 
0.028084 0.000000 0.000020 0.148059 0.039269 0.771596 0.012972 
0.019518 0.001816 0.009528 0.901238 0.017504 0.050395 0.000000 
0.798357 0.003825 0.000011 0.110537 0.056203 0.029852 0.001215 
0.108350 0.000000 0.000057 0.000001 0.069044 0.822547 0.000000 
0.195621 0.000000 0.027847 0.022162 0.076705 0.663543 0.014121 
0.016987 0.001131 0.025823 0.827689 0.007512 0.120859 0.000000 
0.180508 0.000000 0.009572 0.000001 0.082681 0.713595 0.013643 
0.150282 0.008286 0.023479 0.000001 0.043612 0.774341 0.000000 
0.168820 0.005362 0.020548 0.000001 0.051939 0.734158 0.019172 
0.032267 0.001942 0.047747 0.382115 0.018382 0.517546 0.000000 
0.368359 0.000919 0.026023 0.000000 0.004722 0.593820 0.006157 
0.327914 0.005690 0.022246 0.014759 0.040789 0.581611 0.006991 
0.193120 0.011178 0.012095 0.000001 0.073537 0.697073 0.012996 
0.017834 0.002275 0.015315 0.000000 0.000298 0.964277 0.000000 
0.150015 0.000001 0.009872 0.000001 0.062939 0.777173 0.000000 
0.015849 0.000000 0.096936 0.065154 0.099913 0.157536 0.564611 
0.007700 0.000621 0.006317 0.904630 0.004068 0.076663 0.000000 
0.023239 0.005761 0.024129 0.848238 0.000219 0.098414 0.000000 
0.099919 0.000000 0.011819 0.000000 0.073588 0.814673 0.000000 
0.119075 0.013582 0.016204 0.017215 0.078881 0.750578 0.004465 
0.180412 0.002815 0.000024 0.000001 0.086216 0.720990 0.009542 
0.211916 0.000001 0.024461 0.000001 0.091465 0.672155 0.000000 
0.108774 0.000000 0.032779 0.011372 0.098293 0.748781 0.000000 
0.129309 0.000000 0.032168 0.000001 0.117043 0.708852 0.012626 
0.163106 0.000000 0.193220 0.000002 0.092895 0.528759 0.022018 
0.160955 0.001886 0.036576 0.000001 0.100793 0.694328 0.005461 
0.097473 0.003064 0.009179 0.000001 0.098523 0.781738 0.010023 
0.047321 0.002036 0.011098 0.855788 0.002495 0.081262 0.000000 
0.156560 0.000000 0.038005 0.000002 0.041011 0.764422 0.000000 
0.187095 0.000000 0.036334 0.000001 0.104293 0.666725 0.005553 
0.584332 0.000878 0.041347 0.002640 0.047843 0.322962 0.000000 
0.060159 0.028611 0.000108 0.000002 0.127584 0.035224 0.748313 
0.052511 0.005131 0.017042 0.000000 0.019663 0.882046 0.023607 
0.447429 0.050989 0.066534 0.006809 0.094145 0.291983 0.042111 
0.448065 0.051434 0.066470 0.007122 0.093800 0.290735 0.042374 
0.299390 0.061233 0.000056 0.007680 0.224774 0.321070 0.085797 
0.227348 0.110737 0.000038 0.084268 0.484059 0.017908 0.075642 
0.080525 0.062132 0.654790 0.012584 0.105447 0.058448 0.026074 
0.069429 0.057787 0.668814 0.025324 0.099238 0.067093 0.012314 
0.038473 0.006787 0.095429 0.069189 0.122763 0.646894 0.020464 
0.545826 0.000466 0.000021 0.010431 0.132820 0.301956 0.008480 
0.000523 0.007472 0.000009 0.000000 0.000965 0.990997 0.000035 
0.125886 0.000154 0.000028 0.000000 0.000096 0.871521 0.002315 
0.071279 0.032247 0.654727 0.022084 0.116050 0.094988 0.008624 
0.505331 0.053597 0.077311 0.000000 0.091903 0.224980 0.046878 
0.343429 0.123703 0.000045 0.064590 0.202236 0.209814 0.056183 
0.088674 0.057257 0.026770 0.083516 0.159143 0.139110 0.445529 
0.446477 0.078723 0.080124 0.001912 0.120438 0.231572 0.040753 
0.143261 0.739346 0.000009 0.000000 0.068824 0.012559 0.036002 
0.383312 0.084598 0.076704 0.000000 0.141373 0.275590 0.038422 
0.232510 0.646507 0.000041 0.000000 0.024894 0.036429 0.059620 
0.054843 0.876282 0.010360 0.000000 0.051338 0.007052 0.000125 
0.362556 0.321090 0.033131 0.000000 0.030502 0.217933 0.034788 
0.058826 0.862370 0.000100 0.000000 0.012726 0.041742 0.024235 
0.036984 0.837810 0.000056 0.000000 0.059270 0.038635 0.027245 
0.064153 0.871509 0.000037 0.000000 0.012421 0.023337 0.028542 
0.407011 0.057830 0.083920 0.000000 0.121333 0.290324 0.039583 
0.436205 0.061856 0.065198 0.000000 0.087975 0.312886 0.035878 
0.426917 0.082446 0.070641 0.006719 0.098690 0.270348 0.044239 
0.424061 0.080887 0.261380 0.000000 0.104640 0.127515 0.001517 
0.292118 0.096923 0.248995 0.013758 0.039059 0.158938 0.150210 
0.268729 0.000011 0.030817 0.019022 0.022594 0.658820 0.000008 
0.260322 0.000010 0.026200 0.015424 0.021953 0.676088 0.000004 
0.436135 0.065921 0.046516 0.018015 0.139959 0.249439 0.044015 
0.366642 0.063400 0.060952 0.000007 0.151081 0.312765 0.045154 
0.339588 0.068501 0.052091 0.028416 0.117824 0.347748 0.045831 
0.239101 0.001524 0.000126 0.016605 0.005350 0.737291 0.000004 
0.005854 0.003347 0.001818 0.935196 0.014632 0.039151 0.000002 
0.100252 0.010104 0.005670 0.021322 0.023073 0.839576 0.000003 
0.123141 0.001926 0.019544 0.025552 0.058174 0.771658 0.000005 
0.032525 0.010180 0.000219 0.008524 0.004523 0.942776 0.001254 
0.051384 0.001419 0.000153 0.012233 0.000290 0.925143 0.009377 
0.168179 0.000022 0.019599 0.000003 0.041842 0.767930 0.002425 
0.166863 0.006481 0.007443 0.000004 0.048785 0.770420 0.000004 
0.074550 0.008551 0.001397 0.025490 0.005406 0.879086 0.005522 
0.247302 0.028336 0.004453 0.007808 0.016380 0.692325 0.003396 
0.162328 0.002267 0.000142 0.000004 0.029320 0.798196 0.007744 
0.326950 0.000010 0.043339 0.012541 0.098561 0.512122 0.006477 
0.176784 0.002081 0.017404 0.000004 0.047909 0.755808 0.000009 
0.086029 0.000009 0.000199 0.000004 0.028303 0.885454 0.000002 
0.246210 0.000641 0.006356 0.005550 0.077039 0.664203 0.000001 
0.207618 0.006243 0.007010 0.000004 0.035576 0.743541 0.000007 
0.049756 0.006404 0.000726 0.924487 0.000568 0.018058 0.000000 
0.434032 0.045296 0.029286 0.000008 0.151668 0.311553 0.028157 
0.126086 0.001966 0.031583 0.005888 0.037646 0.794007 0.002823 
0.102934 0.041657 0.073207 0.056716 0.172007 0.370017 0.183461 
0.067666 0.000021 0.001836 0.057659 0.188531 0.672960 0.011326 
0.040509 0.000026 0.019876 0.049093 0.085504 0.804976 0.000015 
0.256490 0.000040 0.000358 0.042120 0.176297 0.524678 0.000016 
0.097876 0.000014 0.000290 0.050503 0.239380 0.611930 0.000007 
0.231110 0.000026 0.012170 0.017461 0.204367 0.525113 0.009753 
0.220025 0.025842 0.068894 0.000010 0.225685 0.408027 0.051518 
0.036123 0.007045 0.006797 0.047822 0.125179 0.777024 0.000010 
0.130803 0.050518 0.080557 0.037133 0.169229 0.300758 0.231001 
0.418033 0.001857 0.011558 0.000001 0.021454 0.543583 0.003514 
0.208413 0.072991 0.111650 0.072870 0.150566 0.304334 0.079177 
0.167091 0.032528 0.095037 0.047409 0.203081 0.392020 0.062835 
0.121893 0.002959 0.028750 0.008189 0.063944 0.774264 0.000002 
0.158962 0.004541 0.029991 0.010644 0.067139 0.723793 0.004930 
0.164870 0.000008 0.019043 0.000002 0.010849 0.805225 0.000003 
0.365843 0.001183 0.000174 0.000002 0.010971 0.621825 0.000003 
0.077854 0.030743 0.286575 0.010718 0.200026 0.356348 0.037736 
0.172813 0.073294 0.101549 0.000008 0.232021 0.371984 0.048332 
0.221141 0.002530 0.046628 0.040574 0.176577 0.503378 0.009173 
0.620049 0.003789 0.049977 0.000001 0.048117 0.271477 0.006591 
0.610684 0.003880 0.055347 0.000001 0.057009 0.267675 0.005404 
0.239673 0.011195 0.051835 0.009258 0.110315 0.412799 0.164924 
0.140514 0.011472 0.027862 0.012177 0.057935 0.746347 0.003693 
0.085756 0.009897 0.010919 0.860481 0.010395 0.020385 0.002168 
0.258312 0.000019 0.037619 0.002590 0.069106 0.632347 0.000006 
0.160398 0.004018 0.024337 0.074794 0.221282 0.510798 0.004372 
0.270825 0.000005 0.050213 0.000001 0.051840 0.623765 0.003350 
0.189454 0.002123 0.047962 0.046031 0.187407 0.517919 0.009104 
0.199158 0.003971 0.029161 0.056601 0.149290 0.551010 0.010809 
0.111558 0.024469 0.029019 0.023252 0.043101 0.332867 0.435734 
0.135333 0.000046 0.074937 0.035935 0.338701 0.302763 0.112284 
0.145160 0.022765 0.036968 0.061849 0.150732 0.560583 0.021942 
0.157743 0.026336 0.100873 0.015457 0.271220 0.361263 0.067107 
0.059272 0.008110 0.020458 0.716577 0.000124 0.191440 0.004018 
0.105627 0.020864 0.205167 0.054457 0.271205 0.298829 0.043850 
0.208618 0.031337 0.001330 0.019122 0.665139 0.041369 0.033084 
0.041949 0.009878 0.000123 0.787417 0.011679 0.145287 0.003667 
0.089945 0.006636 0.013084 0.007647 0.062484 0.807182 0.013022 
0.093035 0.007629 0.014814 0.004073 0.057702 0.810040 0.012707 
0.187067 0.008284 0.009092 0.000002 0.040348 0.753318 0.001888 
0.182942 0.009270 0.005640 0.000002 0.048746 0.752096 0.001304 
0.308842 0.056741 0.063889 0.000004 0.126642 0.410887 0.032995 
0.304654 0.054202 0.071295 0.000004 0.124059 0.414437 0.031349 
0.273938 0.074420 0.065293 0.000003 0.128365 0.421551 0.036429 
0.286418 0.068532 0.065496 0.000003 0.097609 0.444273 0.037670 
0.227591 0.030218 0.104927 0.000006 0.157881 0.424406 0.054971 
0.375047 0.001707 0.010739 0.008156 0.007618 0.596732 0.000002 
0.173445 0.006898 0.316435 0.000001 0.050003 0.452287 0.000932 
0.238633 0.007385 0.022243 0.000003 0.041493 0.677485 0.012759 
0.160536 0.010236 0.056861 0.004103 0.038949 0.720445 0.008871 
0.280982 0.009451 0.014452 0.000002 0.057380 0.623281 0.014453 
0.199442 0.021825 0.012529 0.000002 0.067242 0.689095 0.009865 
0.175619 0.004611 0.015486 0.000001 0.024570 0.777273 0.002440 
0.327254 0.041307 0.030879 0.000927 0.041529 0.555093 0.003010 
0.318253 0.039040 0.021711 0.003819 0.047399 0.563630 0.006149 
0.245010 0.002110 0.035972 0.000001 0.101365 0.607038 0.008505 
0.118895 0.061344 0.056574 0.108251 0.170433 0.432948 0.051556 
0.251267 0.037384 0.091006 0.063683 0.136429 0.358689 0.061541 
0.008887 0.004187 0.000201 0.772504 0.001272 0.212944 0.000005 
0.427491 0.003803 0.026884 0.000001 0.109547 0.418127 0.014147 
0.285950 0.024978 0.038343 0.008792 0.158933 0.373483 0.109520 
0.078426 0.003996 0.026051 0.007382 0.015071 0.868445 0.000629 
0.235337 0.101289 0.126620 0.000010 0.059531 0.429134 0.048079 
0.225684 0.000039 0.008657 0.044779 0.300411 0.328541 0.091890 
0.120042 0.000006 0.022227 0.010328 0.038526 0.804302 0.004570 
0.245736 0.011749 0.035315 0.000002 0.062899 0.644298 0.000003 
0.159636 0.014340 0.057725 0.019234 0.299043 0.358738 0.091284 
0.186343 0.035325 0.070008 0.033365 0.216722 0.379341 0.078896 
0.101889 0.084779 0.128515 0.037304 0.126546 0.467117 0.053850 
0.022008 0.013359 0.065921 0.162551 0.473531 0.258197 0.004433 
0.171890 0.006247 0.122713 0.000001 0.065222 0.627617 0.006308 
0.225170 0.029854 0.133133 0.004097 0.258175 0.296830 0.052740 
0.154446 0.014712 0.275233 0.007807 0.213717 0.305142 0.028942 
0.178555 0.024269 0.098638 0.081292 0.310990 0.259433 0.046823 
0.307999 0.014241 0.002513 0.000002 0.044254 0.629163 0.001828 
0.009478 0.011468 0.066900 0.156425 0.008972 0.721028 0.025731 
0.038512 0.020707 0.099143 0.050075 0.005980 0.745164 0.040419 
0.041696 0.000041 0.003943 0.114340 0.077259 0.709898 0.052823 
0.252305 0.010720 0.013050 0.016998 0.008467 0.686952 0.011508 
0.086898 0.006975 0.006486 0.000002 0.009307 0.890328 0.000004 
0.004521 0.038971 0.013699 0.029732 0.092086 0.743256 0.077734 
0.052447 0.006200 0.030988 0.747944 0.000101 0.162027 0.000293 
0.447107 0.031106 0.000146 0.000003 0.088959 0.425693 0.006987 
0.104110 0.005697 0.006916 0.000007 0.080148 0.769332 0.033790 
0.337756 0.011284 0.000193 0.000003 0.010394 0.640368 0.000003 
0.224071 0.004307 0.011601 0.000002 0.063381 0.696635 0.000002 
0.134595 0.002749 0.006780 0.000002 0.001081 0.854791 0.000002 
0.238552 0.005591 0.004851 0.000001 0.037278 0.695572 0.018154 
0.124820 0.010006 0.016992 0.021845 0.058937 0.767398 0.000003 
0.231566 0.013047 0.040267 0.002390 0.051623 0.661091 0.000016 
0.186853 0.004320 0.029481 0.000002 0.018484 0.753592 0.007268 
0.173152 0.000007 0.019204 0.002854 0.033376 0.764841 0.006567 
0.116124 0.000004 0.034838 0.000002 0.019732 0.827892 0.001408 
0.179044 0.000005 0.017779 0.000002 0.065449 0.737718 0.000004 
0.242463 0.000010 0.000211 0.038803 0.081261 0.623041 0.014212 
0.111581 0.000017 0.019075 0.000004 0.031215 0.831443 0.006665 
0.188277 0.005802 0.029198 0.000002 0.025712 0.751005 0.000004 
0.183541 0.008979 0.027395 0.000003 0.004657 0.773627 0.001798 
0.094820 0.006629 0.078077 0.085444 0.019940 0.710521 0.004569 
0.169400 0.004102 0.032795 0.016616 0.054071 0.723013 0.000004 
0.069863 0.001109 0.006474 0.010147 0.001062 0.909772 0.001572 
0.156470 0.004500 0.025175 0.018741 0.027581 0.758257 0.009277 
0.080615 0.000041 0.080716 0.000006 0.580453 0.224328 0.033840 
0.124461 0.055294 0.000505 0.080344 0.138825 0.514858 0.085713 
0.180690 0.002558 0.019516 0.053709 0.052436 0.691080 0.000011 
0.240372 0.015631 0.014549 0.000003 0.020384 0.709056 0.000004 
0.092183 0.003538 0.011770 0.001030 0.016299 0.867875 0.007304 
0.165138 0.030188 0.019152 0.010063 0.116357 0.650658 0.008445 
0.145931 0.020390 0.062298 0.037721 0.051216 0.682437 0.000007 
0.013906 0.024844 0.022424 0.136532 0.025764 0.772898 0.003631 
0.283008 0.010104 0.008535 0.002541 0.027865 0.667946 0.000003 
0.204074 0.015870 0.024196 0.014660 0.044503 0.693465 0.003233 
0.355758 0.002977 0.010723 0.000001 0.024875 0.605665 0.000002 
0.124698 0.004652 0.048800 0.010257 0.058028 0.753557 0.000009 
0.280244 0.004987 0.018847 0.000003 0.052837 0.638536 0.004547 
0.004148 0.006968 0.000034 0.871255 0.004547 0.113047 0.000001 
0.182874 0.000023 0.037614 0.000004 0.024028 0.746685 0.008772 
0.236421 0.000043 0.097763 0.000006 0.290062 0.303810 0.071894 
0.003582 0.016212 0.152975 0.059797 0.026288 0.701455 0.039691 
0.055592 0.001539 0.018754 0.010245 0.048714 0.862917 0.002238 
0.248965 0.001325 0.008816 0.026262 0.059756 0.654875 0.000002 
0.113701 0.005448 0.136540 0.033721 0.149210 0.483229 0.078152 
0.003682 0.002265 0.035583 0.834582 0.025585 0.098300 0.000004 
0.084442 0.003060 0.021975 0.005975 0.029316 0.841831 0.013401 
0.225383 0.004210 0.027870 0.000002 0.051389 0.688957 0.002189 
0.035035 0.000012 0.014849 0.002762 0.008258 0.939080 0.000004 
0.157473 0.000006 0.022507 0.012805 0.054079 0.745266 0.007864 
0.001848 0.000002 0.007917 0.897959 0.004479 0.086621 0.001174 
0.330507 0.099401 0.020315 0.000006 0.132047 0.393080 0.024645 
0.333795 0.011352 0.021213 0.006755 0.080697 0.546186 0.000002 
0.218116 0.004767 0.025817 0.000002 0.041750 0.709545 0.000003 
0.284143 0.077990 0.043361 0.000003 0.165632 0.391378 0.037494 
0.232557 0.105858 0.032832 0.000006 0.191487 0.299482 0.137779 
0.122028 0.023852 0.030871 0.000003 0.071746 0.742117 0.009383 
0.307085 0.005502 0.046499 0.033178 0.048429 0.559304 0.000003 
0.108737 0.000021 0.002377 0.000005 0.077811 0.795856 0.015194 
0.110945 0.000017 0.025799 0.000007 0.052935 0.807056 0.003241 
0.282185 0.012767 0.010408 0.018246 0.061804 0.606087 0.008503 
0.021217 0.000022 0.000343 0.842221 0.018547 0.117640 0.000011 
0.026423 0.003568 0.022150 0.831604 0.000138 0.116116 0.000002 
0.024778 0.008198 0.000030 0.771928 0.013416 0.181649 0.000000 
0.112647 0.004617 0.015865 0.000002 0.053174 0.813690 0.000004 
0.143982 0.000004 0.017403 0.000002 0.060217 0.776071 0.002321 
0.105237 0.001387 0.137118 0.000002 0.132692 0.608860 0.014704 
0.256124 0.000875 0.089467 0.000002 0.060811 0.592719 0.000002 
0.035728 0.013882 0.029843 0.072219 0.176224 0.601335 0.070770 
0.012719 0.006083 0.001259 0.914297 0.000819 0.063572 0.001252 
0.000726 0.001820 0.013141 0.876128 0.010505 0.097679 0.000001 
0.252331 0.076504 0.043027 0.000008 0.174753 0.439268 0.014109 
0.362611 0.039042 0.067679 0.000000 0.089915 0.396722 0.044031 
0.376840 0.035164 0.085472 0.000001 0.091768 0.374521 0.036234 
0.161643 0.028844 0.000148 0.000002 0.063852 0.742767 0.002744 
0.238035 0.069937 0.052437 0.000007 0.252365 0.321785 0.065433 
0.299344 0.017943 0.015736 0.000002 0.090840 0.576133 0.000002 
0.324312 0.086491 0.013523 0.000004 0.122038 0.438293 0.015339 
0.036699 0.001308 0.024948 0.777476 0.000124 0.159185 0.000261 
0.233422 0.018389 0.030325 0.000002 0.097675 0.617381 0.002806 
0.119447 0.000717 0.017760 0.000001 0.047294 0.812530 0.002252 
0.025755 0.000006 0.008543 0.003127 0.023034 0.939534 0.000002 
0.068485 0.001256 0.015222 0.842339 0.013396 0.059301 0.000001 
0.028610 0.006086 0.006259 0.897734 0.011851 0.046941 0.002519 
0.330179 0.058095 0.033712 0.000008 0.248238 0.248540 0.081227 
0.145058 0.111095 0.078630 0.000007 0.212359 0.444595 0.008257 
0.118047 0.000015 0.242765 0.000003 0.168193 0.455068 0.015910 
0.203299 0.068293 0.119439 0.000008 0.100593 0.500721 0.007648 
0.124751 0.000010 0.000310 0.000004 0.068587 0.806333 0.000005 
0.136538 0.001377 0.015281 0.025179 0.037172 0.780934 0.003519 
0.167781 0.000012 0.026834 0.000003 0.060254 0.738852 0.006264 
0.020473 0.000025 0.012661 0.000005 0.011788 0.952421 0.002626 
0.299997 0.000875 0.013153 0.000002 0.079711 0.606259 0.000003 
0.009055 0.006489 0.005534 0.026889 0.009218 0.942810 0.000004 
0.104679 0.000011 0.000209 0.011088 0.042064 0.833120 0.008829 
0.072983 0.005180 0.035139 0.000003 0.009264 0.877428 0.000003 
0.226301 0.046137 0.023019 0.014026 0.189689 0.483950 0.016878 
0.037833 0.012121 0.000139 0.020505 0.091585 0.834611 0.003206 
0.163422 0.002698 0.013781 0.000005 0.071828 0.748260 0.000006 
0.044551 0.004644 0.044141 0.007265 0.065433 0.828700 0.005267 
0.012539 0.010313 0.040286 0.005494 0.039682 0.891684 0.000003 
0.314904 0.013743 0.093232 0.094775 0.065539 0.401260 0.016547 
0.184004 0.012224 0.089200 0.000010 0.329147 0.379448 0.005968 
0.065458 0.000019 0.024026 0.037493 0.050358 0.816241 0.006404 
0.081460 0.007202 0.007716 0.029277 0.002047 0.872296 0.000003 
0.000195 0.001116 0.014599 0.880153 0.000037 0.103899 0.000001 
0.105002 0.006089 0.038800 0.013953 0.079203 0.755074 0.001880 
0.159933 0.000031 0.056041 0.010582 0.076734 0.696663 0.000016 
0.079777 0.009038 0.025851 0.004381 0.027661 0.848835 0.004457 
0.016315 0.003084 0.006948 0.901320 0.012098 0.058010 0.002225 
0.264668 0.015108 0.057247 0.008049 0.190503 0.461301 0.003124 
0.181628 0.014399 0.013187 0.008949 0.093034 0.678306 0.010497 
0.115823 0.000029 0.056956 0.000006 0.081346 0.742667 0.003173 
0.061123 0.000015 0.004442 0.021993 0.010571 0.901852 0.000004 
0.221293 0.066268 0.039876 0.000011 0.194530 0.445346 0.032675 
0.018139 0.000013 0.059892 0.006531 0.106650 0.807344 0.001432 
0.304886 0.040499 0.047126 0.000007 0.142685 0.449553 0.015244 
0.162979 0.001603 0.008772 0.000003 0.036123 0.785558 0.004962 
0.200296 0.000006 0.029998 0.000002 0.048646 0.720110 0.000942 
0.072449 0.000006 0.042167 0.021231 0.045459 0.817667 0.001020 
0.128762 0.009421 0.000823 0.000006 0.004546 0.856406 0.000035 
0.072180 0.010517 0.000437 0.000007 0.002685 0.914152 0.000022 
0.312967 0.052985 0.013617 0.000009 0.229209 0.336724 0.054490 
0.200175 0.058026 0.076647 0.041282 0.232987 0.305450 0.085433 
0.201673 0.016450 0.008173 0.000002 0.011910 0.758492 0.003301 
0.248718 0.004471 0.009277 0.004393 0.046218 0.679263 0.007659 
0.067384 0.005276 0.006553 0.000001 0.008606 0.908625 0.003555 
0.125855 0.007982 0.019889 0.000001 0.026571 0.814436 0.005265 
0.225479 0.090533 0.056487 0.000007 0.227098 0.362678 0.037719 
0.145061 0.003479 0.035611 0.000002 0.012892 0.799480 0.003475 
0.104324 0.010045 0.008084 0.771072 0.000111 0.105941 0.000424 
0.120983 0.004796 0.035639 0.000002 0.039728 0.789627 0.009226 
0.083946 0.000009 0.014469 0.008766 0.036602 0.856205 0.000003 
0.278936 0.000793 0.003857 0.021981 0.032054 0.662376 0.000003 
0.598506 0.000018 0.000224 0.015801 0.028728 0.350332 0.006390 
0.057863 0.012838 0.000000 0.000000 0.908554 0.011818 0.008928 
0.030078 0.038702 0.000000 0.000000 0.831537 0.063150 0.036533 
0.000308 0.000000 0.685202 0.000000 0.001298 0.312038 0.001153 
0.236547 0.022493 0.096298 0.000000 0.476214 0.121664 0.046784 
0.159399 0.000000 0.019109 0.000000 0.039044 0.768850 0.013598 
0.150831 0.000000 0.010149 0.000000 0.001703 0.832372 0.004946 
0.159331 0.000000 0.007855 0.000000 0.002302 0.824528 0.005984 
0.112404 0.000000 0.062712 0.000000 0.735557 0.079874 0.009453 
0.361099 0.028806 0.000000 0.000000 0.375105 0.131002 0.103987 
0.117944 0.000000 0.000000 0.000000 0.735150 0.133135 0.013770 
0.241093 0.000000 0.056507 0.036331 0.498820 0.095571 0.071678 
0.386077 0.000000 0.000000 0.000000 0.543510 0.022290 0.048121 
0.306804 0.024168 0.000000 0.000000 0.404494 0.118236 0.146299 
0.021186 0.000000 0.000000 0.000000 0.809780 0.107024 0.062009 
0.258713 0.017929 0.052350 0.000000 0.554068 0.038326 0.078614 
0.265927 0.010770 0.069153 0.000000 0.511639 0.142454 0.000057 
0.256005 0.029546 0.000000 0.000000 0.558078 0.125743 0.030628 
0.377818 0.000000 0.000000 0.000000 0.521355 0.051052 0.049774 
0.001126 0.000000 0.000000 0.000000 0.840528 0.117033 0.041312 
0.156508 0.000000 0.000000 0.000000 0.645178 0.176078 0.022235 
0.191475 0.020694 0.130077 0.000000 0.525763 0.081624 0.050366 
0.430582 0.000001 0.000000 0.000000 0.445308 0.068606 0.055503 
0.005326 0.000000 0.000000 0.000000 0.803232 0.155093 0.036348 
0.248823 0.000000 0.040292 0.019406 0.380799 0.287383 0.023296 
0.478450 0.011729 0.000000 0.008178 0.384477 0.089310 0.027856 
0.456521 0.051151 0.050633 0.000000 0.097620 0.304376 0.039699 
0.533481 0.068175 0.067684 0.088434 0.139015 0.052685 0.050525 
0.370199 0.077614 0.036264 0.000000 0.307771 0.176631 0.031521 
0.315159 0.076876 0.044057 0.000000 0.259344 0.276470 0.028093 
0.277867 0.016602 0.219660 0.000000 0.260826 0.176367 0.048678 
0.316138 0.000001 0.076178 0.026763 0.509501 0.030691 0.040729 
0.357471 0.015543 0.000000 0.000000 0.443768 0.155058 0.028161 
0.440844 0.000001 0.000000 0.071639 0.334239 0.091442 0.061835 
0.285555 0.011454 0.000000 0.000000 0.551860 0.039200 0.111931 
0.403922 0.016923 0.000000 0.040371 0.451934 0.041120 0.045730 
0.000025 0.000000 0.667789 0.000000 0.000607 0.330798 0.000781 
0.213884 0.052947 0.000000 0.000000 0.553208 0.071693 0.108269 
0.091154 0.003624 0.000000 0.000000 0.876378 0.021541 0.007302 
0.126537 0.006526 0.000000 0.000000 0.845648 0.007613 0.013676 
0.029553 0.000000 0.000000 0.000000 0.952900 0.009638 0.007909 
0.050237 0.000000 0.000000 0.000000 0.926790 0.015351 0.007622 
0.083897 0.009881 0.000000 0.000000 0.897268 0.007257 0.001698 
0.056789 0.000000 0.000000 0.000000 0.812221 0.100149 0.030841 
0.135104 0.004383 0.044660 0.000000 0.154117 0.645836 0.015899 
0.133470 0.006802 0.041519 0.000000 0.268121 0.536737 0.013351 
0.114463 0.027407 0.000000 0.018275 0.787558 0.036662 0.015635 
0.162641 0.009526 0.000000 0.000000 0.726331 0.066967 0.034535 
0.139266 0.000000 0.000000 0.021637 0.643818 0.122576 0.072702 
0.036453 0.000000 0.639345 0.000000 0.021354 0.297855 0.004991 
0.053671 0.000000 0.626621 0.000000 0.019355 0.295901 0.004452 
0.268086 0.009149 0.000000 0.000000 0.057843 0.664870 0.000053 
0.291725 0.010355 0.000000 0.000000 0.052296 0.645570 0.000054 
0.268439 0.016087 0.000000 0.014285 0.075724 0.625395 0.000070 
0.218801 0.000000 0.000000 0.008536 0.076557 0.679688 0.016418 
0.260665 0.002811 0.037020 0.000000 0.059521 0.633399 0.006585 
0.343748 0.017653 0.000000 0.000000 0.603453 0.010254 0.024892 
0.401329 0.022806 0.000000 0.031660 0.510613 0.021793 0.011799 
0.455614 0.000000 0.156437 0.000000 0.268214 0.077549 0.042185 
0.404163 0.000000 0.000000 0.000000 0.484953 0.085839 0.025044 
0.502311 0.000000 0.000000 0.000000 0.435748 0.029589 0.032352 
0.592124 0.000000 0.000000 0.000000 0.277951 0.095066 0.034858 
0.757330 0.000000 0.000000 0.000000 0.231733 0.010483 0.000453 
0.450444 0.000000 0.140710 0.000000 0.362421 0.033277 0.013149 
0.384213 0.029326 0.000000 0.000000 0.562089 0.005107 0.019266 
0.042800 0.030552 0.000000 0.000000 0.756568 0.027349 0.142730 
0.105865 0.051122 0.000000 0.000001 0.734583 0.045794 0.062635 
0.158343 0.009712 0.040015 0.048396 0.531600 0.092661 0.119274 
0.082104 0.015797 0.000000 0.000001 0.695275 0.048485 0.158338 
0.100834 0.000192 0.000000 0.000001 0.586875 0.042615 0.269484 
0.090929 0.015947 0.000000 0.012825 0.697107 0.097400 0.085792 
0.071636 0.003762 0.000000 0.029879 0.814999 0.039335 0.040389 
0.126113 0.046177 0.000000 0.011048 0.586630 0.088673 0.141358 
0.138890 0.030074 0.000000 0.000001 0.749823 0.008541 0.072671 
0.042443 0.008582 0.065000 0.000000 0.778836 0.027609 0.077529 
0.304843 0.044073 0.073103 0.000001 0.123728 0.387704 0.066548 
0.172414 0.008873 0.000000 0.024153 0.685687 0.063887 0.044987 
0.145262 0.003925 0.000000 0.000000 0.713179 0.052460 0.085173 
0.147784 0.027480 0.000000 0.000001 0.671194 0.035427 0.118113 
0.046844 0.011534 0.000000 0.020427 0.736316 0.045204 0.139676 
0.100246 0.020106 0.000000 0.016889 0.693238 0.117925 0.051596 
0.136421 0.008426 0.000000 0.000001 0.698074 0.104820 0.052257 
0.082254 0.015719 0.021293 0.000000 0.352961 0.056252 0.471520 
0.025511 0.014805 0.052211 0.000000 0.045217 0.832506 0.029750 
0.161402 0.014959 0.000000 0.000000 0.719228 0.051064 0.053347 
0.065866 0.000254 0.000000 0.000000 0.717719 0.080320 0.135840 
0.153177 0.055713 0.053807 0.000001 0.566783 0.098622 0.071899 
0.045697 0.016694 0.000000 0.000000 0.793450 0.031140 0.113019 
0.096646 0.008164 0.029899 0.000001 0.663036 0.088157 0.114096 
0.063543 0.005836 0.000000 0.000001 0.557480 0.069611 0.303530 
0.210656 0.034201 0.000000 0.013263 0.609768 0.055053 0.077059 
0.146935 0.014499 0.000000 0.058279 0.433459 0.033318 0.313510 
0.009831 0.000111 0.000000 0.000001 0.929770 0.020942 0.039347 
