-7632632.902253
0
0.000000 0.000266 0.000000 0.000000 0.000000 0.000457 0.001203 0.000571 0.000000 0.030048 0.001024 0.000000 0.004072 0.000952 0.002662 0.010462 0.000000 0.000000 0.000000 0.001629 0.000907 0.001190 0.003297 0.000000 0.004646 0.000000 0.000000 0.000283 0.000000 0.000000 0.003740 0.000000 0.084281 0.077411 0.025545 0.001660 0.000000 0.000904 0.000000 0.002403 0.002246 0.000000 0.000000 0.008193 0.000000 0.000645 0.003595 0.000000 0.000000 0.000000 0.000000 0.000000 0.000000 0.000000 0.000000 0.000000 0.000000 0.022823 0.000260 0.000000 0.000961 0.000000 0.001613 0.001841 0.000000 0.000000 0.000000 0.025256 0.000188 0.000000 0.004668 0.000000 0.002935 0.008274 0.000000 0.000000 0.000000 0.002917 0.000971 0.000000 0.014218 0.485872 0.030484 0.071444 0.003251 0.003836 0.002049 0.012858 0.005877 0.004455 0.007008 0.006093 0.000863 0.002825 0.001867 0.000000 
0.000000 0.000000 0.000230 0.000000 0.000900 0.000000 0.000000 0.000000 0.000000 0.000000 0.000000 0.000670 0.000000 0.001518 0.002200 0.000000 0.000000 0.000000 0.000000 0.000000 0.000098 0.000000 0.001133 0.000000 0.220621 0.242677 0.222254 0.222201 0.000000 0.000000 0.000000 0.000710 0.003627 0.000000 0.000000 0.000000 0.000000 0.000420 0.000000 0.000989 0.000000 0.002214 0.000000 0.000000 0.000000 0.000280 0.000000 0.000000 0.003166 0.000000 0.000000 0.000000 0.000000 0.000000 0.000000 0.000439 0.001643 0.000000 0.000000 0.000000 0.000000 0.000000 0.000000 0.000000 0.001880 0.000000 0.000000 0.000000 0.000000 0.000000 0.000000 0.000000 0.015528 0.018978 0.027815 0.005979 0.000000 0.000000 0.000000 0.000000 0.000000 0.000003 0.000000 0.001306 0.000000 0.000000 0.000000 0.000000 0.000520 0.000000 0.000000 0.000000 0.000000 0.000000 0.000000 0.000000 
0.000000 0.008763 0.000582 0.030393 0.000000 0.000000 0.000000 0.000000 0.014225 0.008632 0.063320 0.010069 0.000294 0.002230 0.000000 0.005573 0.000800 0.005701 0.000828 0.000000 0.000000 0.001470 0.001477 0.004002 0.007440 0.022784 0.000000 0.248491 0.000000 0.000000 0.000000 0.000000 0.000000 0.000000 0.041958 0.000000 0.000000 0.004647 0.000000 0.003735 0.000000 0.008375 0.000168 0.000872 0.000000 0.002487 0.002578 0.013745 0.006556 0.021290 0.001823 0.108994 0.002108 0.000000 0.000000 0.001441 0.017820 0.000000 0.145566 0.001632 0.000000 0.003879 0.000000 0.002875 0.004564 0.011581 0.006736 0.003576 0.000000 0.003181 0.000000 0.009602 0.000000 0.022586 0.000000 0.065440 0.000000 0.000000 0.000000 0.000000 0.000000 0.005921 0.000000 0.021395 0.000000 0.001628 0.000000 0.001729 0.000919 0.006984 0.002882 0.001651 0.000000 0.000000 0.000000 0.000000 
0.039361 0.004900 0.000000 0.001939 0.011656 0.013976 0.030133 0.007953 0.000000 0.000000 0.001185 0.000000 0.007570 0.001727 0.008788 0.000000 0.000000 0.026962 0.002542 0.001252 0.011875 0.008453 0.030609 0.007619 0.000000 0.000000 0.009668 0.000000 0.009956 0.003457 0.026913 0.013818 0.000000 0.020984 0.003630 0.003564 0.000000 0.000000 0.000000 0.007219 0.001530 0.064466 0.013267 0.018957 0.003605 0.007775 0.027752 0.003665 0.020921 0.009689 0.008006 0.000000 0.025773 0.043007 0.049196 0.031710 0.002106 0.001419 0.007351 0.006458 0.005697 0.007547 0.006297 0.004862 0.000000 0.020552 0.031207 0.000000 0.024299 0.047702 0.000000 0.042034 0.000000 0.000000 0.000000 0.000000 0.000000 0.003582 0.010570 0.000148 0.000000 0.010168 0.001659 0.000737 0.000000 0.001087 0.000000 0.005968 0.000000 0.032375 0.012446 0.000769 0.012206 0.019634 0.016464 0.017626 
0.002935 0.004130 0.001415 0.000000 0.001620 0.001005 0.000000 0.002758 0.005749 0.004169 0.017937 0.001913 0.000000 0.000000 0.000000 0.006781 0.031371 0.035122 0.129244 0.014461 0.000000 0.003056 0.001321 0.000000 0.000000 0.011584 0.007510 0.000000 0.000000 0.000000 0.002865 0.000000 0.015272 0.011805 0.044020 0.014020 0.000000 0.007232 0.000000 0.000973 0.031926 0.040285 0.183491 0.043748 0.002529 0.020444 0.026841 0.008180 0.003706 0.000319 0.007068 0.000000 0.000000 0.005411 0.000000 0.002248 0.012193 0.000576 0.013590 0.016287 0.000000 0.000000 0.002472 0.002769 0.002212 0.015331 0.067773 0.004381 0.000000 0.000000 0.000000 0.000000 0.000000 0.000000 0.000000 0.000000 0.000000 0.002306 0.000000 0.002812 0.000000 0.005292 0.000353 0.000000 0.000000 0.000000 0.000000 0.000000 0.010809 0.013787 0.060308 0.008313 0.000000 0.000000 0.001972 0.000000 
0.000000 0.000000 0.000000 0.000000 0.000000 0.001666 0.000000 0.001396 0.000000 0.000000 0.000000 0.000000 0.007989 0.023949 0.001192 0.007145 0.041184 0.028226 0.030277 0.024476 0.002132 0.003593 0.001349 0.002990 0.000000 0.003567 0.000000 0.000000 0.000000 0.000000 0.000000 0.000782 0.000639 0.006105 0.000716 0.000000 0.000270 0.001099 0.000000 0.000000 0.025516 0.016804 0.025011 0.022161 0.001331 0.002752 0.001539 0.002611 0.000000 0.006531 0.000000 0.000000 0.000000 0.004609 0.000000 0.001567 0.000000 0.038013 0.000000 0.000000 0.003019 0.013515 0.001501 0.002729 0.157324 0.096053 0.098800 0.107881 0.000000 0.001486 0.000000 0.003026 0.000000 0.000000 0.000000 0.000000 0.000000 0.000000 0.000000 0.000866 0.004732 0.009381 0.000000 0.008408 0.002963 0.004220 0.000000 0.000339 0.041163 0.039970 0.024584 0.033079 0.000000 0.002506 0.001179 0.002088 
0.000269 0.000114 0.000000 0.000000 0.000000 0.000000 0.000000 0.000101 0.000383 0.000580 0.000116 0.000000 0.000000 0.000000 0.000000 0.000168 0.000000 0.000579 0.000109 0.000000 0.000000 0.000000 0.000273 0.000000 0.000000 0.000000 0.000000 0.000000 0.000091 0.000000 0.000000 0.000000 0.000000 0.000252 0.000117 0.000122 0.000000 0.000000 0.000000 0.000000 0.000000 0.042615 0.000000 0.000403 0.000000 0.000000 0.000473 0.000117 0.000283 0.000000 0.000000 0.000000 0.000000 0.000107 0.000709 0.000108 0.000106 0.000000 0.001033 0.000000 0.000000 0.000000 0.000000 0.000000 0.000000 0.000000 0.000000 0.000000 0.038226 0.029780 0.860625 0.019173 0.000000 0.000000 0.000000 0.000000 0.000000 0.000000 0.000000 0.000000 0.000371 0.000249 0.000383 0.000000 0.000000 0.000000 0.000000 0.000000 0.000000 0.001496 0.000245 0.000000 0.000000 0.000220 0.000000 0.000000 
0.000701 0.000321 0.000000 0.000372 0.002211 0.000809 0.000561 0.002089 0.000000 0.000000 0.003392 0.000000 0.000174 0.000000 0.000251 0.000000 0.000000 0.000655 0.000000 0.000000 0.000000 0.000000 0.000352 0.000000 0.001256 0.000000 0.000000 0.000000 0.003963 0.000522 0.001110 0.003895 0.004348 0.003375 0.005093 0.000000 0.000000 0.000334 0.000394 0.000000 0.000000 0.000342 0.000700 0.000000 0.000000 0.000000 0.000000 0.000000 0.000733 0.000399 0.000196 0.000630 0.001072 0.000836 0.000218 0.002090 0.007970 0.002942 0.005489 0.000000 0.000000 0.000131 0.000000 0.000000 0.000578 0.000136 0.000755 0.000000 0.000279 0.000173 0.000000 0.000000 0.028250 0.018348 0.006399 0.015203 0.177995 0.058281 0.020827 0.200065 0.226688 0.034893 0.041356 0.108711 0.000000 0.000000 0.000000 0.000000 0.000000 0.000763 0.000374 0.000000 0.000000 0.000000 0.000000 0.000000 
0.000000 0.007059 0.006299 0.002460 0.015475 0.008845 0.004142 0.013763 0.049512 0.034833 0.095280 0.044925 0.000000 0.005200 0.004795 0.000741 0.024641 0.003594 0.044474 0.045182 0.000000 0.002148 0.000000 0.000000 0.000000 0.000000 0.000000 0.000000 0.012972 0.016064 0.000000 0.013244 0.028952 0.000000 0.107742 0.030365 0.000000 0.000000 0.000000 0.000000 0.006578 0.000000 0.000000 0.011086 0.000000 0.000000 0.000000 0.000000 0.000000 0.000000 0.000000 0.000000 0.005108 0.000000 0.000000 0.006970 0.013955 0.000000 0.097115 0.023146 0.000000 0.000000 0.000000 0.000000 0.000000 0.000000 0.001966 0.017288 0.000000 0.000000 0.000000 0.000000 0.000000 0.000000 0.000000 0.000000 0.005888 0.012551 0.009074 0.017614 0.018341 0.020347 0.038718 0.025915 0.000000 0.002900 0.000000 0.000000 0.009180 0.003989 0.000000 0.023229 0.000000 0.000000 0.006334 0.000000 
0.002681 0.000000 0.000000 0.000000 0.000000 0.000000 0.000000 0.000000 0.000000 0.044447 0.000000 0.023573 0.000000 0.000000 0.000398 0.000000 0.000478 0.000325 0.000000 0.000162 0.000000 0.000000 0.000000 0.000000 0.000000 0.000000 0.000000 0.003372 0.000077 0.000766 0.000000 0.001008 0.090485 0.328352 0.072451 0.224060 0.000986 0.000000 0.000000 0.000459 0.000000 0.000000 0.000000 0.000000 0.000000 0.000188 0.000000 0.000000 0.000730 0.000000 0.000000 0.000000 0.000000 0.000000 0.000000 0.000000 0.000000 0.042144 0.000000 0.011673 0.000000 0.000000 0.000000 0.000000 0.000000 0.000000 0.000000 0.000350 0.000000 0.000000 0.000074 0.000000 0.001031 0.000881 0.000000 0.000000 0.000000 0.000000 0.000000 0.000000 0.000000 0.066999 0.009570 0.070885 0.000000 0.000000 0.000000 0.000000 0.000000 0.000000 0.000000 0.000000 0.000103 0.000000 0.000119 0.001174 
0.000750 0.001538 0.000535 0.009754 0.000347 0.000000 0.000000 0.000000 0.000000 0.003868 0.007576 0.005661 0.000000 0.000000 0.000000 0.001239 0.002589 0.004307 0.001864 0.003954 0.001583 0.004611 0.001859 0.017669 0.002011 0.000000 0.000000 0.006526 0.000000 0.000000 0.000000 0.000000 0.000000 0.001720 0.000000 0.004219 0.000000 0.000000 0.000000 0.000000 0.000000 0.000000 0.000000 0.000000 0.002548 0.000000 0.002303 0.008127 0.000554 0.001882 0.000000 0.004329 0.000000 0.000000 0.000000 0.000000 0.000000 0.012270 0.000000 0.014294 0.000000 0.000000 0.000000 0.000000 0.002223 0.005220 0.001480 0.010438 0.000870 0.001676 0.000000 0.000000 0.048815 0.010103 0.005197 0.355719 0.000000 0.000000 0.000000 0.000000 0.001312 0.016268 0.241989 0.031051 0.000100 0.000435 0.000473 0.002332 0.002841 0.007930 0.005675 0.009201 0.007771 0.010219 0.002703 0.087472 
0.053274 0.043728 0.036595 0.031720 0.012921 0.009592 0.007753 0.008064 0.007451 0.000000 0.000000 0.000000 0.000000 0.000564 0.002403 0.000000 0.007358 0.000000 0.000000 0.002642 0.001007 0.000896 0.000891 0.000000 0.055858 0.029314 0.013048 0.000000 0.016095 0.016843 0.018973 0.017191 0.024581 0.000000 0.005537 0.009597 0.000000 0.000000 0.000000 0.004280 0.002476 0.001744 0.000000 0.004549 0.000582 0.000000 0.002222 0.000000 0.065578 0.074201 0.055508 0.045419 0.010649 0.017332 0.014135 0.009885 0.006886 0.000976 0.000000 0.000204 0.002588 0.002783 0.005365 0.003719 0.000000 0.000000 0.000000 0.000000 0.001031 0.000000 0.000000 0.000000 0.048368 0.073421 0.032642 0.043151 0.002145 0.016291 0.006201 0.000932 0.000000 0.006509 0.000000 0.000000 0.000000 0.000000 0.000000 0.000000 0.000338 0.000000 0.000000 0.000000 0.001071 0.000969 0.001953 0.000000 
0.000000 0.005550 0.000000 0.000000 0.000000 0.000000 0.000000 0.000728 0.000691 0.001441 0.001722 0.001147 0.032993 0.023440 0.060206 0.019742 0.012505 0.001714 0.004810 0.004374 0.004261 0.001356 0.008348 0.000000 0.001410 0.000965 0.000000 0.006171 0.000000 0.001721 0.000000 0.000000 0.003533 0.010074 0.004795 0.006417 0.044691 0.077387 0.198593 0.058776 0.004929 0.001108 0.000000 0.002361 0.005029 0.001629 0.016368 0.000000 0.000000 0.000651 0.001742 0.002608 0.000000 0.000000 0.000000 0.000000 0.000000 0.000000 0.002052 0.000000 0.036882 0.024180 0.062691 0.019204 0.003911 0.000000 0.000000 0.000000 0.001524 0.000000 0.000000 0.000000 0.003207 0.003620 0.000823 0.000864 0.001558 0.000000 0.000000 0.000000 0.002483 0.005273 0.001788 0.002685 0.031386 0.038514 0.061403 0.035043 0.003331 0.000713 0.001065 0.000000 0.004018 0.006100 0.009696 0.000000 
0.001133 0.000000 0.000000 0.000000 0.000000 0.000000 0.000000 0.000849 0.013935 0.004860 0.336842 0.001971 0.000000 0.000000 0.000000 0.000000 0.000000 0.000000 0.000000 0.000000 0.000000 0.000000 0.000000 0.000000 0.000242 0.001561 0.000000 0.013093 0.000000 0.000000 0.000000 0.000000 0.005853 0.004938 0.359090 0.002092 0.000000 0.000000 0.000000 0.000659 0.000000 0.000000 0.000000 0.000000 0.000000 0.000801 0.000785 0.002112 0.001290 0.000000 0.000000 0.000000 0.000000 0.000000 0.000000 0.000000 0.021958 0.000000 0.023841 0.001067 0.000000 0.000000 0.000000 0.000000 0.004305 0.000000 0.000835 0.000000 0.000000 0.000000 0.000000 0.000000 0.000000 0.001713 0.000000 0.000000 0.000000 0.000000 0.000000 0.000000 0.004512 0.001774 0.181797 0.000000 0.000000 0.000140 0.000000 0.000000 0.001725 0.002012 0.002216 0.000000 0.000000 0.000000 0.000000 0.000000 
0.000000 0.000887 0.000000 0.000000 0.000000 0.000000 0.000000 0.000000 0.069155 0.074969 0.020577 0.051720 0.000000 0.000000 0.000000 0.000000 0.000000 0.000000 0.000499 0.000000 0.000000 0.000000 0.000000 0.000000 0.000000 0.001451 0.000294 0.000000 0.000000 0.000000 0.000000 0.000000 0.020400 0.044252 0.000000 0.035838 0.000000 0.000000 0.000000 0.000000 0.000000 0.000000 0.000533 0.000000 0.000000 0.000000 0.000000 0.000126 0.000000 0.001636 0.000490 0.000000 0.000000 0.000000 0.000000 0.000000 0.156927 0.259376 0.031894 0.183665 0.000000 0.000195 0.000000 0.000000 0.000000 0.001437 0.000000 0.000000 0.000000 0.000000 0.000000 0.000000 0.000670 0.000000 0.000000 0.000469 0.000000 0.000000 0.000000 0.000000 0.023464 0.018186 0.000000 0.000000 0.000000 0.000000 0.000000 0.000000 0.000000 0.000892 0.000000 0.000000 0.000000 0.000000 0.000000 0.000000 
0.000000 0.000000 0.000000 0.000000 0.000000 0.001650 0.000000 0.001140 0.000000 0.000000 0.105119 0.000000 0.000000 0.002681 0.000000 0.003321 0.000000 0.001092 0.000000 0.000000 0.000000 0.000000 0.000000 0.000000 0.000000 0.004966 0.001880 0.009362 0.000000 0.000000 0.000000 0.000000 0.001321 0.001293 0.078000 0.002675 0.000000 0.001061 0.000000 0.000000 0.000000 0.000878 0.003405 0.000000 0.000000 0.000000 0.000000 0.000000 0.001228 0.004275 0.001909 0.000000 0.000000 0.004060 0.000000 0.000000 0.019779 0.078119 0.626075 0.029461 0.000000 0.002209 0.000000 0.001254 0.000391 0.000000 0.000000 0.000000 0.000000 0.000000 0.000000 0.000000 0.001006 0.000000 0.000000 0.000000 0.000000 0.000000 0.000000 0.000000 0.001671 0.007496 0.000000 0.000000 0.000644 0.000000 0.000000 0.000000 0.000000 0.000579 0.000000 0.000000 0.000000 0.000000 0.000000 0.000000 
0.000000 0.000493 0.000237 0.000000 0.000000 0.001450 0.000000 0.000000 0.000000 0.000000 0.000000 0.000000 0.000000 0.000000 0.000000 0.003201 0.000000 0.004589 0.000000 0.002208 0.004024 0.013647 0.004506 0.061901 0.002013 0.000000 0.000000 0.000000 0.000000 0.000000 0.000000 0.002343 0.002863 0.004144 0.000000 0.001403 0.000319 0.009190 0.004086 0.029530 0.000000 0.047541 0.026742 0.076350 0.005155 0.034821 0.028144 0.291609 0.001988 0.000000 0.000000 0.000000 0.000000 0.000000 0.000000 0.000732 0.000000 0.000000 0.000000 0.000000 0.000000 0.003001 0.000000 0.005729 0.000000 0.012793 0.000000 0.005293 0.001338 0.011763 0.000000 0.078478 0.001680 0.000000 0.000000 0.001982 0.000000 0.000000 0.000000 0.001601 0.004944 0.006631 0.000000 0.003821 0.000000 0.003750 0.000000 0.009949 0.000000 0.018208 0.000000 0.008599 0.003631 0.028017 0.008043 0.115518 
0.000000 0.000448 0.000000 0.000731 0.000000 0.000022 0.000000 0.000000 0.000000 0.005288 0.000000 0.001517 0.000000 0.000857 0.000000 0.000000 0.000000 0.000181 0.000224 0.000000 0.000000 0.000000 0.000000 0.000000 0.000000 0.000000 0.000569 0.000693 0.000095 0.000000 0.000000 0.000120 0.049552 0.000016 0.013770 0.045161 0.000094 0.001201 0.000000 0.001104 0.000496 0.000799 0.002211 0.002308 0.000299 0.000580 0.000000 0.000000 0.000000 0.000000 0.000000 0.000000 0.000000 0.000313 0.000000 0.000094 0.000000 0.011429 0.000000 0.027962 0.000000 0.000529 0.000000 0.000294 0.000000 0.000000 0.000000 0.000000 0.000000 0.000000 0.000000 0.000450 0.000000 0.000000 0.000491 0.000000 0.000000 0.000000 0.000000 0.000295 0.235443 0.222585 0.268532 0.101548 0.000000 0.000459 0.000127 0.000825 0.000000 0.000000 0.000000 0.000000 0.000177 0.000000 0.000000 0.000110 
0.000000 0.000000 0.000000 0.000000 0.001406 0.000292 0.000000 0.000000 0.000000 0.002431 0.000000 0.000000 0.000000 0.000000 0.000000 0.000000 0.004436 0.005241 0.000000 0.000000 0.000000 0.000000 0.000000 0.000000 0.002506 0.000000 0.000974 0.000483 0.000000 0.000000 0.000000 0.000000 0.000000 0.001477 0.000000 0.000000 0.000000 0.000000 0.000000 0.000000 0.000000 0.000000 0.000000 0.000000 0.000000 0.002658 0.002800 0.006433 0.001964 0.001922 0.000000 0.012150 0.001521 0.000444 0.000000 0.000932 0.003182 0.044003 0.191389 0.056031 0.000000 0.000000 0.000000 0.000000 0.016665 0.040427 0.009468 0.011026 0.000000 0.003109 0.000000 0.003098 0.000000 0.000000 0.000000 0.000000 0.000000 0.000000 0.000000 0.000000 0.000000 0.024923 0.480185 0.056005 0.000000 0.000000 0.000000 0.000000 0.000149 0.005865 0.000000 0.000000 0.000000 0.004402 0.000000 0.000000 
0.034848 0.040425 0.063301 0.000001 0.040791 0.034102 0.004483 0.017984 0.000000 0.084748 0.020710 0.231468 0.060839 0.004946 0.360872 0.000482 0.000000 0.000000 0.000000 
0.000000 0.000065 0.029790 0.000001 0.006142 0.000617 0.000695 0.002593 0.000000 0.000000 0.500155 0.012549 0.008524 0.097775 0.000895 0.031126 0.011589 0.019375 0.278108 
0.000000 0.020802 0.065846 0.003991 0.109949 0.054112 0.001002 0.001628 0.000000 0.000000 0.000000 0.000000 0.007413 0.337075 0.080259 0.280482 0.018146 0.000000 0.019293 
0.000000 0.011319 0.005270 0.005591 0.068683 0.045301 0.000000 0.001603 0.000000 0.010303 0.000000 0.000000 0.004128 0.487115 0.039326 0.292293 0.012963 0.000000 0.016105 
0.000000 0.021161 0.083875 0.004515 0.063545 0.022068 0.000000 0.007389 0.000000 0.000000 0.000000 0.000000 0.007126 0.423300 0.076173 0.290846 0.000000 0.000000 0.000000 
0.000000 0.131520 0.100094 0.051350 0.000782 0.305353 0.000000 0.032025 0.000000 0.000000 0.000000 0.000000 0.122109 0.026979 0.059470 0.012730 0.108119 0.049468 0.000000 
0.000000 0.023105 0.012361 0.000001 0.035075 0.026426 0.000000 0.001699 0.033456 0.000000 0.005670 0.000000 0.007469 0.437195 0.062770 0.354773 0.000000 0.000000 0.000000 
0.000000 0.014736 0.048939 0.000002 0.070245 0.052372 0.000000 0.000027 0.016650 0.026169 0.009387 0.021554 0.007334 0.292493 0.112939 0.261773 0.000000 0.000000 0.065379 
0.000000 0.013972 0.029309 0.004826 0.053264 0.035105 0.000000 0.006939 0.012050 0.000000 0.000000 0.017585 0.002674 0.481650 0.015746 0.322621 0.004258 0.000000 0.000000 
0.000000 0.024562 0.053189 0.016278 0.050450 0.077585 0.000000 0.000017 0.000000 0.000000 0.000000 0.000000 0.000015 0.388192 0.040083 0.323006 0.000000 0.026623 0.000000 
0.000000 0.040180 0.058013 0.004001 0.058323 0.081757 0.000444 0.000959 0.013397 0.000000 0.005310 0.000000 0.003080 0.372386 0.103598 0.255083 0.000000 0.000000 0.003469 
0.000000 0.024846 0.000688 0.092466 0.202922 0.019090 0.001217 0.038392 0.197136 0.063978 0.000000 0.122478 0.014857 0.118615 0.022463 0.080851 0.000000 0.000000 0.000000 
0.000000 0.010572 0.030439 0.000005 0.000341 0.018410 0.005079 0.662573 0.000000 0.026652 0.000000 0.000000 0.000029 0.012987 0.010314 0.001385 0.020924 0.200289 0.000000 
0.000000 0.013273 0.021985 0.080670 0.099295 0.031036 0.000132 0.002427 0.311463 0.100185 0.006993 0.094866 0.035821 0.070425 0.041053 0.028386 0.018789 0.018662 0.024539 
0.000000 0.018716 0.008871 0.047009 0.122088 0.030963 0.003937 0.006830 0.306905 0.083877 0.005653 0.048872 0.021651 0.093410 0.036825 0.051704 0.006005 0.050940 0.055744 
0.000000 0.014156 0.009061 0.042942 0.155808 0.037254 0.002320 0.010552 0.322389 0.061459 0.008601 0.074297 0.044122 0.087265 0.038234 0.026309 0.004905 0.030136 0.030190 
0.000000 0.010358 0.007393 0.052516 0.162579 0.047916 0.000116 0.012592 0.327237 0.056146 0.002167 0.027730 0.013342 0.138635 0.031697 0.036479 0.014285 0.035220 0.023593 
0.000000 0.004052 0.022502 0.058863 0.165007 0.033331 0.000094 0.022347 0.335500 0.050942 0.006300 0.059109 0.028208 0.068942 0.027055 0.041842 0.010781 0.025156 0.039970 
0.000000 0.003194 0.015858 0.056165 0.121982 0.031698 0.001433 0.007148 0.323093 0.064672 0.025142 0.053142 0.032362 0.113853 0.037759 0.036519 0.015127 0.022667 0.038186 
0.000000 0.051611 0.057072 0.061904 0.093899 0.037675 0.007208 0.025601 0.249662 0.039665 0.025960 0.190160 0.026326 0.067039 0.012087 0.017579 0.004995 0.016533 0.015023 
0.000000 0.015317 0.013365 0.062461 0.085311 0.029049 0.011990 0.025007 0.312176 0.081274 0.004304 0.106612 0.037332 0.076889 0.050012 0.016838 0.007180 0.046638 0.018245 
0.000000 0.007265 0.012538 0.120376 0.183609 0.076749 0.006833 0.017834 0.288938 0.036589 0.010121 0.037155 0.038912 0.057628 0.036982 0.011769 0.020501 0.021296 0.014904 
0.000000 0.023148 0.037568 0.060005 0.089256 0.039176 0.010031 0.009977 0.255765 0.049024 0.038661 0.140052 0.045224 0.064754 0.032278 0.018475 0.008785 0.026222 0.051599 
0.000000 0.018693 0.008356 0.088121 0.136732 0.026086 0.000100 0.008419 0.314770 0.043868 0.005021 0.135676 0.024425 0.063570 0.021995 0.032194 0.010745 0.034869 0.026359 
0.000000 0.000000 0.000000 0.000000 0.000000 0.000000 0.000000 0.851599 0.045991 0.000000 0.000000 0.000000 0.000000 0.000000 0.000000 0.000000 0.000000 0.102410 0.000000 
0.000000 0.000000 0.054365 0.012625 0.238027 0.136623 0.000000 0.443399 0.000005 0.000000 0.000000 0.000000 0.000000 0.000000 0.000000 0.000000 0.000000 0.000008 0.114949 
0.000000 0.000000 0.075297 0.099348 0.000000 0.000000 0.000000 0.237030 0.397962 0.000000 0.000000 0.100657 0.063579 0.000000 0.000000 0.026107 0.000000 0.000019 0.000000 
0.023244 0.003417 0.000000 0.000000 0.000000 0.000000 0.000000 0.860970 0.029987 0.000000 0.000000 0.000000 0.000000 0.000000 0.000000 0.000000 0.000000 0.082381 0.000000 
0.000000 0.012373 0.000000 0.000000 0.000000 0.000000 0.000000 0.856271 0.050678 0.000000 0.000000 0.000000 0.018588 0.000000 0.000000 0.000000 0.006746 0.055343 0.000000 
0.000000 0.000000 0.000000 0.000000 0.000000 0.000000 0.998535 0.001459 0.000002 0.000000 0.000000 0.000000 0.000000 0.000000 0.000000 0.000000 0.000000 0.000005 0.000000 
0.045021 0.062437 0.000000 0.264790 0.000000 0.039618 0.001548 0.074830 0.182736 0.000000 0.000000 0.123019 0.100061 0.000000 0.098708 0.000000 0.007215 0.000019 0.000000 
0.000000 0.058814 0.141666 0.008316 0.173425 0.162314 0.000000 0.002018 0.000002 0.000000 0.000000 0.000000 0.018152 0.098714 0.251175 0.085398 0.000000 0.000006 0.000000 
0.000000 0.000000 0.000000 0.000000 0.000000 0.000000 0.999267 0.000730 0.000001 0.000000 0.000000 0.000000 0.000000 0.000000 0.000000 0.000000 0.000000 0.000002 0.000000 
0.020243 0.003746 0.000000 0.000000 0.000000 0.000000 0.000000 0.902855 0.014631 0.000000 0.000000 0.008719 0.000000 0.000000 0.000000 0.000000 0.002585 0.047220 0.000000 
0.000000 0.000000 0.000000 0.000000 0.000000 0.000000 0.000000 0.789440 0.029398 0.000000 0.000000 0.000000 0.000000 0.000000 0.000000 0.000000 0.011127 0.170035 0.000000 
0.000000 0.003907 0.023800 0.000000 0.000000 0.008155 0.000577 0.000347 0.000000 0.000000 0.689919 0.003444 0.002177 0.043978 0.000000 0.000000 0.008713 0.019617 0.195367 
0.000000 0.075268 0.063553 0.000000 0.156627 0.123556 0.002796 0.001119 0.042065 0.000000 0.021566 0.000000 0.005778 0.096631 0.239676 0.137262 0.000000 0.034103 0.000000 
0.000000 0.000001 0.000000 0.000000 0.000000 0.000000 0.000000 0.912581 0.020082 0.000000 0.000000 0.030896 0.000000 0.000000 0.000000 0.000000 0.000000 0.036440 0.000000 
0.013404 0.026903 0.128701 0.024584 0.275856 0.094164 0.002725 0.037956 0.000003 0.000000 0.000000 0.000000 0.005615 0.158098 0.091805 0.127477 0.012702 0.000006 0.000000 
0.000000 0.000000 0.000000 0.067985 0.121435 0.000000 0.012885 0.010306 0.379491 0.026799 0.000000 0.088509 0.046794 0.100198 0.035316 0.047684 0.000000 0.062596 0.000000 
0.000000 0.000000 0.000000 0.000000 0.000000 0.000000 0.000000 0.790890 0.057668 0.000000 0.000000 0.042125 0.000000 0.000000 0.000000 0.000000 0.000000 0.109317 0.000000 
0.032030 0.000000 0.000000 0.000000 0.000000 0.000000 0.000000 0.789176 0.000009 0.000000 0.035655 0.000000 0.000000 0.000000 0.000000 0.000000 0.000000 0.143129 0.000000 
0.000000 0.004523 0.000000 0.000000 0.000000 0.000000 0.000000 0.766129 0.023802 0.000000 0.000000 0.009515 0.000000 0.000000 0.000000 0.000000 0.006176 0.189855 0.000000 
0.007813 0.007007 0.000000 0.000000 0.000000 0.000000 0.004859 0.007225 0.100114 0.286292 0.000000 0.017956 0.027712 0.000000 0.348268 0.000000 0.008353 0.184402 0.000000 
0.000000 0.027655 0.096152 0.008237 0.206495 0.184843 0.001221 0.000122 0.000002 0.000000 0.007216 0.000000 0.012429 0.079267 0.206848 0.139164 0.000000 0.000004 0.030344 
0.040116 0.011365 0.000000 0.000000 0.000000 0.000000 0.000000 0.744182 0.068738 0.000000 0.000000 0.000000 0.000000 0.000000 0.000000 0.000000 0.000000 0.135600 0.000000 
0.000000 0.000000 0.000000 0.000000 0.000000 0.000000 0.000000 0.868751 0.018142 0.000000 0.000000 0.000000 0.000000 0.000000 0.000000 0.000000 0.000000 0.113107 0.000000 
0.041539 0.000000 0.000000 0.000000 0.000000 0.000000 0.000000 0.754424 0.071962 0.000000 0.000000 0.055379 0.000000 0.000000 0.000000 0.000000 0.000000 0.076695 0.000000 
0.030108 0.000000 0.000000 0.000000 0.000000 0.025694 0.000000 0.758288 0.026379 0.000000 0.000000 0.033464 0.028849 0.000000 0.000000 0.000000 0.033469 0.063749 0.000000 
0.026158 0.013189 0.060535 0.000000 0.031083 0.045253 0.000900 0.570559 0.000003 0.000000 0.000000 0.000000 0.017795 0.057542 0.100145 0.000000 0.000000 0.076836 0.000000 
0.000000 0.005897 0.000000 0.000000 0.000000 0.000000 0.000000 0.910437 0.033017 0.000000 0.000000 0.000000 0.000000 0.000000 0.000000 0.000000 0.000000 0.050649 0.000000 
0.000000 0.012304 0.110950 0.021110 0.351190 0.358738 0.000894 0.026538 0.000004 0.000000 0.000000 0.029413 0.065444 0.000000 0.000000 0.000000 0.023404 0.000012 0.000000 
0.000000 0.032251 0.060374 0.042138 0.134955 0.174335 0.006325 0.049283 0.109095 0.000000 0.000000 0.060513 0.056422 0.116157 0.106565 0.035423 0.016156 0.000008 0.000000 
0.000000 0.000000 0.000000 0.000000 0.000000 0.000000 0.004421 0.789604 0.018237 0.000000 0.000000 0.046825 0.000000 0.000000 0.000000 0.000000 0.013467 0.127446 0.000000 
0.000000 0.000006 0.000000 0.000000 0.000000 0.000000 0.000000 0.813936 0.027033 0.000000 0.000000 0.000000 0.022565 0.000000 0.000000 0.000000 0.000000 0.136460 0.000000 
0.000000 0.005381 0.000000 0.000000 0.000000 0.000000 0.000000 0.869376 0.020548 0.000000 0.000000 0.000000 0.000000 0.000000 0.000000 0.000000 0.000000 0.104695 0.000000 
0.000000 0.008051 0.000000 0.000000 0.000000 0.000000 0.000000 0.789281 0.033532 0.000000 0.000000 0.000000 0.000000 0.000000 0.000000 0.000000 0.010904 0.158232 0.000000 
0.000028 0.000000 0.005093 0.000000 0.000000 0.000000 0.000000 0.834068 0.025376 0.000000 0.000000 0.012093 0.000000 0.000000 0.000000 0.000000 0.000000 0.123343 0.000000 
0.030840 0.006728 0.017777 0.000000 0.000000 0.000000 0.000000 0.712253 0.099667 0.000000 0.000000 0.000001 0.000000 0.023924 0.000000 0.000000 0.000000 0.044139 0.064671 
0.000063 0.000001 0.000026 0.000000 0.000000 0.000000 0.000000 0.689629 0.054760 0.000000 0.000000 0.000001 0.000000 0.000000 0.000000 0.000000 0.000000 0.255521 0.000000 
0.000066 0.009060 0.000020 0.067471 0.000000 0.000000 0.000000 0.419581 0.130620 0.000000 0.000000 0.000000 0.005004 0.089726 0.000000 0.000000 0.000000 0.187348 0.091103 
0.015952 0.000000 0.000020 0.000000 0.000000 0.000000 0.000000 0.685582 0.087016 0.000000 0.000000 0.029599 0.000000 0.040937 0.000000 0.000000 0.013870 0.127023 0.000000 
0.006566 0.003324 0.000006 0.000000 0.000000 0.000000 0.000000 0.875952 0.016308 0.000000 0.000000 0.000000 0.000000 0.007666 0.000000 0.000000 0.000000 0.090178 0.000000 
0.000087 0.000000 0.069899 0.000000 0.000000 0.000000 0.000000 0.622770 0.041368 0.000000 0.000000 0.000001 0.000000 0.000000 0.000000 0.000000 0.000000 0.265874 0.000000 
0.000039 0.000000 0.016568 0.154776 0.108709 0.119545 0.003500 0.249482 0.155989 0.042644 0.000000 0.053799 0.029328 0.000000 0.041823 0.000000 0.015772 0.008026 0.000000 
0.000051 0.015663 0.013808 0.186691 0.147046 0.145588 0.008140 0.048700 0.318404 0.000000 0.000000 0.000000 0.051269 0.000000 0.052604 0.000000 0.000000 0.012035 0.000000 
0.032046 0.006734 0.009024 0.000000 0.000000 0.000000 0.000000 0.695381 0.043889 0.000000 0.000000 0.000000 0.000000 0.054141 0.000000 0.000000 0.003889 0.154896 0.000000 
0.036132 0.020298 0.102220 0.000000 0.000000 0.000000 0.003774 0.466753 0.078067 0.000000 0.000000 0.121829 0.050687 0.000000 0.000000 0.000000 0.015416 0.104823 0.000000 
0.000056 0.011171 0.024559 0.000000 0.000000 0.000000 0.000000 0.801117 0.069726 0.000000 0.000000 0.000001 0.000000 0.000000 0.000000 0.000000 0.000000 0.093371 0.000000 
0.000051 0.000000 0.019296 0.000000 0.000000 0.000000 0.000000 0.709799 0.079278 0.000000 0.000000 0.040157 0.000000 0.000000 0.000000 0.000000 0.000000 0.151418 0.000000 
0.020664 0.000000 0.000014 0.000000 0.000000 0.000000 0.000000 0.828141 0.012979 0.000000 0.020185 0.007583 0.000000 0.000000 0.000000 0.000000 0.000000 0.110434 0.000000 
0.000011 0.000000 0.056513 0.000000 0.000000 0.041098 0.008096 0.002395 0.012362 0.000000 0.602212 0.007058 0.000000 0.034159 0.000000 0.000000 0.102516 0.000318 0.133261 
0.011185 0.000000 0.011018 0.000000 0.000000 0.000000 0.000000 0.832420 0.030165 0.000000 0.000000 0.011807 0.000000 0.020323 0.000000 0.000000 0.000000 0.083081 0.000000 
0.000023 0.002069 0.010024 0.000000 0.000000 0.000000 0.000000 0.801435 0.032077 0.000000 0.000000 0.011589 0.000000 0.000000 0.000000 0.000000 0.000000 0.142782 0.000000 
0.022584 0.004582 0.016595 0.000000 0.000000 0.000000 0.000000 0.627176 0.069842 0.000000 0.000000 0.000000 0.000000 0.000000 0.000000 0.000000 0.000000 0.259221 0.000000 
0.025069 0.000000 0.004402 0.000000 0.000000 0.000000 0.000000 0.807895 0.048130 0.000000 0.000000 0.000000 0.000000 0.000000 0.000000 0.000000 0.003860 0.110643 0.000000 
0.046156 0.000000 0.035603 0.000000 0.000000 0.000000 0.000000 0.710592 0.041713 0.000000 0.000000 0.000001 0.000000 0.031591 0.000000 0.000000 0.000000 0.094874 0.039470 
0.003461 0.002900 0.000006 0.000000 0.000000 0.000000 0.000000 0.867689 0.008526 0.000000 0.000000 0.000000 0.000000 0.000000 0.000000 0.000000 0.000000 0.117418 0.000000 
0.028259 0.000000 0.010391 0.000000 0.000000 0.000000 0.000000 0.634683 0.061022 0.000000 0.000000 0.000000 0.000000 0.000000 0.000000 0.000000 0.004450 0.261194 0.000000 
0.013700 0.004077 0.000018 0.000000 0.000000 0.000000 0.000000 0.611733 0.017647 0.000000 0.000000 0.029819 0.000000 0.067560 0.000000 0.000000 0.000000 0.255446 0.000000 
0.000066 0.000001 0.027030 0.000000 0.000000 0.000000 0.000000 0.612726 0.070613 0.000000 0.018867 0.018485 0.000000 0.000000 0.000000 0.000000 0.000000 0.252212 0.000000 
0.055810 0.000001 0.000027 0.000000 0.000000 0.000000 0.000000 0.629385 0.010791 0.000000 0.000000 0.000001 0.000000 0.077873 0.000000 0.000000 0.012720 0.124112 0.089280 
0.000012 0.005100 0.000005 0.000000 0.000000 0.000000 0.000000 0.869424 0.004614 0.007133 0.000000 0.000000 0.000000 0.000000 0.000000 0.000000 0.002023 0.111688 0.000000 
0.021971 0.007601 0.008206 0.000000 0.000000 0.000000 0.000000 0.657777 0.056367 0.020976 0.000000 0.026469 0.003941 0.000000 0.000000 0.000000 0.000000 0.196692 0.000000 
0.000000 0.000935 0.001609 0.000000 0.010226 0.002637 0.000848 0.002493 0.007495 0.000000 0.679862 0.000002 0.000011 0.050584 0.001576 0.011270 0.022455 0.000000 0.207998 
0.000000 0.023593 0.099779 0.000000 0.181179 0.056501 0.002420 0.000000 0.047653 0.000000 0.038113 0.051666 0.075738 0.156941 0.135248 0.095962 0.000000 0.035207 0.000000 
0.000000 0.074382 0.109840 0.000000 0.187091 0.020226 0.000000 0.000000 0.090165 0.000000 0.000009 0.018936 0.025302 0.135491 0.152565 0.116650 0.000000 0.000000 0.069341 
0.000000 0.066364 0.094648 0.023245 0.137245 0.045987 0.000000 0.000000 0.028164 0.000000 0.020802 0.000002 0.007967 0.182961 0.202620 0.189996 0.000000 0.000000 0.000000 
0.000000 0.042754 0.073456 0.000000 0.155576 0.042188 0.003083 0.000000 0.072459 0.000000 0.011241 0.000003 0.000026 0.252166 0.165015 0.182033 0.000000 0.000000 0.000000 
0.000000 0.002137 0.011527 0.000000 0.011117 0.052829 0.001050 0.000000 0.000014 0.000000 0.530729 0.009877 0.000033 0.057719 0.005183 0.019832 0.034851 0.009985 0.253118 
0.000000 0.023280 0.060254 0.000000 0.214982 0.016100 0.000000 0.000000 0.101370 0.000000 0.026195 0.028952 0.011546 0.248124 0.103263 0.165935 0.000000 0.000000 0.000000 
0.000000 0.018426 0.035428 0.000000 0.065238 0.037301 0.000000 0.000000 0.043076 0.000000 0.000002 0.000001 0.008468 0.446409 0.041646 0.290121 0.000000 0.000000 0.013883 
0.000000 0.020858 0.058524 0.041877 0.125351 0.006241 0.000000 0.000000 0.051471 0.000000 0.007074 0.000005 0.010347 0.236459 0.259854 0.181939 0.000000 0.000000 0.000000 
0.007985 0.011113 0.453774 0.000000 0.032453 0.041847 0.000202 0.000000 0.000003 0.000000 0.027419 0.000000 0.001444 0.096534 0.205875 0.121350 0.000000 0.000000 0.000000 
0.000000 0.014573 0.041093 0.010363 0.375362 0.324623 0.001681 0.000000 0.025714 0.000000 0.006654 0.000002 0.051229 0.045913 0.026728 0.066367 0.000000 0.000000 0.009699 
0.000000 0.004374 0.046417 0.000000 0.012794 0.044507 0.001851 0.000000 0.008898 0.000000 0.531746 0.000000 0.000001 0.053291 0.002981 0.015620 0.033934 0.007518 0.236069 
0.009324 0.006529 0.462600 0.000000 0.024122 0.010360 0.001183 0.000000 0.009419 0.014452 0.130361 0.000001 0.001072 0.079711 0.214677 0.014232 0.000000 0.021958 0.000000 
0.000000 0.057295 0.101740 0.006047 0.137022 0.059696 0.000000 0.000000 0.121219 0.000000 0.059082 0.028668 0.023052 0.117074 0.199044 0.090060 0.000000 0.000000 0.000000 
0.000000 0.042777 0.101273 0.000000 0.152287 0.095259 0.000000 0.000000 0.039562 0.000000 0.012413 0.034815 0.022269 0.270141 0.110663 0.118539 0.000000 0.000000 0.000000 
0.000000 0.052922 0.113310 0.000000 0.178166 0.069776 0.005547 0.000000 0.049504 0.000000 0.000006 0.000003 0.011605 0.203543 0.182825 0.132794 0.000000 0.000000 0.000000 
0.000000 0.009746 0.019726 0.000000 0.003495 0.031984 0.002724 0.448534 0.000087 0.000000 0.000013 0.273783 0.050866 0.080875 0.008131 0.058764 0.011272 0.000000 0.000000 
0.000000 0.079444 0.084109 0.021487 0.104783 0.035752 0.001804 0.000000 0.025047 0.000000 0.027036 0.000003 0.006062 0.205952 0.257915 0.150605 0.000000 0.000000 0.000000 
0.016810 0.005514 0.137799 0.000000 0.012432 0.027024 0.000813 0.000000 0.006159 0.007971 0.259914 0.000000 0.000755 0.148240 0.019464 0.120537 0.000000 0.013284 0.223283 
0.000000 0.035544 0.033329 0.017691 0.128139 0.026602 0.000000 0.000000 0.163223 0.000000 0.000006 0.035980 0.000023 0.252217 0.207074 0.100171 0.000000 0.000000 0.000000 
0.000000 0.051233 0.071121 0.000000 0.127447 0.024540 0.001186 0.000000 0.108801 0.000000 0.000006 0.000002 0.014939 0.210520 0.231048 0.151553 0.007604 0.000000 0.000000 
0.000000 0.013267 0.067573 0.010298 0.121102 0.024283 0.000000 0.000000 0.051402 0.000000 0.000010 0.000004 0.028289 0.243098 0.195572 0.174357 0.000000 0.037160 0.033585 
0.000000 0.004876 0.040734 0.000000 0.005967 0.002439 0.000703 0.000000 0.000004 0.000000 0.798652 0.005899 0.002724 0.033193 0.004225 0.025236 0.014271 0.007269 0.053809 
0.000000 0.035390 0.110341 0.019701 0.153080 0.130011 0.000000 0.000000 0.000039 0.000000 0.015949 0.020151 0.041925 0.175756 0.195515 0.102142 0.000000 0.000000 0.000000 
0.000000 0.043952 0.083429 0.032188 0.128870 0.265567 0.003419 0.000000 0.000029 0.000000 0.000005 0.000002 0.020972 0.130453 0.202750 0.056832 0.005466 0.026065 0.000000 
0.024543 0.071500 0.094180 0.000000 0.166531 0.069210 0.002043 0.017222 0.045650 0.000000 0.000010 0.000006 0.011414 0.173268 0.204577 0.119845 0.000000 0.000000 0.000000 
0.000000 0.025771 0.067552 0.000000 0.133108 0.062594 0.001607 0.000000 0.072085 0.000000 0.015794 0.043941 0.002287 0.229243 0.135482 0.210535 0.000000 0.000000 0.000000 
0.000000 0.005985 0.027393 0.000353 0.028335 0.020975 0.000786 0.000000 0.000003 0.000000 0.810628 0.000000 0.001801 0.023658 0.000388 0.039120 0.040573 0.000000 0.000000 
0.007508 0.000039 0.126513 0.000000 0.011232 0.031754 0.000000 0.000000 0.003495 0.000000 0.004697 0.002169 0.000587 0.126564 0.226469 0.448118 0.000000 0.000000 0.010852 
0.000000 0.035576 0.127361 0.000000 0.154711 0.123614 0.000000 0.000000 0.000037 0.000000 0.000006 0.035718 0.014134 0.096144 0.189565 0.155932 0.017089 0.036035 0.014078 
0.000000 0.018145 0.098376 0.000000 0.074900 0.016399 0.000000 0.000000 0.015415 0.000000 0.009796 0.068493 0.012102 0.401369 0.133165 0.151840 0.000000 0.000000 0.000000 
0.000000 0.006942 0.076904 0.000000 0.015625 0.012346 0.000680 0.000000 0.000003 0.000000 0.720006 0.002067 0.000882 0.029453 0.008689 0.028492 0.014798 0.012051 0.071064 
0.000000 0.041732 0.114054 0.012805 0.122690 0.040530 0.000000 0.000000 0.068652 0.000000 0.029440 0.000003 0.008236 0.190926 0.256796 0.114135 0.000000 0.000000 0.000000 
0.000000 0.048529 0.124868 0.000000 0.144075 0.015289 0.000000 0.000000 0.100289 0.000000 0.000010 0.087980 0.008435 0.145609 0.126322 0.130279 0.024997 0.043317 0.000000 
0.000000 0.046975 0.077511 0.000000 0.103453 0.076812 0.001564 0.000000 0.082342 0.000000 0.000009 0.065295 0.019448 0.206554 0.245018 0.075019 0.000000 0.000000 0.000000 
0.000000 0.018353 0.113447 0.000000 0.151640 0.065981 0.001847 0.009467 0.018007 0.000000 0.000004 0.042556 0.006172 0.234961 0.146810 0.161898 0.011159 0.000000 0.017698 
0.013118 0.006449 0.193048 0.000000 0.015087 0.074365 0.001423 0.000000 0.019301 0.028164 0.201503 0.000000 0.000001 0.110085 0.084419 0.085299 0.014125 0.014422 0.139193 
0.000000 0.003858 0.013417 0.031723 0.365672 0.269676 0.003373 0.007551 0.000050 0.034489 0.000013 0.000006 0.041656 0.068352 0.025647 0.134518 0.000000 0.000000 0.000000 
0.000000 0.039147 0.041591 0.005378 0.200467 0.062221 0.000000 0.000000 0.000024 0.000000 0.006247 0.000002 0.014026 0.261879 0.181939 0.187079 0.000000 0.000000 0.000000 
0.000000 0.043002 0.060794 0.000000 0.147734 0.038873 0.000000 0.000000 0.032551 0.000000 0.000008 0.033107 0.024255 0.191351 0.182584 0.147242 0.000000 0.015855 0.082644 
0.000000 0.001156 0.000905 0.003602 0.016276 0.000406 0.000000 0.003800 0.000012 0.000000 0.668607 0.005179 0.000018 0.059027 0.002562 0.008777 0.020604 0.000000 0.209070 
0.000000 0.002650 0.133873 0.000000 0.066305 0.029569 0.000000 0.000000 0.000065 0.000000 0.000013 0.543348 0.000016 0.112029 0.047892 0.064238 0.000000 0.000000 0.000000 
0.000000 0.000936 0.000840 0.000000 0.001721 0.000608 0.000000 0.784824 0.044332 0.000000 0.000005 0.000003 0.000066 0.017752 0.009390 0.004753 0.003426 0.131342 0.000000 
0.000000 0.038244 0.096916 0.011563 0.158311 0.017906 0.000000 0.000000 0.000067 0.000000 0.000009 0.000004 0.016825 0.287103 0.168045 0.174953 0.000000 0.030054 0.000000 
0.000000 0.016018 0.015468 0.000000 0.099034 0.035625 0.000000 0.000000 0.003366 0.000000 0.000004 0.000002 0.007752 0.461905 0.035203 0.325623 0.000000 0.000000 0.000000 
0.000000 0.055721 0.073928 0.011617 0.179152 0.071318 0.001540 0.000000 0.083124 0.000000 0.000008 0.000004 0.003550 0.152863 0.208402 0.108580 0.000000 0.000000 0.050193 
0.000000 0.032963 0.089199 0.009813 0.348352 0.118124 0.001054 0.000000 0.000028 0.000000 0.000007 0.016273 0.007524 0.161305 0.151965 0.063393 0.000000 0.000000 0.000000 
0.000000 0.054742 0.075276 0.016497 0.142973 0.103010 0.000000 0.000000 0.061696 0.000000 0.000005 0.000003 0.039943 0.232267 0.178818 0.094770 0.000000 0.000000 0.000000 
0.000000 0.044956 0.059327 0.018230 0.124848 0.048068 0.005336 0.000000 0.137110 0.000000 0.023816 0.000006 0.000036 0.220824 0.194148 0.123295 0.000000 0.000000 0.000000 
0.000000 0.055186 0.044271 0.041758 0.158807 0.016647 0.006502 0.007698 0.000067 0.000000 0.012148 0.036222 0.008162 0.252437 0.171003 0.189093 0.000000 0.000000 0.000000 
0.000000 0.042719 0.097875 0.000000 0.139707 0.050855 0.000000 0.000000 0.029626 0.000000 0.000013 0.037689 0.000060 0.261035 0.217606 0.122816 0.000000 0.000000 0.000000 
0.000000 0.018581 0.057669 0.000000 0.132810 0.067946 0.001089 0.197842 0.000033 0.000000 0.000005 0.025989 0.031211 0.135147 0.186538 0.072842 0.007102 0.065197 0.000000 
