-7642276.817294
0
0.000792 0.002356 0.000330 0.000000 0.002700 0.002252 0.001149 0.004132 0.024735 0.011532 0.010063 0.018559 0.000000 0.002077 0.001076 0.003784 0.043999 0.030131 0.118596 0.036081 0.001000 0.003034 0.001153 0.002132 0.002875 0.008927 0.014622 0.000000 0.000645 0.001493 0.001955 0.001803 0.017025 0.004823 0.025145 0.015689 0.000000 0.000000 0.000000 0.000000 0.029723 0.029150 0.126680 0.039021 0.002564 0.012778 0.016664 0.000000 0.000000 0.000000 0.005373 0.000000 0.000000 0.001584 0.000000 0.001034 0.015342 0.001323 0.011276 0.020312 0.000000 0.000000 0.001622 0.000000 0.025802 0.019843 0.057617 0.033164 0.000000 0.000000 0.000000 0.000000 0.000000 0.000000 0.001674 0.000000 0.000000 0.001694 0.000490 0.003972 0.003793 0.002706 0.000608 0.005537 0.000000 0.000000 0.000000 0.000000 0.020828 0.015646 0.046297 0.023834 0.000830 0.002032 0.002522 0.000000 
0.035452 0.015545 0.011514 0.008749 0.019803 0.016375 0.022392 0.014386 0.012013 0.008933 0.007145 0.009278 0.005599 0.004583 0.008896 0.000775 0.004418 0.016028 0.007828 0.016727 0.007512 0.006653 0.018996 0.002727 0.004633 0.000000 0.000000 0.000000 0.018995 0.016428 0.021688 0.021019 0.010132 0.009905 0.012010 0.008746 0.000000 0.000000 0.000000 0.005836 0.001003 0.026563 0.000000 0.013190 0.002297 0.004194 0.016197 0.000000 0.026435 0.020866 0.013618 0.015736 0.021258 0.031286 0.032031 0.026696 0.005089 0.000577 0.013112 0.007274 0.004547 0.006442 0.005336 0.004740 0.000000 0.015828 0.018463 0.003108 0.011775 0.018664 0.006684 0.018656 0.005758 0.006403 0.001479 0.000000 0.010182 0.017545 0.016086 0.014961 0.008072 0.015243 0.006169 0.010806 0.000000 0.002873 0.001536 0.004313 0.000000 0.021497 0.004668 0.007285 0.007331 0.011372 0.014208 0.008832 
0.002297 0.009160 0.001630 0.002229 0.000000 0.000284 0.000000 0.001512 0.001589 0.002025 0.002785 0.000705 0.028833 0.024816 0.055608 0.017876 0.014727 0.000699 0.004123 0.004538 0.002856 0.001650 0.004643 0.000000 0.001252 0.000390 0.000000 0.002487 0.000854 0.002512 0.000000 0.001331 0.004925 0.010395 0.005634 0.005645 0.040383 0.076440 0.177309 0.054335 0.005079 0.000418 0.000000 0.002405 0.004203 0.000705 0.013727 0.000000 0.003310 0.004925 0.004419 0.003876 0.000762 0.000295 0.001268 0.000731 0.003343 0.005642 0.005899 0.002600 0.037716 0.024311 0.066361 0.025533 0.008531 0.001819 0.000000 0.000000 0.000927 0.000000 0.000000 0.000000 0.005204 0.008050 0.001142 0.002457 0.001992 0.007423 0.001722 0.000505 0.002087 0.003428 0.000000 0.001936 0.028944 0.036148 0.051788 0.029013 0.004587 0.000514 0.000000 0.000000 0.002157 0.003506 0.010114 0.000000 
0.000294 0.000096 0.000000 0.000000 0.000000 0.000000 0.000000 0.000083 0.000328 0.000477 0.000122 0.000000 0.000000 0.000000 0.000000 0.000118 0.000000 0.001210 0.000097 0.000000 0.000000 0.000000 0.000534 0.000000 0.000000 0.000000 0.000000 0.000000 0.000075 0.000000 0.000000 0.000000 0.000000 0.000284 0.000129 0.000114 0.000000 0.000000 0.000000 0.000000 0.000000 0.080630 0.000000 0.000413 0.000000 0.000000 0.001503 0.000092 0.000295 0.000000 0.000000 0.000000 0.000000 0.000140 0.000588 0.000131 0.000110 0.000003 0.001013 0.000000 0.000000 0.000000 0.000000 0.000000 0.000000 0.000000 0.000000 0.000000 0.049112 0.068348 0.748773 0.039537 0.000000 0.000000 0.000000 0.000000 0.000000 0.000000 0.000000 0.000000 0.000738 0.000242 0.000420 0.000086 0.000000 0.000000 0.000000 0.000000 0.000000 0.003373 0.000257 0.000000 0.000000 0.000235 0.000000 0.000000 
0.000000 0.004693 0.000000 0.015132 0.000000 0.000000 0.000000 0.000497 0.030583 0.019502 0.071282 0.015007 0.000438 0.003555 0.000000 0.004948 0.001463 0.005635 0.005814 0.000456 0.000000 0.001109 0.001313 0.001566 0.013395 0.033927 0.006316 0.172249 0.000000 0.000000 0.000000 0.000000 0.000063 0.000000 0.048766 0.000000 0.000000 0.004425 0.000000 0.002423 0.001165 0.008336 0.010263 0.002464 0.000000 0.002296 0.003440 0.008467 0.003667 0.011820 0.000000 0.055656 0.000614 0.001202 0.000000 0.001153 0.071932 0.069786 0.125567 0.047204 0.000206 0.004068 0.000000 0.003079 0.004742 0.004963 0.007981 0.002657 0.000000 0.001302 0.001631 0.005198 0.000000 0.011380 0.000000 0.031071 0.000000 0.000000 0.000000 0.000193 0.008647 0.001783 0.000000 0.006034 0.000000 0.001187 0.000000 0.000811 0.001755 0.005895 0.004833 0.000991 0.000000 0.000000 0.000000 0.000000 
0.000000 0.000000 0.000000 0.000000 0.000000 0.001358 0.000000 0.000540 0.000000 0.003588 0.000050 0.000000 0.009400 0.024959 0.001230 0.006787 0.031629 0.024402 0.014138 0.012721 0.001610 0.002911 0.001545 0.000287 0.002492 0.006264 0.000610 0.000000 0.000000 0.000000 0.000000 0.000000 0.000000 0.008090 0.001094 0.000000 0.000000 0.001383 0.000000 0.000000 0.020556 0.014404 0.011106 0.016261 0.001011 0.001115 0.000519 0.000000 0.000098 0.006048 0.000000 0.000000 0.001469 0.005740 0.000000 0.001634 0.014865 0.070812 0.007412 0.023506 0.003044 0.014470 0.001160 0.002511 0.159522 0.092539 0.097758 0.099302 0.001100 0.001880 0.000000 0.000000 0.000000 0.000000 0.000000 0.000245 0.000000 0.000000 0.000000 0.000000 0.009660 0.014833 0.010342 0.008002 0.003485 0.004772 0.000000 0.000000 0.036007 0.038070 0.020042 0.025662 0.000000 0.001326 0.000623 0.000000 
0.001726 0.000000 0.000000 0.000853 0.000000 0.000000 0.000629 0.000475 0.000000 0.031842 0.004370 0.009199 0.002582 0.000511 0.001870 0.006869 0.000564 0.000000 0.000000 0.001927 0.000512 0.000681 0.001758 0.000711 0.005138 0.002416 0.001614 0.004552 0.000000 0.000616 0.002287 0.000777 0.087708 0.210046 0.055726 0.099850 0.000662 0.000000 0.000000 0.001718 0.001277 0.000000 0.000000 0.005164 0.000000 0.000362 0.002125 0.002147 0.000653 0.000000 0.000000 0.000000 0.000000 0.000000 0.000000 0.000000 0.000000 0.026823 0.000000 0.000000 0.000469 0.000000 0.000694 0.000421 0.000000 0.000000 0.000000 0.016930 0.000000 0.000000 0.000000 0.000037 0.002912 0.006900 0.001113 0.000000 0.000000 0.000000 0.000000 0.000000 0.000143 0.275836 0.007785 0.077831 0.001897 0.002385 0.001104 0.006808 0.002570 0.001799 0.003763 0.004107 0.000538 0.001969 0.001318 0.001930 
0.000459 0.001484 0.000404 0.009365 0.000504 0.000122 0.000000 0.000000 0.000000 0.003031 0.008392 0.004844 0.000000 0.000000 0.000000 0.001074 0.003280 0.004452 0.001923 0.003753 0.001336 0.003972 0.001487 0.015605 0.002096 0.000000 0.000000 0.012097 0.000000 0.000000 0.000000 0.000000 0.000000 0.000000 0.002194 0.002973 0.000000 0.000000 0.000217 0.000255 0.000000 0.000491 0.000000 0.000206 0.002187 0.000656 0.002514 0.010776 0.000968 0.002254 0.000000 0.009165 0.000176 0.000000 0.000000 0.000254 0.000000 0.006112 0.003666 0.015122 0.000000 0.000000 0.000000 0.000146 0.004790 0.009970 0.002651 0.011297 0.000696 0.002008 0.000576 0.001685 0.040011 0.009245 0.004147 0.296757 0.000000 0.000000 0.000000 0.000000 0.002235 0.016286 0.301501 0.038238 0.000071 0.000437 0.000388 0.002054 0.002578 0.007866 0.004729 0.008066 0.006437 0.009769 0.002314 0.073186 
0.000000 0.000633 0.000169 0.000000 0.000000 0.000294 0.000000 0.000000 0.000000 0.015072 0.000000 0.004374 0.000000 0.000823 0.000030 0.000003 0.000000 0.000000 0.000000 0.000073 0.000000 0.000125 0.000207 0.000000 0.000839 0.000000 0.001017 0.000611 0.000200 0.000037 0.000000 0.000138 0.057771 0.027745 0.018308 0.063067 0.000000 0.001293 0.000000 0.001026 0.000389 0.000341 0.000245 0.002253 0.000204 0.000574 0.000000 0.000000 0.000000 0.000000 0.000000 0.000177 0.000000 0.000083 0.000000 0.000033 0.000000 0.015587 0.000000 0.024605 0.000000 0.000363 0.000034 0.000759 0.000000 0.000000 0.000000 0.000854 0.000000 0.000000 0.000000 0.000651 0.000000 0.000000 0.000000 0.000000 0.000000 0.000000 0.000000 0.000000 0.187500 0.252705 0.224132 0.088555 0.000178 0.000493 0.000236 0.002227 0.001440 0.000887 0.000015 0.000448 0.000176 0.000000 0.000000 0.000000 
0.000409 0.000787 0.000223 0.000532 0.002534 0.000855 0.000415 0.002227 0.003302 0.001336 0.001196 0.001430 0.000135 0.000450 0.000308 0.000139 0.000641 0.000262 0.000000 0.000398 0.000000 0.000000 0.000000 0.000000 0.001474 0.000420 0.000215 0.000000 0.004077 0.001017 0.000865 0.003977 0.011002 0.002703 0.004853 0.004592 0.000060 0.000465 0.000408 0.000248 0.000101 0.000000 0.000000 0.000359 0.000000 0.000000 0.000000 0.000552 0.000706 0.000524 0.000072 0.000538 0.000924 0.000215 0.000000 0.001769 0.005868 0.002417 0.003081 0.002018 0.000000 0.000000 0.000039 0.000000 0.000000 0.000000 0.000000 0.000305 0.000000 0.000000 0.000000 0.000000 0.025087 0.017204 0.006002 0.011754 0.153225 0.054844 0.019366 0.177216 0.228556 0.057001 0.064131 0.110795 0.000101 0.000257 0.000024 0.000188 0.000168 0.000323 0.000000 0.000314 0.000000 0.000000 0.000000 0.000000 
0.000000 0.000000 0.000000 0.000000 0.000000 0.001135 0.000000 0.000000 0.003150 0.000001 0.000001 0.000397 0.000000 0.001313 0.000000 0.005242 0.000000 0.007239 0.000000 0.003058 0.003638 0.013203 0.005910 0.049998 0.000542 0.000000 0.000000 0.000000 0.000000 0.000000 0.000000 0.001487 0.002460 0.004175 0.000007 0.000845 0.000505 0.011463 0.002652 0.027873 0.008205 0.052376 0.037860 0.078867 0.004339 0.034089 0.031707 0.276140 0.001580 0.000000 0.000000 0.000000 0.000375 0.000000 0.000000 0.000471 0.000000 0.001037 0.000001 0.000000 0.000000 0.003747 0.000000 0.005976 0.000424 0.013824 0.008142 0.007630 0.001505 0.011583 0.003113 0.077288 0.000000 0.000000 0.000000 0.000000 0.000000 0.000000 0.000000 0.003176 0.005773 0.006704 0.000000 0.005185 0.000565 0.003705 0.000000 0.008934 0.001070 0.019821 0.003533 0.008886 0.002606 0.022324 0.007645 0.093497 
0.000411 0.000338 0.000000 0.000000 0.000000 0.000000 0.000000 0.000000 0.038409 0.085854 0.006349 0.061836 0.000000 0.000000 0.000250 0.000000 0.000502 0.000000 0.000000 0.000034 0.000000 0.000000 0.000000 0.000000 0.000000 0.000303 0.000000 0.000000 0.000059 0.000382 0.000000 0.000105 0.055908 0.159462 0.020595 0.122545 0.000185 0.000000 0.000178 0.000313 0.000000 0.000000 0.000000 0.000000 0.000000 0.000000 0.000000 0.000000 0.000247 0.000829 0.000337 0.000000 0.000000 0.000000 0.000000 0.000000 0.058823 0.173130 0.012386 0.119785 0.000000 0.000134 0.000000 0.000000 0.000000 0.000000 0.000000 0.000000 0.000000 0.000000 0.000000 0.000000 0.001010 0.000000 0.000000 0.000293 0.000000 0.000000 0.000000 0.000000 0.012289 0.036050 0.000000 0.030667 0.000000 0.000000 0.000000 0.000000 0.000000 0.000000 0.000000 0.000000 0.000000 0.000000 0.000000 0.000000 
0.000000 0.000000 0.000000 0.000000 0.000000 0.000837 0.000271 0.001309 0.013519 0.005157 0.271145 0.002772 0.000092 0.001312 0.000000 0.001796 0.001100 0.000918 0.007290 0.000191 0.000000 0.000000 0.000000 0.000000 0.003898 0.007891 0.004428 0.009103 0.000000 0.000000 0.000000 0.000000 0.005287 0.002308 0.284822 0.001913 0.000000 0.001548 0.000000 0.000000 0.002026 0.002587 0.013422 0.001565 0.000000 0.001296 0.001969 0.000000 0.000649 0.000000 0.000000 0.000000 0.000000 0.002196 0.000000 0.000922 0.023661 0.000713 0.154419 0.003625 0.000000 0.000831 0.000267 0.000674 0.002061 0.000000 0.004616 0.000000 0.000000 0.000000 0.000000 0.000000 0.000000 0.000000 0.000000 0.000000 0.000000 0.000269 0.000000 0.000131 0.003871 0.000478 0.139765 0.000000 0.000412 0.000000 0.000000 0.000000 0.001725 0.001568 0.004939 0.000073 0.000000 0.000000 0.000360 0.000000 
0.000000 0.000000 0.000000 0.000000 0.000946 0.000630 0.000000 0.000542 0.000000 0.004416 0.051732 0.000000 0.000000 0.000000 0.000000 0.000839 0.001324 0.004456 0.000000 0.000000 0.000000 0.000000 0.000000 0.000000 0.000000 0.000000 0.003282 0.000000 0.000000 0.000000 0.000000 0.000000 0.000000 0.000000 0.025979 0.000000 0.000000 0.000000 0.000000 0.000000 0.000000 0.000000 0.000000 0.000000 0.000000 0.002163 0.000372 0.000329 0.000853 0.003423 0.000000 0.004651 0.001135 0.001817 0.000000 0.000000 0.023945 0.146086 0.559803 0.072398 0.000000 0.000000 0.000000 0.000000 0.006894 0.023355 0.005301 0.001641 0.000000 0.001554 0.000000 0.000000 0.000000 0.000000 0.000000 0.000000 0.000000 0.000000 0.000000 0.000000 0.002104 0.017847 0.023279 0.003469 0.000000 0.000000 0.000000 0.000000 0.000000 0.003432 0.000000 0.000000 0.000000 0.000000 0.000000 0.000000 
0.037718 0.033176 0.028070 0.023371 0.009693 0.006155 0.003431 0.005638 0.006249 0.000000 0.005624 0.000513 0.000000 0.000646 0.001576 0.000000 0.005933 0.000000 0.000000 0.002022 0.000058 0.000000 0.000000 0.000000 0.101744 0.081244 0.069004 0.049293 0.011089 0.011950 0.011260 0.011611 0.019395 0.000000 0.011901 0.010150 0.000000 0.000108 0.000000 0.002225 0.002111 0.000471 0.000000 0.002682 0.000000 0.000203 0.000000 0.002075 0.049424 0.056224 0.044531 0.027946 0.006194 0.010057 0.007644 0.005225 0.004863 0.001282 0.005614 0.000000 0.000000 0.001086 0.000000 0.000000 0.003919 0.000000 0.000000 0.001438 0.000000 0.000000 0.000000 0.000000 0.044170 0.066697 0.035158 0.041854 0.002252 0.009424 0.003228 0.000859 0.000001 0.000001 0.000000 0.000740 0.000000 0.000000 0.000000 0.000000 0.001036 0.000000 0.000000 0.000747 0.000000 0.000000 0.000000 0.000000 
0.038796 0.046517 0.070264 0.004300 0.105323 0.025890 0.000000 0.024926 0.000000 0.018325 0.000004 0.427900 0.001145 0.000434 0.236176 
0.000000 0.000000 0.008485 0.000000 0.000038 0.000088 0.007510 0.729120 0.000000 0.006821 0.010322 0.000021 0.126815 0.098549 0.012231 
0.093794 0.003481 0.008410 0.000513 0.130468 0.030253 0.000000 0.000000 0.000000 0.000002 0.024766 0.029640 0.476285 0.195434 0.006956 
0.000001 0.000000 0.004661 0.000000 0.000070 0.053627 0.009256 0.000000 0.000000 0.000007 0.026378 0.026699 0.693052 0.177717 0.008534 
0.000001 0.000000 0.008878 0.000000 0.144104 0.021073 0.000000 0.000000 0.000000 0.006854 0.005138 0.033151 0.594435 0.170237 0.016130 
0.208255 0.000000 0.116314 0.000000 0.019590 0.114588 0.000000 0.033767 0.000000 0.041499 0.120407 0.051945 0.025685 0.017882 0.250069 
0.000000 0.000000 0.008806 0.000000 0.034474 0.028564 0.000000 0.000000 0.000000 0.002812 0.001965 0.043363 0.632395 0.225214 0.022407 
0.063122 0.000000 0.009267 0.000000 0.072086 0.041029 0.000000 0.018428 0.000000 0.000003 0.000010 0.093167 0.441148 0.227032 0.034709 
0.000000 0.000000 0.002177 0.000000 0.049378 0.040877 0.005970 0.000000 0.000000 0.007134 0.012745 0.000019 0.700290 0.148193 0.033217 
0.000001 0.000000 0.000011 0.000000 0.078644 0.089864 0.000000 0.000000 0.032614 0.000001 0.006630 0.000057 0.565332 0.193793 0.033052 
0.042843 0.000000 0.003078 0.000000 0.134744 0.070921 0.000000 0.000000 0.000000 0.000002 0.006206 0.040770 0.507614 0.164726 0.029096 
0.240964 0.201643 0.020482 0.000000 0.000062 0.000134 0.042622 0.000000 0.000000 0.040931 0.000022 0.062969 0.234076 0.050837 0.105260 
0.000001 0.000000 0.000020 0.006433 0.000165 0.014556 0.063056 0.034840 0.000000 0.818245 0.017540 0.000069 0.021155 0.001543 0.022378 
0.180620 0.221676 0.040162 0.000052 0.021716 0.000000 0.035499 0.011142 0.024713 0.004026 0.020150 0.154554 0.205641 0.018157 0.061891 
0.218105 0.143113 0.022444 0.002342 0.009006 0.000000 0.044798 0.009191 0.078476 0.011912 0.005459 0.100142 0.267171 0.045910 0.041933 
0.257059 0.137750 0.057813 0.000845 0.008549 0.000000 0.015551 0.012545 0.042846 0.019667 0.002404 0.126138 0.239994 0.014119 0.064720 
0.287015 0.118482 0.012797 0.000059 0.007321 0.000000 0.021333 0.002586 0.045616 0.031040 0.020196 0.099137 0.317581 0.017497 0.019338 
0.272252 0.180284 0.029177 0.000048 0.020955 0.000000 0.021665 0.010726 0.037282 0.042685 0.013449 0.079685 0.220844 0.039344 0.031604 
0.221878 0.161529 0.033495 0.000254 0.012066 0.000000 0.017776 0.041947 0.032669 0.014589 0.011032 0.122570 0.284775 0.020917 0.024503 
0.182595 0.169638 0.029709 0.005520 0.042618 0.000000 0.018985 0.034236 0.020313 0.036959 0.002569 0.051776 0.171225 0.009260 0.224595 
0.166835 0.184380 0.042816 0.010110 0.013891 0.000000 0.045928 0.006062 0.052897 0.048138 0.009580 0.141498 0.192206 0.008843 0.076817 
0.325275 0.226044 0.041882 0.005563 0.015268 0.009463 0.018134 0.015935 0.027327 0.023591 0.025455 0.079791 0.164363 0.008239 0.013669 
0.177748 0.187449 0.051636 0.008371 0.031592 0.000000 0.014895 0.077495 0.036544 0.015483 0.003794 0.092295 0.172076 0.014078 0.116543 
0.229351 0.235045 0.026974 0.000057 0.006652 0.000000 0.016328 0.006708 0.051548 0.012959 0.008920 0.081995 0.198409 0.025103 0.099951 
0.000000 0.000001 0.000000 0.000000 0.000000 0.000000 0.000000 0.026941 0.000000 0.950531 0.000000 0.000000 0.022526 0.000000 0.000000 
0.250906 0.000001 0.000000 0.000000 0.041039 0.117246 0.000000 0.020035 0.000000 0.471266 0.013488 0.000000 0.035997 0.050023 0.000000 
0.114371 0.174080 0.066933 0.000000 0.000001 0.000000 0.000000 0.025566 0.000000 0.264637 0.000000 0.000000 0.244988 0.000000 0.109423 
0.000000 0.008223 0.000000 0.000000 0.000001 0.000000 0.000000 0.000000 0.000000 0.977749 0.000000 0.000000 0.014027 0.000000 0.000000 
0.000000 0.024227 0.015412 0.000000 0.025311 0.000000 0.000000 0.000000 0.000000 0.910460 0.000000 0.000000 0.024590 0.000000 0.000000 
0.000000 0.000000 0.000000 0.998892 0.000000 0.000000 0.000000 0.000000 0.000000 0.001100 0.000000 0.000000 0.000008 0.000000 0.000000 
0.000000 0.394614 0.105077 0.000000 0.077051 0.052179 0.000000 0.000000 0.044389 0.048515 0.017258 0.110604 0.039118 0.000000 0.111194 
0.201773 0.000000 0.020651 0.000000 0.346598 0.124500 0.000000 0.000000 0.000000 0.001283 0.000000 0.128730 0.107263 0.050901 0.018302 
0.000000 0.000000 0.000000 0.999506 0.000000 0.000000 0.000000 0.000000 0.000000 0.000492 0.000000 0.000000 0.000002 0.000000 0.000000 
0.000000 0.015753 0.000000 0.000000 0.010276 0.000000 0.000000 0.004229 0.000000 0.969740 0.000000 0.000000 0.000001 0.000000 0.000000 
0.000000 0.035827 0.000000 0.000000 0.000001 0.000000 0.000000 0.019168 0.000000 0.936729 0.000000 0.000000 0.008275 0.000000 0.000000 
0.000000 0.000000 0.001715 0.000000 0.019956 0.009870 0.000000 0.866724 0.018268 0.000323 0.000000 0.000000 0.042243 0.035187 0.005714 
0.197533 0.000000 0.005638 0.002355 0.255258 0.091195 0.000000 0.017098 0.000000 0.009806 0.000000 0.127088 0.149474 0.109364 0.035189 
0.000000 0.034425 0.000000 0.000000 0.000001 0.000000 0.000000 0.000000 0.000000 0.955073 0.000000 0.000000 0.010502 0.000000 0.000000 
0.307865 0.017716 0.006046 0.002734 0.236006 0.038197 0.027380 0.000000 0.000000 0.036069 0.027838 0.000000 0.199190 0.088748 0.012213 
0.194109 0.223234 0.046315 0.011247 0.000001 0.000000 0.000000 0.017173 0.060227 0.036663 0.000000 0.115800 0.275732 0.019499 0.000000 
0.000000 0.051169 0.006320 0.000000 0.000001 0.000000 0.000000 0.000000 0.000000 0.942480 0.000000 0.000000 0.000030 0.000000 0.000000 
0.000000 0.000001 0.000000 0.000000 0.000001 0.000000 0.000000 0.043497 0.000000 0.927818 0.000000 0.000000 0.028683 0.000000 0.000000 
0.000000 0.022774 0.000000 0.000000 0.013430 0.000000 0.000000 0.000000 0.000000 0.963789 0.000000 0.000000 0.000007 0.000000 0.000000 
0.000000 0.058346 0.020288 0.004078 0.042446 0.000000 0.000000 0.000000 0.214410 0.015788 0.000000 0.613939 0.030706 0.000000 0.000000 
0.249538 0.000000 0.015026 0.000000 0.245803 0.158262 0.000000 0.000000 0.000000 0.000107 0.000000 0.072961 0.128266 0.130037 0.000000 
0.000000 0.014709 0.000000 0.000000 0.027293 0.009639 0.000000 0.000000 0.000000 0.910109 0.000000 0.000000 0.038249 0.000000 0.000000 
0.000000 0.007053 0.000000 0.000000 0.000001 0.000000 0.000000 0.000000 0.000000 0.981911 0.000000 0.000000 0.011035 0.000000 0.000000 
0.000000 0.061716 0.000000 0.000000 0.000001 0.000000 0.000000 0.000000 0.000000 0.856963 0.025089 0.000000 0.056231 0.000000 0.000000 
0.000000 0.049174 0.033575 0.000000 0.000001 0.000000 0.000000 0.025273 0.000000 0.845368 0.037355 0.000000 0.009253 0.000000 0.000000 
0.000000 0.019105 0.013903 0.000000 0.127201 0.063406 0.000000 0.014702 0.000000 0.639787 0.000000 0.050332 0.071565 0.000000 0.000000 
0.000000 0.011631 0.000000 0.000000 0.013438 0.000000 0.000000 0.000000 0.000000 0.962977 0.000000 0.000000 0.011955 0.000000 0.000000 
0.400099 0.000001 0.077829 0.000000 0.091348 0.282430 0.000000 0.000000 0.000000 0.015826 0.049027 0.000000 0.030991 0.000000 0.052449 
0.179260 0.092620 0.061788 0.005574 0.151223 0.155076 0.000000 0.000000 0.000000 0.052800 0.020904 0.051238 0.173240 0.000000 0.056278 
0.000000 0.054502 0.000000 0.004348 0.024859 0.000000 0.000000 0.000000 0.000000 0.916284 0.000000 0.000000 0.000007 0.000000 0.000000 
0.000000 0.000005 0.023416 0.000000 0.019839 0.000000 0.000000 0.016148 0.000000 0.926805 0.000000 0.000000 0.013787 0.000000 0.000000 
0.000000 0.007165 0.000000 0.000000 0.000001 0.000000 0.000000 0.000000 0.000000 0.984652 0.000000 0.000000 0.008182 0.000000 0.000000 
0.000000 0.000001 0.000000 0.000000 0.032286 0.000000 0.000000 0.038195 0.000000 0.915222 0.000000 0.000000 0.014295 0.000000 0.000000 
0.000000 0.030187 0.000000 0.000000 0.002092 0.000000 0.000000 0.005168 0.000001 0.939689 0.000000 0.000000 0.016242 0.006475 0.000147 
0.000000 0.001320 0.000000 0.000000 0.014857 0.024399 0.000000 0.014198 0.000002 0.826438 0.000002 0.000000 0.080623 0.026719 0.011444 
0.000000 0.000481 0.000000 0.000000 0.000571 0.000000 0.000000 0.004083 0.000002 0.920662 0.000000 0.000000 0.027897 0.046037 0.000267 
0.074413 0.057180 0.003520 0.000000 0.001558 0.000000 0.000000 0.008205 0.167156 0.483883 0.007426 0.000000 0.147330 0.042468 0.006861 
0.000000 0.029016 0.000000 0.000000 0.000777 0.000000 0.000000 0.003511 0.000002 0.818196 0.012189 0.000000 0.090695 0.030067 0.015548 
0.000000 0.008722 0.000000 0.000000 0.003434 0.000000 0.000000 0.000203 0.000000 0.963641 0.000000 0.000000 0.015580 0.008297 0.000122 
0.000000 0.033873 0.000000 0.000000 0.042871 0.000000 0.000000 0.014657 0.141931 0.712986 0.000001 0.000000 0.039040 0.014384 0.000258 
0.197539 0.256241 0.028934 0.000000 0.018779 0.077049 0.000000 0.002210 0.000001 0.260209 0.024907 0.072912 0.047664 0.000082 0.013472 
0.316449 0.264318 0.053241 0.006608 0.027415 0.080584 0.000000 0.000548 0.000001 0.066283 0.013214 0.078966 0.091992 0.000225 0.000157 
0.000000 0.012253 0.000000 0.000000 0.015244 0.010971 0.000000 0.025376 0.000001 0.845526 0.000001 0.000000 0.090202 0.000211 0.000216 
0.000000 0.120933 0.045731 0.000000 0.115308 0.000000 0.000000 0.003609 0.000002 0.568591 0.000001 0.000000 0.051484 0.000396 0.093945 
0.000000 0.004014 0.000000 0.000000 0.006823 0.000000 0.000000 0.011762 0.000001 0.890958 0.000001 0.000000 0.046671 0.016335 0.023435 
0.000000 0.001371 0.000000 0.000000 0.020543 0.000000 0.000000 0.001214 0.000001 0.881259 0.000001 0.000000 0.035083 0.020609 0.039919 
0.000000 0.008796 0.000000 0.001232 0.000396 0.000000 0.000000 0.027214 0.000000 0.953217 0.000000 0.000000 0.009044 0.000047 0.000053 
0.000000 0.020010 0.000000 0.008925 0.011948 0.035211 0.000000 0.714827 0.000000 0.003776 0.091716 0.000000 0.037545 0.075990 0.000052 
0.000000 0.014389 0.000000 0.000000 0.018293 0.000000 0.000000 0.004377 0.000000 0.920782 0.000000 0.000000 0.037878 0.000085 0.004196 
0.000000 0.010224 0.000000 0.000000 0.027079 0.000000 0.000000 0.000602 0.000001 0.944047 0.000000 0.000000 0.017864 0.000056 0.000126 
0.000000 0.008790 0.000000 0.001630 0.010753 0.000000 0.000000 0.016489 0.170325 0.729129 0.000000 0.000000 0.042386 0.013878 0.006620 
0.000000 0.015326 0.000000 0.000000 0.005392 0.000000 0.000000 0.006565 0.000000 0.934341 0.000000 0.000000 0.038236 0.000106 0.000034 
0.000000 0.005743 0.000000 0.000000 0.007000 0.000000 0.000000 0.002818 0.000001 0.864768 0.000001 0.000000 0.059218 0.042903 0.017549 
0.000000 0.004069 0.000000 0.000000 0.000301 0.000000 0.000000 0.000283 0.000000 0.983419 0.000000 0.000000 0.011692 0.000073 0.000163 
0.000000 0.026170 0.000000 0.000000 0.000333 0.000000 0.000000 0.009984 0.170424 0.739013 0.000000 0.000000 0.043413 0.010612 0.000051 
0.000000 0.000310 0.000000 0.000000 0.000509 0.000000 0.000000 0.030793 0.000001 0.853137 0.000000 0.000000 0.093690 0.000141 0.021419 
0.000000 0.012995 0.000000 0.000000 0.021675 0.000000 0.000000 0.058390 0.000002 0.833137 0.000001 0.000000 0.057745 0.003896 0.012160 
0.000000 0.000688 0.000000 0.000000 0.000402 0.031876 0.000000 0.004741 0.000002 0.804171 0.014879 0.000000 0.117038 0.021965 0.004237 
0.000000 0.002051 0.000000 0.000000 0.000435 0.000000 0.000000 0.003174 0.000000 0.981860 0.000000 0.000000 0.007743 0.000072 0.004665 
0.000000 0.024761 0.000000 0.001262 0.008401 0.000000 0.000000 0.001013 0.143220 0.745387 0.000000 0.000000 0.041298 0.007927 0.026731 
0.011070 0.000000 0.000008 0.000000 0.001871 0.000002 0.000000 0.846748 0.000000 0.002415 0.016353 0.000140 0.054251 0.064630 0.002512 
0.218072 0.000000 0.085494 0.001687 0.243068 0.012766 0.000000 0.040405 0.041960 0.000000 0.006861 0.024038 0.202045 0.064479 0.059126 
0.219159 0.000000 0.028371 0.000000 0.293498 0.000004 0.000000 0.000001 0.000000 0.015953 0.000001 0.024790 0.249291 0.107228 0.061707 
0.154998 0.000000 0.012651 0.000000 0.307372 0.012107 0.000000 0.000000 0.000000 0.000000 0.011378 0.050076 0.244876 0.159425 0.047118 
0.193144 0.000000 0.000020 0.002398 0.237091 0.000003 0.003800 0.000001 0.000000 0.000000 0.003651 0.060824 0.355151 0.124536 0.019380 
0.008636 0.000000 0.000009 0.000000 0.001905 0.056985 0.022464 0.720742 0.000000 0.000000 0.028278 0.000152 0.060931 0.089199 0.010699 
0.231425 0.000000 0.016331 0.000000 0.170756 0.000003 0.000000 0.016307 0.000000 0.017985 0.000000 0.035393 0.372986 0.093394 0.045420 
0.040752 0.000000 0.009778 0.000000 0.076800 0.030090 0.000000 0.000000 0.000000 0.000000 0.009600 0.013976 0.638791 0.165178 0.015035 
0.124261 0.050697 0.009760 0.000000 0.241132 0.000003 0.000000 0.000000 0.000000 0.000000 0.000000 0.113729 0.340016 0.118788 0.001612 
0.006008 0.000000 0.001215 0.000000 0.675713 0.032390 0.027714 0.046442 0.000000 0.000000 0.000000 0.030927 0.081139 0.092027 0.006425 
0.473953 0.000000 0.057779 0.000000 0.061852 0.225185 0.000000 0.000000 0.000000 0.000000 0.036807 0.000108 0.086675 0.046129 0.011511 
0.012934 0.002864 0.000001 0.001323 0.031736 0.046546 0.012525 0.718708 0.000000 0.000000 0.029027 0.000029 0.060329 0.083923 0.000054 
0.006685 0.000000 0.000950 0.000000 0.647544 0.000000 0.030102 0.173467 0.016281 0.000000 0.000000 0.074358 0.043463 0.000614 0.006535 
0.159645 0.064117 0.021975 0.000000 0.306802 0.023770 0.000000 0.052772 0.029871 0.000000 0.000000 0.073398 0.148973 0.084702 0.033974 
0.158099 0.000000 0.024415 0.000000 0.211680 0.077253 0.005845 0.013468 0.000000 0.000000 0.000001 0.036057 0.350164 0.059790 0.063230 
0.200135 0.000000 0.013344 0.005295 0.295624 0.035669 0.011782 0.000000 0.000000 0.000000 0.000000 0.062503 0.270418 0.078870 0.026359 
0.002054 0.091496 0.056259 0.000000 0.009449 0.018639 0.000000 0.000001 0.000000 0.456596 0.006262 0.001218 0.106780 0.027186 0.224061 
0.124434 0.000000 0.007127 0.003174 0.321277 0.000003 0.000000 0.023797 0.000000 0.000000 0.000001 0.131131 0.258723 0.093219 0.037115 
0.000312 0.000000 0.000390 0.000360 0.140700 0.031985 0.025462 0.410612 0.024472 0.000451 0.000000 0.000015 0.204508 0.156714 0.004018 
0.183372 0.059073 0.000019 0.000000 0.121488 0.000004 0.000000 0.000000 0.000000 0.010109 0.000000 0.132759 0.357468 0.094692 0.041014 
0.166108 0.000000 0.015675 0.000000 0.236283 0.000002 0.000000 0.000000 0.000000 0.000000 0.008834 0.143122 0.310400 0.098995 0.020580 
0.128997 0.000000 0.034038 0.000000 0.169094 0.000003 0.000000 0.000000 0.039746 0.005537 0.004981 0.107813 0.361874 0.142177 0.005740 
0.002932 0.000000 0.002547 0.000000 0.027897 0.000000 0.011598 0.861238 0.000000 0.000000 0.009257 0.000058 0.036809 0.036457 0.011206 
0.165989 0.000000 0.046192 0.000000 0.225595 0.115170 0.000000 0.005782 0.000000 0.000000 0.015998 0.095631 0.220356 0.064346 0.044941 
0.177017 0.000000 0.022328 0.003115 0.214945 0.262534 0.000000 0.000000 0.000000 0.000000 0.018641 0.094284 0.162181 0.020866 0.024087 
0.214424 0.000000 0.014660 0.000000 0.268897 0.022303 0.024602 0.000000 0.000000 0.021273 0.000000 0.081944 0.215123 0.107321 0.029452 
0.160850 0.022044 0.003028 0.000000 0.182830 0.027310 0.000000 0.010864 0.000000 0.000000 0.000000 0.039815 0.331866 0.162412 0.058981 
0.035121 0.000000 0.002572 0.000000 0.012459 0.002511 0.000000 0.835272 0.000000 0.000000 0.038719 0.000677 0.032967 0.033008 0.006694 
0.009062 0.000000 0.001449 0.000000 0.221609 0.000000 0.000000 0.006751 0.000000 0.000000 0.000000 0.098020 0.209972 0.450144 0.002992 
0.186615 0.000000 0.016227 0.000000 0.241836 0.085013 0.000000 0.000000 0.035428 0.000000 0.022754 0.074413 0.137794 0.141226 0.058696 
0.055885 0.000000 0.016370 0.000000 0.190416 0.000003 0.000000 0.000000 0.000000 0.000000 0.009822 0.066242 0.508966 0.072777 0.079518 
0.012754 0.000000 0.000002 0.000000 0.069864 0.005026 0.012800 0.800384 0.000000 0.000000 0.012218 0.001059 0.030996 0.046221 0.008677 
0.162737 0.020746 0.009188 0.000000 0.338569 0.000003 0.000000 0.029128 0.000000 0.000000 0.000000 0.111369 0.245594 0.073649 0.009016 
0.167364 0.035040 0.008981 0.000000 0.260181 0.000003 0.000000 0.000001 0.048506 0.000000 0.021291 0.041602 0.216025 0.092550 0.108458 
0.161187 0.000000 0.024908 0.000000 0.246367 0.039000 0.000000 0.000000 0.000000 0.000000 0.000000 0.143932 0.276168 0.019042 0.089395 
0.155306 0.014007 0.007187 0.000000 0.217923 0.037182 0.000000 0.000000 0.000000 0.011287 0.015611 0.059439 0.319718 0.117778 0.044562 
0.009372 0.004465 0.000001 0.000845 0.241141 0.075327 0.037156 0.303779 0.020406 0.001093 0.013075 0.036826 0.146260 0.106732 0.003522 
0.413962 0.000000 0.055035 0.003830 0.006538 0.189003 0.046689 0.000000 0.000000 0.000000 0.039314 0.000342 0.115127 0.110089 0.020070 
0.214638 0.000000 0.016411 0.000000 0.163309 0.023011 0.000000 0.000000 0.000000 0.000000 0.004441 0.069221 0.342051 0.151978 0.014939 
0.173948 0.000000 0.030188 0.000000 0.178955 0.000004 0.000000 0.000001 0.000000 0.000000 0.000000 0.104274 0.333798 0.125369 0.053464 
0.011690 0.005125 0.000005 0.000000 0.000998 0.000001 0.011805 0.827561 0.000000 0.002744 0.015094 0.000156 0.061358 0.059942 0.003522 
0.089430 0.000000 0.000020 0.000000 0.115733 0.000005 0.000000 0.000001 0.000000 0.000000 0.000001 0.013940 0.136834 0.054253 0.589785 
0.009482 0.000000 0.000028 0.000000 0.001934 0.000002 0.000000 0.000000 0.000000 0.927779 0.004498 0.010625 0.038694 0.006286 0.000672 
0.154089 0.000000 0.018942 0.000000 0.255602 0.000004 0.000000 0.000000 0.036385 0.000000 0.000000 0.051385 0.371581 0.100491 0.011520 
0.080917 0.000000 0.008828 0.000000 0.035339 0.008722 0.000000 0.000000 0.000000 0.000000 0.001982 0.011588 0.649603 0.194302 0.008718 
0.216785 0.000000 0.004956 0.000000 0.217939 0.053553 0.000000 0.000000 0.000000 0.018467 0.000000 0.088297 0.245988 0.109826 0.044189 
0.397572 0.000000 0.009799 0.000000 0.195987 0.059930 0.000000 0.000000 0.000000 0.000000 0.006200 0.055338 0.190963 0.044586 0.039626 
0.189761 0.000000 0.043563 0.000000 0.186080 0.077292 0.000000 0.000000 0.000000 0.000000 0.000000 0.098548 0.309371 0.053108 0.042276 
0.182587 0.031099 0.000036 0.004639 0.226760 0.011965 0.000000 0.012423 0.000000 0.000000 0.000001 0.109336 0.334276 0.061524 0.025354 
0.150118 0.048270 0.008622 0.006893 0.170578 0.000003 0.000000 0.000001 0.000000 0.000000 0.000001 0.076184 0.335743 0.135819 0.067768 
0.143596 0.000000 0.000042 0.000000 0.254392 0.026602 0.000000 0.000001 0.000000 0.008802 0.000000 0.100767 0.341770 0.062718 0.061311 
0.140648 0.000000 0.033439 0.000000 0.155716 0.046688 0.000000 0.000000 0.000000 0.243267 0.009861 0.121655 0.180400 0.041350 0.026975 
0.248708 0.046401 0.002359 0.007573 0.313578 0.030836 0.000000 0.000000 0.000000 0.000000 0.000000 0.035282 0.159255 0.145925 0.010081 
0.003316 0.000000 0.007124 0.000000 0.013441 0.000001 0.000000 0.835056 0.000000 0.000000 0.000000 0.005265 0.053157 0.060358 0.022282 
0.154276 0.000000 0.046841 0.000000 0.203906 0.054035 0.000000 0.000000 0.034922 0.041779 0.000001 0.116266 0.117536 0.117934 0.112506 
0.160947 0.000000 0.009464 0.000000 0.310956 0.000002 0.000000 0.000000 0.000000 0.000000 0.008234 0.046347 0.324548 0.102309 0.037193 
0.187182 0.000000 0.017143 0.000000 0.181804 0.000003 0.000000 0.000000 0.000000 0.000000 0.000000 0.073853 0.294777 0.208583 0.036653 
0.051750 0.008968 0.009266 0.000000 0.028503 0.000001 0.000000 0.123411 0.000000 0.008643 0.000000 0.016707 0.478755 0.238988 0.035009 
0.006793 0.000000 0.001668 0.000000 0.069524 0.000000 0.011849 0.824444 0.000000 0.000000 0.018832 0.000031 0.022543 0.036561 0.007755 
0.626631 0.000000 0.034867 0.002542 0.034938 0.055568 0.015288 0.094901 0.000000 0.000000 0.096034 0.000065 0.012691 0.002770 0.023704 
0.097097 0.000000 0.023670 0.000000 0.178473 0.000003 0.000000 0.000000 0.000000 0.000000 0.013865 0.032772 0.461379 0.140963 0.051778 
0.118957 0.000000 0.017400 0.000000 0.226460 0.066974 0.000000 0.025326 0.000000 0.015026 0.008241 0.071471 0.321062 0.082187 0.046897 
0.020193 0.000000 0.001743 0.000000 0.021123 0.000000 0.014012 0.774292 0.015508 0.000000 0.000000 0.000039 0.088239 0.056793 0.008058 
0.150985 0.036056 0.015935 0.000000 0.231674 0.000002 0.000000 0.000000 0.000000 0.007047 0.010325 0.090456 0.339032 0.089101 0.029387 
0.145526 0.032233 0.005242 0.000000 0.245958 0.000003 0.000000 0.000000 0.000000 0.000000 0.000000 0.078017 0.356045 0.123217 0.013758 
0.177379 0.000000 0.005361 0.002649 0.256224 0.000002 0.000000 0.000000 0.000000 0.015751 0.004417 0.101247 0.292705 0.107696 0.036568 
0.013296 0.000000 0.001804 0.000000 0.260679 0.022037 0.025001 0.333450 0.005701 0.000000 0.000000 0.043868 0.130211 0.156152 0.007802 
0.077429 0.000000 0.025443 0.000000 0.101898 0.294371 0.000000 0.000000 0.000000 0.007069 0.000000 0.048761 0.326110 0.112563 0.006356 
0.219916 0.000000 0.000036 0.002423 0.282067 0.088279 0.000000 0.000001 0.000000 0.005967 0.027917 0.135400 0.145274 0.068701 0.024020 
0.195845 0.036994 0.000016 0.000000 0.222423 0.000002 0.000000 0.000000 0.000000 0.006962 0.000000 0.088987 0.293818 0.107075 0.047877 
0.023692 0.000000 0.001367 0.000000 0.128987 0.000001 0.000000 0.002802 0.000000 0.000000 0.000000 0.037432 0.653675 0.147858 0.004185 
0.145475 0.000000 0.016188 0.000000 0.117013 0.014521 0.000000 0.000001 0.000000 0.000000 0.000000 0.080022 0.367398 0.209617 0.049766 
0.028757 0.000000 0.013036 0.000000 0.011113 0.000005 0.000000 0.044775 0.204456 0.445888 0.000001 0.000458 0.132431 0.016595 0.102484 
0.009071 0.000000 0.000010 0.000000 0.002292 0.000001 0.000000 0.860619 0.000000 0.000000 0.000000 0.006689 0.074174 0.042787 0.004358 
0.001886 0.012108 0.000004 0.000000 0.001301 0.035965 0.000000 0.734416 0.033101 0.000000 0.021162 0.000135 0.073631 0.085893 0.000398 
0.089313 0.000000 0.003419 0.000000 0.204575 0.021288 0.000000 0.000000 0.000000 0.000000 0.002420 0.079309 0.435263 0.100559 0.063853 
0.064997 0.023276 0.004615 0.000000 0.272268 0.063104 0.000000 0.014858 0.000000 0.000000 0.000000 0.084624 0.340460 0.076756 0.055043 
0.199910 0.000000 0.015015 0.000000 0.276161 0.000002 0.000000 0.000000 0.000000 0.005095 0.000000 0.010959 0.212267 0.220353 0.060237 
0.177837 0.040159 0.000011 0.000000 0.219153 0.028822 0.000000 0.000001 0.000000 0.000000 0.000001 0.067265 0.253719 0.160108 0.052924 
0.102431 0.000000 0.024232 0.000000 0.164747 0.000003 0.000000 0.000001 0.037829 0.000000 0.022385 0.000870 0.432574 0.139542 0.075386 
0.143962 0.000000 0.016872 0.000000 0.286712 0.000002 0.000000 0.000000 0.000000 0.013984 0.003152 0.099375 0.284477 0.087562 0.063902 
0.123982 0.050098 0.000054 0.000000 0.222841 0.008708 0.000000 0.000001 0.101046 0.014013 0.000001 0.255510 0.181475 0.003665 0.038606 
0.131453 0.000000 0.008334 0.000000 0.251947 0.040756 0.000000 0.000000 0.000000 0.005182 0.000000 0.121898 0.300546 0.065403 0.074479 
0.114917 0.000000 0.005086 0.000000 0.222021 0.000002 0.000000 0.000000 0.000000 0.006639 0.000000 0.048068 0.340782 0.179409 0.083075 
0.041897 0.000000 0.000002 0.000000 0.024148 0.000000 0.009501 0.804508 0.000000 0.000000 0.008657 0.003320 0.062034 0.042960 0.002973 
0.121027 0.000000 0.010172 0.000000 0.164881 0.039401 0.000000 0.020260 0.000000 0.000000 0.000001 0.092524 0.406493 0.112720 0.032520 
0.181220 0.000000 0.009228 0.000000 0.240989 0.000003 0.000000 0.000000 0.000000 0.008112 0.007190 0.087486 0.346654 0.044877 0.074242 
0.205166 0.000000 0.021010 0.000000 0.152461 0.371594 0.000000 0.000000 0.000000 0.009768 0.003945 0.071521 0.111429 0.029892 0.023215 
0.017362 0.145851 0.021843 0.000000 0.007190 0.000006 0.000000 0.000001 0.000000 0.704910 0.010128 0.015500 0.035995 0.004860 0.036353 
0.033045 0.031964 0.011695 0.000001 0.068281 0.000000 0.018582 0.000000 0.000000 0.022889 0.006280 0.000000 0.562742 0.244474 0.000046 
0.363626 0.182314 0.029593 0.002347 0.013878 0.000000 0.000000 0.017728 0.030570 0.023152 0.000022 0.076890 0.216628 0.021976 0.021274 
0.364206 0.182878 0.029805 0.002370 0.008491 0.000000 0.000000 0.018295 0.030534 0.023201 0.000025 0.077340 0.216859 0.023728 0.022267 
0.079957 0.284668 0.041524 0.000040 0.069204 0.108208 0.000000 0.011372 0.000000 0.053352 0.010964 0.050123 0.217254 0.011292 0.062040 
0.037924 0.424543 0.160475 0.000003 0.045521 0.000000 0.000000 0.048663 0.000000 0.046481 0.066032 0.000001 0.001126 0.000009 0.169223 
0.017176 0.126775 0.075534 0.012521 0.043764 0.000000 0.303481 0.000001 0.352546 0.014459 0.019012 0.000000 0.034659 0.000007 0.000066 
0.020055 0.106186 0.042233 0.012449 0.045285 0.000000 0.318373 0.012014 0.354232 0.000004 0.026382 0.000000 0.039199 0.000006 0.023582 
0.057370 0.040809 0.012315 0.000006 0.203680 0.000000 0.000000 0.054765 0.112327 0.008803 0.000017 0.000000 0.070672 0.358596 0.080640 
0.171741 0.093601 0.031410 0.000001 0.288407 0.301228 0.033268 0.000000 0.000000 0.000001 0.004896 0.000000 0.069338 0.000003 0.006105 
0.000196 0.006194 0.000024 0.000000 0.000002 0.000000 0.000000 0.000000 0.000000 0.000001 0.000007 0.000000 0.850230 0.137241 0.006105 
0.136994 0.006618 0.000040 0.000006 0.000007 0.000000 0.000000 0.000000 0.000000 0.000004 0.002733 0.000000 0.738717 0.114837 0.000045 
0.043914 0.129135 0.024402 0.000002 0.025940 0.000000 0.390845 0.027396 0.271088 0.000003 0.000064 0.000000 0.027257 0.033372 0.026582 
0.387637 0.205054 0.016556 0.000009 0.031978 0.025131 0.077230 0.000000 0.000000 0.036186 0.020083 0.000000 0.177547 0.010126 0.012463 
0.030132 0.260311 0.039213 0.020881 0.035283 0.118502 0.000000 0.037808 0.000000 0.033227 0.113448 0.053469 0.106691 0.058201 0.092833 
0.006541 0.136810 0.031850 0.000020 0.000005 0.036033 0.000000 0.045454 0.000000 0.437987 0.045206 0.024518 0.089691 0.047931 0.097956 
0.338673 0.211497 0.040144 0.007127 0.013567 0.000000 0.018391 0.011560 0.027232 0.021958 0.016104 0.073693 0.188163 0.000001 0.031888 
0.027980 0.583614 0.010911 0.230999 0.000001 0.000000 0.000000 0.000000 0.000000 0.000001 0.113199 0.000000 0.000261 0.000001 0.033033 
0.280893 0.237994 0.037391 0.004481 0.000001 0.000000 0.010980 0.008936 0.016546 0.020220 0.010547 0.097817 0.227405 0.000001 0.046788 
0.126038 0.449970 0.011338 0.334639 0.000005 0.000000 0.000000 0.000001 0.000000 0.000005 0.040534 0.000000 0.030139 0.000004 0.007326 
0.009957 0.584929 0.012521 0.300575 0.000003 0.000000 0.000000 0.000001 0.000000 0.000001 0.074143 0.000000 0.000300 0.000004 0.017567 
0.265925 0.370563 0.009941 0.108194 0.026054 0.011731 0.000000 0.000000 0.000000 0.000001 0.023420 0.000000 0.154366 0.029794 0.000010 
0.043091 0.454762 0.010716 0.470160 0.000006 0.000000 0.000000 0.000000 0.000000 0.000003 0.000069 0.000000 0.021112 0.000008 0.000073 
0.003805 0.438818 0.000037 0.457079 0.017259 0.000000 0.000000 0.000000 0.000000 0.000004 0.033102 0.000000 0.005241 0.000010 0.044643 
0.026145 0.506728 0.000038 0.449637 0.000003 0.000000 0.000000 0.000000 0.000000 0.000002 0.010592 0.000000 0.004929 0.001902 0.000022 
0.309688 0.185431 0.044661 0.004519 0.000001 0.000000 0.000000 0.009122 0.038805 0.019341 0.019459 0.085908 0.232744 0.017348 0.032974 
