-8892585.359529
0
0.004342 0.003641 0.002201 0.003868 0.002090 0.001627 0.001658 0.001891 0.008502 0.015181 0.042345 0.008959 0.001681 0.002331 0.002288 0.002755 0.005926 0.005102 0.010975 0.005044 0.000836 0.001453 0.001872 0.002917 0.008593 0.008742 0.006240 0.018178 0.001861 0.001816 0.002299 0.002291 0.028743 0.044733 0.053588 0.033594 0.001010 0.002797 0.004200 0.002744 0.003695 0.006731 0.012420 0.007294 0.000731 0.002391 0.003928 0.006771 0.004667 0.005497 0.003585 0.007508 0.001716 0.002958 0.002093 0.002082 0.014255 0.031441 0.063426 0.021228 0.001249 0.001861 0.002015 0.001476 0.008500 0.008018 0.009887 0.009509 0.001242 0.002194 0.007035 0.003308 0.008474 0.007655 0.002719 0.032963 0.009069 0.004617 0.002124 0.010753 0.044441 0.089087 0.086310 0.038241 0.001075 0.001750 0.001478 0.002704 0.003972 0.005652 0.006016 0.004745 0.001230 0.002388 0.001689 0.009224 
0.004584 0.003644 0.002349 0.003830 0.001993 0.001740 0.001719 0.001892 0.008570 0.014973 0.043330 0.008631 0.001708 0.002382 0.002256 0.002803 0.005767 0.005206 0.011265 0.004872 0.000880 0.001403 0.001894 0.002635 0.008335 0.009038 0.006087 0.018275 0.002067 0.001872 0.002286 0.002364 0.028699 0.043987 0.053579 0.032733 0.001038 0.002605 0.004117 0.002748 0.003809 0.006565 0.012594 0.006884 0.000737 0.002398 0.003858 0.006122 0.004896 0.005869 0.003573 0.007825 0.001732 0.003136 0.002309 0.002229 0.014581 0.030681 0.063196 0.021474 0.001299 0.002022 0.002069 0.001498 0.008627 0.007707 0.010294 0.009812 0.001292 0.002386 0.007628 0.003332 0.008537 0.007602 0.002997 0.032161 0.008859 0.004915 0.002225 0.010539 0.044874 0.089303 0.085330 0.038401 0.001094 0.001733 0.001531 0.002576 0.003853 0.005854 0.006317 0.004497 0.001261 0.002461 0.001750 0.008745 
0.004443 0.003692 0.002350 0.004087 0.002002 0.001729 0.001566 0.001873 0.008768 0.014794 0.043320 0.008606 0.001574 0.002405 0.002159 0.002588 0.005919 0.005283 0.011116 0.004983 0.000877 0.001548 0.001900 0.002885 0.008787 0.009236 0.006563 0.018850 0.001849 0.001965 0.002420 0.002347 0.027647 0.042663 0.053554 0.032394 0.000970 0.002560 0.003898 0.002765 0.003822 0.006684 0.012914 0.007149 0.000765 0.002436 0.004113 0.006558 0.004926 0.006143 0.003831 0.007952 0.001742 0.002927 0.002226 0.002262 0.015059 0.031763 0.064406 0.021879 0.001219 0.001877 0.002117 0.001529 0.008813 0.008438 0.010065 0.009828 0.001229 0.002349 0.008700 0.003196 0.008277 0.007923 0.003196 0.034752 0.008527 0.004685 0.002080 0.010532 0.042581 0.084450 0.085177 0.037071 0.001135 0.001673 0.001448 0.002566 0.004072 0.005902 0.006294 0.004728 0.001318 0.002521 0.001800 0.009440 
0.004318 0.003680 0.002228 0.004037 0.002106 0.001700 0.001624 0.001778 0.008919 0.014709 0.044487 0.008583 0.001663 0.002546 0.002213 0.002779 0.005903 0.005307 0.011436 0.004925 0.000842 0.001586 0.001920 0.002756 0.008919 0.009269 0.006719 0.018649 0.002052 0.001855 0.002252 0.002252 0.027127 0.041933 0.055046 0.031194 0.001039 0.002688 0.003960 0.002624 0.003910 0.006787 0.012776 0.006786 0.000754 0.002463 0.004117 0.006313 0.004922 0.005829 0.003665 0.007921 0.001798 0.003128 0.002182 0.002283 0.015061 0.031211 0.065483 0.022030 0.001294 0.001902 0.002059 0.001482 0.008676 0.008368 0.010128 0.010015 0.001254 0.002228 0.007342 0.003191 0.008362 0.007841 0.003086 0.033954 0.009093 0.004641 0.002220 0.010944 0.043249 0.084738 0.085543 0.036482 0.001173 0.001748 0.001424 0.002551 0.004058 0.005937 0.006488 0.004618 0.001261 0.002443 0.001881 0.009286 
0.257894 0.237129 0.256699 0.248278 
0.248286 0.254401 0.252905 0.244408 
0.241599 0.240117 0.255518 0.262766 
0.269959 0.235939 0.249496 0.244606 
0.269994 0.243451 0.262311 0.224245 
0.277961 0.228754 0.267767 0.225518 
0.248489 0.257779 0.233106 0.260626 
0.249362 0.273515 0.237667 0.239455 
0.254751 0.247702 0.245789 0.251757 
0.236989 0.247350 0.284362 0.231299 
0.234299 0.248578 0.259895 0.257227 
0.238900 0.242421 0.255611 0.263068 
0.229236 0.226444 0.278102 0.266217 
0.232958 0.254843 0.267415 0.244784 
0.230148 0.248894 0.263403 0.257554 
0.235696 0.276318 0.251605 0.236381 
0.277549 0.243102 0.229374 0.249975 
0.274958 0.225319 0.202354 0.297369 
0.267176 0.251328 0.228604 0.252892 
0.243175 0.272161 0.258304 0.226360 
0.267481 0.255826 0.218160 0.258534 
0.231397 0.249979 0.256222 0.262403 
0.259199 0.281901 0.222798 0.236102 
0.219102 0.245146 0.281619 0.254134 
0.244414 0.243362 0.261340 0.250885 
0.241905 0.249642 0.244013 0.264440 
0.260035 0.241344 0.265274 0.233348 
0.263196 0.240914 0.234648 0.261242 
0.202322 0.283527 0.269048 0.245102 
0.231921 0.233565 0.307152 0.227362 
0.267759 0.229711 0.245265 0.257265 
0.242304 0.245912 0.239630 0.272155 
0.215616 0.246870 0.303501 0.234014 
0.247620 0.258730 0.246060 0.247590 
0.255932 0.274854 0.241602 0.227612 
0.251929 0.242525 0.258410 0.247136 
0.245244 0.235765 0.242810 0.276181 
0.251079 0.264875 0.251332 0.232714 
0.274321 0.228196 0.245331 0.252152 
0.249738 0.262719 0.246945 0.240598 
0.231894 0.261078 0.222891 0.284137 
0.212650 0.265753 0.275040 0.246557 
0.283615 0.250617 0.226966 0.238801 
0.251241 0.255321 0.249658 0.243780 
0.245465 0.244795 0.279240 0.230500 
0.258932 0.273306 0.225598 0.242165 
0.253434 0.259669 0.230556 0.256341 
0.232669 0.211986 0.290649 0.264697 
0.237432 0.251338 0.235037 0.276194 
0.239514 0.246419 0.238177 0.275891 
0.261467 0.227977 0.244313 0.266243 
0.250711 0.249872 0.248708 0.250710 
0.241959 0.241753 0.266677 0.249611 
0.242026 0.258288 0.255346 0.244341 
0.264110 0.231745 0.221263 0.282882 
0.227488 0.263588 0.272809 0.236116 
0.229562 0.250936 0.243239 0.276264 
0.230144 0.264662 0.246731 0.258463 
0.291755 0.259073 0.220709 0.228462 
0.266184 0.258529 0.220372 0.254916 
0.245735 0.243359 0.257907 0.252999 
0.274290 0.255248 0.228013 0.242448 
0.256202 0.244081 0.237889 0.261828 
0.257331 0.266986 0.234417 0.241266 
0.261353 0.248302 0.259354 0.230990 
0.219135 0.254705 0.279558 0.246602 
0.262815 0.275332 0.218385 0.243468 
0.253775 0.253895 0.219680 0.272650 
0.223504 0.248074 0.255231 0.273190 
0.263875 0.226206 0.260997 0.248923 
0.253119 0.239848 0.262383 0.244650 
0.255794 0.243260 0.259223 0.241724 
0.241998 0.259690 0.241075 0.257238 
0.246332 0.253377 0.254270 0.246021 
0.252184 0.238555 0.280815 0.228445 
0.250528 0.245377 0.257944 0.246151 
0.250701 0.252903 0.249243 0.247153 
0.260563 0.240526 0.245960 0.252951 
0.249186 0.270970 0.237953 0.241892 
0.247179 0.257662 0.244529 0.250630 
0.247532 0.280289 0.218062 0.254117 
0.256977 0.253564 0.245875 0.243585 
0.259937 0.244504 0.241053 0.254506 
0.259529 0.251265 0.244965 0.244241 
0.227958 0.253862 0.272214 0.245966 
0.245477 0.267742 0.230772 0.256009 
0.226109 0.244385 0.239556 0.289950 
0.253052 0.222916 0.263466 0.260566 
0.245546 0.261014 0.235596 0.257844 
0.258771 0.252706 0.257483 0.231041 
0.236306 0.242811 0.237174 0.283709 
0.238875 0.244078 0.256865 0.260182 
0.259755 0.230799 0.242966 0.266480 
0.244623 0.251757 0.246692 0.256928 
0.245244 0.246700 0.249889 0.258167 
0.242351 0.245751 0.252785 0.259113 
0.246724 0.243944 0.257270 0.252062 
0.218587 0.248719 0.253106 0.279587 
0.256142 0.243451 0.244749 0.255659 
0.260439 0.226954 0.264256 0.248351 
0.242299 0.249609 0.246868 0.261223 
0.241309 0.246000 0.248653 0.264038 
0.249248 0.244344 0.253395 0.253013 
0.247424 0.248177 0.227868 0.276531 
0.256386 0.252147 0.233047 0.258420 
0.241011 0.272371 0.228445 0.258173 
0.245267 0.244795 0.258239 0.251698 
0.271613 0.254118 0.251491 0.222778 
0.236198 0.259549 0.239992 0.264262 
0.238141 0.224545 0.270377 0.266938 
0.239053 0.240444 0.250083 0.270421 
0.249920 0.244226 0.247276 0.258578 
0.249679 0.241963 0.249844 0.258513 
0.245124 0.250993 0.233408 0.270474 
0.259700 0.246374 0.253067 0.240858 
0.250186 0.244561 0.251382 0.253872 
0.241830 0.263530 0.240392 0.254248 
0.264511 0.247971 0.254879 0.232639 
0.224009 0.245743 0.250960 0.279288 
0.241797 0.253167 0.245049 0.259987 
0.248027 0.243994 0.252294 0.255684 
0.236728 0.237108 0.269610 0.256554 
0.241913 0.281630 0.235817 0.240640 
0.246622 0.254033 0.255091 0.244254 
0.248711 0.251331 0.254441 0.245517 
0.270862 0.242516 0.248715 0.237907 
0.264021 0.225328 0.245018 0.265633 
0.267181 0.231944 0.249708 0.251167 
0.268190 0.250823 0.239621 0.241365 
0.248350 0.228800 0.274359 0.248491 
0.243778 0.258944 0.249297 0.247981 
0.262896 0.235390 0.230676 0.271038 
0.230366 0.256216 0.274677 0.238740 
0.245972 0.224990 0.252067 0.276970 
0.202189 0.232587 0.300607 0.264617 
0.255070 0.239125 0.247887 0.257917 
0.233251 0.240948 0.252028 0.273773 
0.249294 0.252344 0.261929 0.236433 
0.222968 0.269108 0.249009 0.258914 
0.269090 0.247200 0.230032 0.253678 
0.216982 0.258359 0.272703 0.251957 
0.256606 0.238782 0.242075 0.262536 
0.242252 0.241589 0.268509 0.247650 
0.236596 0.246537 0.258415 0.258451 
0.275483 0.246078 0.217716 0.260722 
0.234272 0.244402 0.250182 0.271143 
0.250702 0.239592 0.251506 0.258200 
0.251810 0.229142 0.270563 0.248485 
0.219802 0.261955 0.271102 0.247141 
0.228393 0.236197 0.273933 0.261477 
0.251002 0.239488 0.255749 0.253761 
0.239787 0.239263 0.249867 0.271083 
0.258361 0.224123 0.248388 0.269128 
0.248995 0.251048 0.263096 0.236862 
0.234487 0.248277 0.237330 0.279906 
0.236628 0.231778 0.248691 0.282902 
0.247834 0.232116 0.269713 0.250337 
0.222523 0.245115 0.274794 0.257568 
0.254163 0.241808 0.240565 0.263464 
0.241680 0.249119 0.251082 0.258119 
0.235938 0.259633 0.247687 0.256742 
0.239750 0.216412 0.270905 0.272933 
0.240825 0.257236 0.236329 0.265610 
0.255884 0.229074 0.256235 0.258807 
0.222561 0.257611 0.278857 0.240970 
0.265890 0.228806 0.257798 0.247506 
0.240526 0.247837 0.237063 0.274574 
0.228952 0.256855 0.266569 0.247624 
0.249984 0.240572 0.256907 0.252536 
0.237879 0.255920 0.264957 0.241244 
0.246527 0.242807 0.252919 0.257747 
0.240832 0.242227 0.264909 0.252031 
0.232928 0.245558 0.243355 0.278159 
0.265410 0.263248 0.242881 0.228460 
0.246813 0.237287 0.274046 0.241855 
0.245349 0.249260 0.254152 0.251239 
0.295304 0.231960 0.233617 0.239119 
0.270143 0.272182 0.230818 0.226857 
0.236759 0.253482 0.268439 0.241320 
0.233420 0.255775 0.274468 0.236337 
0.273411 0.225475 0.263183 0.237932 
0.258347 0.240471 0.248706 0.252476 
0.223952 0.260902 0.242867 0.272278 
0.265451 0.233221 0.239824 0.261504 
0.257332 0.267982 0.245419 0.229268 
0.269144 0.234839 0.241051 0.254966 
0.223906 0.267180 0.241140 0.267774 
0.243418 0.257471 0.251101 0.248010 
0.248171 0.249884 0.237007 0.264938 
0.223994 0.250319 0.263817 0.261870 
0.261248 0.245345 0.247680 0.245726 
0.228643 0.271946 0.244831 0.254580 
0.203621 0.258774 0.301086 0.236520 
0.231576 0.242833 0.263234 0.262357 
0.226382 0.268280 0.259678 0.245659 
0.278317 0.254705 0.205541 0.261437 
0.230948 0.253009 0.271533 0.244511 
0.255024 0.250084 0.244067 0.250825 
0.254773 0.250573 0.251436 0.243218 
0.249996 0.245114 0.254499 0.250392 
0.263763 0.228110 0.264584 0.243543 
0.261855 0.268733 0.232121 0.237291 
0.245268 0.243781 0.274510 0.236441 
0.238658 0.251002 0.271617 0.238723 
0.256001 0.220678 0.254373 0.268947 
0.247725 0.272283 0.227155 0.252838 
0.213095 0.264242 0.264388 0.258274 
0.243859 0.262262 0.253162 0.240717 
0.244403 0.234534 0.277011 0.244052 
0.253123 0.253440 0.256790 0.236647 
0.260995 0.248586 0.242126 0.248293 
0.268555 0.261754 0.236903 0.232788 
0.226518 0.244764 0.236904 0.291814 
0.253469 0.242951 0.252448 0.251132 
0.259158 0.233648 0.272955 0.234239 
0.263433 0.258453 0.229782 0.248332 
0.234084 0.239206 0.259841 0.266868 
0.255239 0.252651 0.246605 0.245505 
0.249885 0.251452 0.223713 0.274950 
0.242459 0.254104 0.246265 0.257172 
0.240340 0.222962 0.261096 0.275602 
0.249747 0.238573 0.249317 0.262363 
0.273288 0.250118 0.236636 0.239959 
0.239466 0.239963 0.262921 0.257650 
0.235465 0.283224 0.222861 0.258450 
0.258496 0.239834 0.260692 0.240978 
0.249508 0.209151 0.241458 0.299883 
0.239905 0.236100 0.276909 0.247087 
0.281045 0.259528 0.229316 0.230111 
0.238455 0.260957 0.244036 0.256552 
0.235905 0.254659 0.226475 0.282961 
0.231047 0.261376 0.235293 0.272284 
0.266272 0.180112 0.282861 0.270755 
0.238002 0.264751 0.255055 0.242192 
0.268339 0.226770 0.229091 0.275801 
0.251535 0.253452 0.249419 0.245594 
0.232534 0.266314 0.238476 0.262676 
0.242103 0.252579 0.269069 0.236250 
0.250218 0.240013 0.243160 0.266609 
0.253815 0.238925 0.258530 0.248729 
0.229372 0.257548 0.258390 0.254690 
0.253357 0.257540 0.241506 0.247597 
0.230679 0.255296 0.258624 0.255402 
0.234335 0.294397 0.228980 0.242288 
0.247072 0.247816 0.249229 0.255884 
0.242766 0.246941 0.250326 0.259967 
0.248910 0.252084 0.252086 0.246920 
0.249953 0.264828 0.261116 0.224104 
0.246524 0.266227 0.229780 0.257469 
0.253399 0.242521 0.251539 0.252541 
0.240857 0.260609 0.258706 0.239828 
0.252203 0.247846 0.257641 0.242310 
0.257386 0.257217 0.238713 0.246684 
0.241744 0.245560 0.259688 0.253009 
0.244244 0.245593 0.261255 0.248908 
0.245534 0.259171 0.226043 0.269253 
0.210488 0.272545 0.252280 0.264687 
0.255274 0.228279 0.296948 0.219499 
0.254041 0.245005 0.265328 0.235627 
0.252480 0.242594 0.241938 0.262988 
0.251178 0.257534 0.242943 0.248345 
0.250269 0.253191 0.240320 0.256219 
0.235822 0.245218 0.271729 0.247232 
0.236167 0.248036 0.263268 0.252529 
0.245695 0.257149 0.256360 0.240795 
0.243663 0.249216 0.237319 0.269803 
0.241835 0.252542 0.247408 0.258214 
0.232176 0.256398 0.253468 0.257957 
0.240208 0.251516 0.252241 0.256035 
0.253034 0.246567 0.245586 0.254813 
0.256121 0.255588 0.239730 0.248561 
0.259984 0.221705 0.232632 0.285678 
0.246660 0.258771 0.240953 0.253616 
0.245750 0.250882 0.249952 0.253416 
0.248274 0.221238 0.253160 0.277328 
0.246261 0.231101 0.265703 0.256935 
0.245395 0.243103 0.250684 0.260818 
0.243171 0.260649 0.250694 0.245486 
0.245143 0.257180 0.243618 0.254059 
0.230886 0.259991 0.250973 0.258151 
0.247030 0.239335 0.246935 0.266700 
0.241398 0.260434 0.248604 0.249564 
0.236385 0.272630 0.246304 0.244681 
0.230498 0.242882 0.279055 0.247565 
0.229031 0.258644 0.265388 0.246938 
0.250781 0.239558 0.251417 0.258243 
0.250569 0.247638 0.262853 0.238940 
0.239446 0.250553 0.250341 0.259660 
0.265103 0.227660 0.249478 0.257759 
0.265691 0.227419 0.248199 0.258690 
0.251398 0.232132 0.253522 0.262948 
0.242921 0.251598 0.249441 0.256040 
0.234744 0.266383 0.247816 0.251057 
0.250103 0.260681 0.234969 0.254246 
0.224765 0.249103 0.238453 0.287679 
0.255102 0.246080 0.242535 0.256283 
0.247278 0.242117 0.260856 0.249749 
0.265429 0.226988 0.251851 0.255731 
0.246053 0.259588 0.266048 0.228311 
0.223372 0.260262 0.239626 0.276741 
0.239993 0.262428 0.247727 0.249852 
0.228689 0.267099 0.239966 0.264247 
0.252969 0.266140 0.228897 0.251994 
0.252161 0.227836 0.218822 0.301181 
0.229762 0.240214 0.272050 0.257974 
0.260283 0.251699 0.235344 0.252674 
0.256086 0.249994 0.243612 0.250309 
0.254359 0.235476 0.247750 0.262416 
0.251585 0.252472 0.238826 0.257116 
0.263547 0.280108 0.221798 0.234548 
0.233266 0.269301 0.242825 0.254608 
0.245893 0.268162 0.234663 0.251282 
0.268314 0.240482 0.242044 0.249160 
0.234571 0.251895 0.252067 0.261467 
0.242476 0.253354 0.244332 0.259839 
0.241113 0.237259 0.236609 0.285020 
0.246605 0.233999 0.263693 0.255702 
0.241690 0.241025 0.265934 0.251352 
0.229421 0.249524 0.241948 0.279107 
0.252139 0.243929 0.241250 0.262682 
0.227170 0.251584 0.269493 0.251753 
0.256985 0.256827 0.233158 0.253030 
0.250408 0.244463 0.255755 0.249374 
0.250039 0.249640 0.243521 0.256799 
0.237631 0.247324 0.248790 0.266254 
0.244251 0.237691 0.265744 0.252314 
0.232962 0.259055 0.243616 0.264367 
0.236222 0.256839 0.271931 0.235008 
0.279823 0.193810 0.276219 0.250148 
0.224628 0.273844 0.197495 0.304032 
0.257030 0.206675 0.296535 0.239760 
0.239707 0.235629 0.234361 0.290303 
0.253685 0.246648 0.251609 0.248058 
0.270541 0.230935 0.250006 0.248519 
0.229952 0.227693 0.249358 0.292998 
0.218247 0.254298 0.240849 0.286606 
0.257264 0.226030 0.264869 0.251837 
0.257370 0.248836 0.243828 0.249966 
0.246886 0.253936 0.248219 0.250958 
0.250644 0.236984 0.262066 0.250306 
0.244537 0.250760 0.259720 0.244983 
0.243483 0.245397 0.251692 0.259428 
0.261914 0.243088 0.240443 0.254555 
0.249879 0.227142 0.268691 0.254288 
0.253433 0.241251 0.233491 0.271825 
0.246613 0.239260 0.249236 0.264891 
0.240397 0.254765 0.259503 0.245335 
0.238574 0.260438 0.240296 0.260692 
0.249563 0.248374 0.252880 0.249183 
0.236267 0.253575 0.258099 0.252059 
0.247067 0.258779 0.242917 0.251236 
0.226655 0.251103 0.245996 0.276246 
0.237617 0.243999 0.265477 0.252908 
0.260851 0.258301 0.233365 0.247483 
0.224740 0.251959 0.280035 0.243265 
0.252564 0.246167 0.249293 0.251975 
0.245960 0.244484 0.240915 0.268641 
0.253988 0.261035 0.240881 0.244096 
0.282410 0.213316 0.255920 0.248354 
0.257273 0.237428 0.258446 0.246854 
0.251605 0.263777 0.250700 0.233918 
0.254396 0.251337 0.272803 0.221465 
0.232935 0.238978 0.253304 0.274782 
0.252096 0.242102 0.234943 0.270858 
0.243886 0.203885 0.266756 0.285473 
0.243929 0.240916 0.263435 0.251720 
0.249590 0.240404 0.254568 0.255437 
0.234994 0.268448 0.242727 0.253831 
0.246169 0.236688 0.268518 0.248625 
0.260990 0.239731 0.260002 0.239278 
0.246497 0.237092 0.261323 0.255088 
0.230565 0.248643 0.242733 0.278060 
0.256571 0.245698 0.245870 0.251861 
0.257044 0.238994 0.252784 0.251178 
0.241982 0.229507 0.253695 0.274817 
0.249779 0.250027 0.248705 0.251489 
0.253738 0.236899 0.251299 0.258064 
0.264131 0.242969 0.260281 0.232619 
0.254971 0.225290 0.279660 0.240080 
0.241316 0.238121 0.265121 0.255441 
0.262695 0.238111 0.236162 0.263032 
0.250766 0.241178 0.253298 0.254758 
0.253303 0.245067 0.253170 0.248459 
0.237390 0.243398 0.265322 0.253890 
0.255504 0.234427 0.244645 0.265425 
0.246599 0.243173 0.257813 0.252415 
0.261092 0.244893 0.242367 0.251649 
0.235042 0.266669 0.265157 0.233132 
0.240596 0.242692 0.257134 0.259579 
0.246171 0.264356 0.246940 0.242532 
0.275361 0.203075 0.293759 0.227805 
0.242295 0.233322 0.254280 0.270103 
0.250841 0.236963 0.245256 0.266940 
0.256746 0.243072 0.245589 0.254592 
0.229290 0.271517 0.237340 0.261853 
0.243350 0.253450 0.250028 0.253172 
0.240654 0.243556 0.240631 0.275159 
0.238129 0.246916 0.251516 0.263440 
0.236814 0.263387 0.237199 0.262600 
0.242275 0.261005 0.233797 0.262923 
0.238499 0.259909 0.253392 0.248200 
0.254925 0.252438 0.267371 0.225265 
0.235627 0.245431 0.257910 0.261031 
0.247246 0.250866 0.250290 0.251598 
0.240115 0.250776 0.265748 0.243361 
0.288286 0.249072 0.180382 0.282259 
0.255378 0.218256 0.271939 0.254428 
0.254762 0.241698 0.261068 0.242473 
0.246128 0.249548 0.251886 0.252439 
0.260152 0.237880 0.236038 0.265931 
0.242046 0.244979 0.247650 0.265326 
0.233117 0.242608 0.273625 0.250650 
0.253349 0.242517 0.259763 0.244370 
0.242816 0.276666 0.230138 0.250380 
0.240401 0.247232 0.230534 0.281833 
0.239471 0.261404 0.245794 0.253330 
0.231572 0.240680 0.257076 0.270672 
0.217364 0.268738 0.222423 0.291475 
0.247071 0.269569 0.237303 0.246057 
0.279354 0.232923 0.225318 0.262405 
0.254666 0.221031 0.266854 0.257448 
0.247176 0.253189 0.247986 0.251650 
0.240202 0.251955 0.256902 0.250941 
0.212912 0.263227 0.268982 0.254879 
0.262367 0.251797 0.247874 0.237962 
0.235098 0.273710 0.265452 0.225741 
0.247547 0.223277 0.271749 0.257427 
0.253622 0.230059 0.244242 0.272076 
0.242550 0.252860 0.244772 0.259818 
0.260730 0.246409 0.244026 0.248835 
0.244848 0.234131 0.254153 0.266869 
0.225674 0.247603 0.287877 0.238846 
0.236877 0.246557 0.262543 0.254023 
0.251578 0.245491 0.256002 0.246930 
0.235419 0.251445 0.249072 0.264064 
0.241158 0.243778 0.248630 0.266434 
0.248688 0.251074 0.250470 0.249768 
0.261305 0.242218 0.244852 0.251625 
0.256816 0.218808 0.250773 0.273604 
0.224094 0.258448 0.284592 0.232866 
0.261764 0.254865 0.245167 0.238205 
0.269656 0.258051 0.246749 0.225544 
0.240633 0.266058 0.239983 0.253326 
0.239463 0.266787 0.234334 0.259417 
0.243894 0.268270 0.253831 0.234004 
0.286846 0.232577 0.251360 0.229218 
0.235516 0.249707 0.253179 0.261597 
0.255918 0.223014 0.275087 0.245981 
0.181516 0.246165 0.294119 0.278200 
0.283773 0.250479 0.227953 0.237795 
0.245535 0.220030 0.302326 0.232109 
0.255939 0.226130 0.278236 0.239695 
0.234399 0.251041 0.262542 0.252018 
0.238176 0.257650 0.260178 0.243997 
0.265670 0.243668 0.275287 0.215374 
0.265815 0.197890 0.299896 0.236400 
0.225674 0.267209 0.252656 0.254462 
0.247705 0.262652 0.251869 0.237773 
0.276582 0.238173 0.247761 0.237484 
0.266349 0.233152 0.254305 0.246194 
0.215892 0.242367 0.307636 0.234105 
0.240202 0.267273 0.230947 0.261578 
0.239887 0.254070 0.233073 0.272969 
0.247989 0.241565 0.246776 0.263670 
0.256206 0.236375 0.274925 0.232494 
0.251941 0.276935 0.250070 0.221054 
0.254094 0.276627 0.228797 0.240482 
0.241384 0.235181 0.260931 0.262503 
0.219429 0.225779 0.285224 0.269568 
0.268566 0.240150 0.234337 0.256946 
0.275318 0.224884 0.270147 0.229651 
0.228323 0.284877 0.236225 0.250575 
0.214997 0.223618 0.318892 0.242494 
0.258447 0.243472 0.256333 0.241748 
0.267438 0.256965 0.254122 0.221475 
0.284453 0.261717 0.222787 0.231043 
0.250984 0.288985 0.213326 0.246705 
0.238719 0.270741 0.245389 0.245152 
0.276250 0.250325 0.225442 0.247982 
0.270062 0.272709 0.232471 0.224758 
0.216946 0.261460 0.259613 0.261980 
0.284438 0.211353 0.238493 0.265716 
0.272961 0.254843 0.232652 0.239544 
0.237697 0.270832 0.236665 0.254805 
0.235896 0.244524 0.288359 0.231221 
0.241920 0.239559 0.289276 0.229245 
0.243843 0.269327 0.237001 0.249829 
0.282532 0.251625 0.216116 0.249727 
0.257023 0.236760 0.259326 0.246891 
0.227775 0.273468 0.222074 0.276682 
0.249194 0.256160 0.252424 0.242222 
0.247786 0.246638 0.243613 0.261963 
0.241679 0.245055 0.261097 0.252170 
0.258569 0.265075 0.219897 0.256458 
0.236823 0.245514 0.233613 0.284051 
0.248466 0.250707 0.264717 0.236109 
0.234800 0.257685 0.251115 0.256400 
0.234443 0.238070 0.260519 0.266969 
0.202105 0.278521 0.238867 0.280507 
0.232892 0.251240 0.277825 0.238043 
0.273010 0.218437 0.241911 0.266642 
0.262763 0.237886 0.240944 0.258407 
0.258053 0.239726 0.232781 0.269441 
0.250339 0.243884 0.247936 0.257841 
0.230097 0.263752 0.275376 0.230775 
0.259828 0.247930 0.245221 0.247021 
0.231708 0.252545 0.286780 0.228968 
0.243664 0.249602 0.265538 0.241195 
0.242072 0.261147 0.243701 0.253079 
0.257143 0.224963 0.261805 0.256089 
0.262438 0.239349 0.237226 0.260987 
0.228873 0.247291 0.265218 0.258618 
0.245803 0.224158 0.253854 0.276185 
0.248513 0.256876 0.236538 0.258073 
0.249016 0.252068 0.270409 0.228507 
0.268282 0.222690 0.239651 0.269377 
0.238837 0.260891 0.230943 0.269330 
0.265183 0.232184 0.259278 0.243355 
0.228905 0.229832 0.249858 0.291405 
0.243696 0.267060 0.239315 0.249928 
0.245852 0.266389 0.227112 0.260647 
0.258804 0.224074 0.261579 0.255542 
0.265145 0.251640 0.239237 0.243978 
0.230971 0.255659 0.239814 0.273556 
0.242685 0.255969 0.246133 0.255213 
0.255847 0.229867 0.247394 0.266892 
0.255881 0.251269 0.255415 0.237435 
0.271571 0.239689 0.239892 0.248848 
0.233967 0.247497 0.244295 0.274240 
0.266264 0.228015 0.237292 0.268429 
0.246500 0.237483 0.268257 0.247760 
0.253216 0.283091 0.237107 0.226586 
0.250782 0.244813 0.259342 0.245062 
0.227346 0.258590 0.237312 0.276751 
0.204828 0.276038 0.271943 0.247191 
0.232078 0.248588 0.288017 0.231318 
0.247384 0.262287 0.255549 0.234780 
0.217755 0.232500 0.254398 0.295347 
0.240724 0.252677 0.246232 0.260368 
0.253818 0.218546 0.247884 0.279752 
0.240807 0.260842 0.248261 0.250089 
0.222809 0.234029 0.275488 0.267674 
0.255152 0.242689 0.253806 0.248353 
0.223071 0.258580 0.232161 0.286188 
0.215886 0.265091 0.241767 0.277256 
0.232317 0.287862 0.255707 0.224113 
0.269009 0.222797 0.268787 0.239407 
0.247392 0.255586 0.227869 0.269154 
0.229732 0.243414 0.261053 0.265801 
0.294644 0.250812 0.219565 0.234979 
0.208704 0.247745 0.284587 0.258964 
0.238709 0.274189 0.242421 0.244681 
0.246612 0.255388 0.238236 0.259763 
0.248625 0.235911 0.257756 0.257708 
0.243895 0.250983 0.271393 0.233729 
0.277790 0.249064 0.236412 0.236734 
0.249853 0.295261 0.233271 0.221614 
0.249888 0.249997 0.258051 0.242064 
0.296760 0.244967 0.220802 0.237471 
0.226371 0.264474 0.265322 0.243833 
0.257849 0.245921 0.249859 0.246371 
0.244101 0.241659 0.254960 0.259280 
0.249144 0.271724 0.240108 0.239025 
0.236223 0.245022 0.257665 0.261090 
0.262434 0.273927 0.240400 0.223238 
0.243078 0.287483 0.252381 0.217058 
0.252086 0.245652 0.251149 0.251112 
0.223444 0.269609 0.239985 0.266962 
0.236567 0.265893 0.243602 0.253938 
0.246564 0.231423 0.263817 0.258196 
0.249394 0.267614 0.260475 0.222517 
0.263805 0.220854 0.252789 0.262552 
0.222251 0.292296 0.221187 0.264266 
0.245884 0.247629 0.257115 0.249373 
0.237696 0.216746 0.278816 0.266742 
0.252478 0.232866 0.233575 0.281082 
0.230682 0.261347 0.282097 0.225874 
0.247614 0.250129 0.254247 0.248009 
0.244020 0.263110 0.262754 0.230117 
0.251804 0.260559 0.239151 0.248486 
0.250645 0.258371 0.259844 0.231140 
0.256688 0.228100 0.265072 0.250140 
0.261043 0.229511 0.249209 0.260237 
0.262301 0.245565 0.246569 0.245566 
0.249152 0.258514 0.266365 0.225968 
0.224960 0.283397 0.249061 0.242582 
0.265917 0.242610 0.220473 0.271001 
0.265209 0.222284 0.253093 0.259414 
0.232332 0.258614 0.279497 0.229557 
0.275536 0.267149 0.235034 0.222281 
0.231572 0.234331 0.268854 0.265243 
0.221413 0.256333 0.252880 0.269373 
0.259601 0.261852 0.237268 0.241280 
0.237420 0.265460 0.241392 0.255728 
0.248216 0.255094 0.248909 0.247782 
0.238704 0.259081 0.230328 0.271887 
0.241175 0.233666 0.271661 0.253498 
0.259893 0.266481 0.245472 0.228154 
0.232598 0.271426 0.246064 0.249912 
0.259915 0.254336 0.232814 0.252935 
0.254068 0.226271 0.267579 0.252082 
0.249953 0.231850 0.249915 0.268282 
0.270218 0.215924 0.261506 0.252352 
0.230910 0.273691 0.221213 0.274187 
0.248787 0.254407 0.278204 0.218602 
0.255500 0.252269 0.237013 0.255218 
0.248416 0.279992 0.236328 0.235264 
0.262996 0.225176 0.245240 0.266587 
0.220186 0.269198 0.263284 0.247331 
0.239646 0.253498 0.276005 0.230852 
0.231127 0.237472 0.259771 0.271631 
0.233399 0.247645 0.235976 0.282979 
0.221108 0.265318 0.264076 0.249498 
0.281253 0.244728 0.226705 0.247314 
0.237263 0.259125 0.239964 0.263648 
0.252469 0.237574 0.261874 0.248083 
0.228491 0.284032 0.225298 0.262179 
0.241195 0.252758 0.259841 0.246207 
0.226641 0.235796 0.280712 0.256851 
0.248378 0.237499 0.274836 0.239287 
0.236464 0.250538 0.254357 0.258641 
0.265904 0.248837 0.225312 0.259947 
0.233154 0.237993 0.284009 0.244844 
0.262962 0.240134 0.242858 0.254046 
0.269299 0.237177 0.257495 0.236030 
0.243558 0.258067 0.234055 0.264319 
0.206563 0.236182 0.270361 0.286895 
0.288219 0.238442 0.220466 0.252873 
0.233240 0.239322 0.265685 0.261753 
0.248276 0.257484 0.217152 0.277087 
0.228911 0.246348 0.249240 0.275501 
0.250405 0.271367 0.252098 0.226130 
0.230597 0.265064 0.259960 0.244379 
0.234150 0.233904 0.247827 0.284120 
0.257471 0.256519 0.235242 0.250768 
0.274071 0.267078 0.234986 0.223865 
0.231975 0.230572 0.268581 0.268872 
0.268426 0.245201 0.248292 0.238081 
0.251604 0.250289 0.233360 0.264748 
0.219817 0.301418 0.239361 0.239403 
0.233489 0.268593 0.261981 0.235937 
0.262965 0.230884 0.249887 0.256264 
0.228028 0.206433 0.295691 0.269849 
0.259237 0.221612 0.258851 0.260301 
0.256786 0.236981 0.237840 0.268393 
0.246939 0.253832 0.252617 0.246612 
0.214773 0.280135 0.238383 0.266709 
0.248364 0.280853 0.209250 0.261533 
0.238905 0.287859 0.232702 0.240534 
0.209585 0.242569 0.289599 0.258247 
0.254392 0.265432 0.237047 0.243130 
0.277231 0.238794 0.253255 0.230721 
0.230793 0.244010 0.255581 0.269616 
0.258784 0.227585 0.238154 0.275476 
0.240860 0.248266 0.236703 0.274171 
0.272245 0.252150 0.237957 0.237649 
0.254729 0.228979 0.242068 0.274225 
0.250578 0.236698 0.261010 0.251714 
0.235461 0.203641 0.281771 0.279127 
0.242559 0.229632 0.250254 0.277556 
0.267757 0.254277 0.257357 0.220609 
0.258646 0.243208 0.260876 0.237269 
0.273988 0.238270 0.249872 0.237870 
0.243268 0.243333 0.277891 0.235508 
0.234827 0.254393 0.249745 0.261035 
0.213912 0.243428 0.286384 0.256276 
0.232409 0.248556 0.253826 0.265210 
0.280091 0.251860 0.257714 0.210335 
0.240223 0.260785 0.230021 0.268972 
0.251562 0.239553 0.249976 0.258910 
0.192560 0.261710 0.274181 0.271549 
0.224464 0.239708 0.263831 0.271997 
0.278685 0.255658 0.218572 0.247085 
0.245524 0.241785 0.271987 0.240705 
0.236918 0.294932 0.238633 0.229516 
0.230747 0.241696 0.272899 0.254657 
0.215575 0.257248 0.260366 0.266811 
0.251991 0.227870 0.252545 0.267593 
0.241757 0.256167 0.244325 0.257751 
0.234544 0.253535 0.248908 0.263014 
0.268591 0.239678 0.256516 0.235214 
0.250271 0.239711 0.267182 0.242836 
0.279027 0.286643 0.241082 0.193248 
0.241837 0.244046 0.283303 0.230814 
0.240442 0.233501 0.267649 0.258407 
0.253323 0.233594 0.244358 0.268724 
0.254234 0.286850 0.225823 0.233093 
0.249934 0.254743 0.237710 0.257614 
0.231749 0.265755 0.257274 0.245221 
0.236193 0.277213 0.218642 0.267952 
0.260259 0.225791 0.267422 0.246528 
0.233048 0.269739 0.235720 0.261492 
0.301092 0.233025 0.229624 0.236259 
0.265629 0.239995 0.267225 0.227150 
0.257377 0.242186 0.235975 0.264463 
0.242082 0.252569 0.240064 0.265286 
0.293414 0.216735 0.268633 0.221217 
0.278204 0.222413 0.238960 0.260422 
0.247827 0.242014 0.253224 0.256935 
0.256677 0.260986 0.220875 0.261461 
0.248876 0.248505 0.252259 0.250360 
0.236480 0.259666 0.281221 0.222634 
0.251055 0.243327 0.258399 0.247219 
0.254808 0.223619 0.280473 0.241101 
0.226067 0.270721 0.252365 0.250846 
0.255952 0.258793 0.230194 0.255060 
0.237905 0.246527 0.245293 0.270276 
0.245169 0.244914 0.231821 0.278096 
0.245283 0.264273 0.246927 0.243518 
0.251448 0.244618 0.258062 0.245871 
0.243869 0.283471 0.235863 0.236797 
0.231089 0.239025 0.252264 0.277623 
0.254219 0.243366 0.257319 0.245096 
0.255710 0.255147 0.249346 0.239797 
0.242876 0.256791 0.247608 0.252724 
0.273966 0.222761 0.238245 0.265028 
0.235995 0.250692 0.265612 0.247700 
0.239788 0.241298 0.249624 0.269291 
0.268913 0.220734 0.257298 0.253055 
0.228812 0.259924 0.237824 0.273440 
0.249600 0.233708 0.253748 0.262944 
0.230610 0.259885 0.243437 0.266069 
0.242368 0.244695 0.245898 0.267039 
0.256311 0.245565 0.228478 0.269646 
0.249677 0.243964 0.258070 0.248289 
0.238358 0.239740 0.251546 0.270356 
0.249547 0.255019 0.251553 0.243881 
0.249214 0.259502 0.246891 0.244393 
0.259577 0.234849 0.243901 0.261673 
0.245443 0.245879 0.245179 0.263500 
0.269545 0.246219 0.243459 0.240778 
0.264151 0.270472 0.216386 0.248991 
0.242137 0.249150 0.253904 0.254808 
0.238810 0.218130 0.264160 0.278900 
0.242969 0.256007 0.270581 0.230442 
0.255261 0.235815 0.269598 0.239327 
0.251375 0.255905 0.231184 0.261535 
0.235587 0.248763 0.245778 0.269871 
0.244962 0.262833 0.241461 0.250744 
0.239555 0.251225 0.245010 0.264210 
0.223446 0.291629 0.254376 0.230550 
0.222946 0.271000 0.275844 0.230210 
0.254359 0.257296 0.249565 0.238780 
0.237657 0.212138 0.264831 0.285374 
0.237827 0.227797 0.281490 0.252886 
0.226975 0.214727 0.281741 0.276557 
0.242588 0.254125 0.252815 0.250473 
0.246738 0.267632 0.232572 0.253058 
0.247120 0.255087 0.227217 0.270576 
0.250637 0.275655 0.233269 0.240439 
0.276674 0.244369 0.247404 0.231554 
0.242732 0.254315 0.261212 0.241741 
0.255133 0.248878 0.238306 0.257682 
0.245123 0.267231 0.256799 0.230846 
0.267276 0.249694 0.242629 0.240401 
0.262478 0.250146 0.257193 0.230183 
0.247495 0.272686 0.258877 0.220942 
0.265071 0.252484 0.234186 0.248259 
0.260094 0.246569 0.245746 0.247591 
0.262670 0.250594 0.246786 0.239950 
0.268813 0.246662 0.236811 0.247713 
0.248506 0.262414 0.236496 0.252584 
0.255414 0.245016 0.249448 0.250122 
0.260683 0.250628 0.248230 0.240459 
0.262067 0.270766 0.236888 0.230278 
0.256092 0.260437 0.233005 0.250466 
0.262968 0.256791 0.243506 0.236734 
0.243301 0.264494 0.262549 0.229656 
0.242467 0.286769 0.231961 0.238803 
0.258933 0.245532 0.243194 0.252341 
0.246481 0.250209 0.258071 0.245239 
0.259142 0.257001 0.247781 0.236077 
0.251957 0.252443 0.246626 0.248975 
0.253874 0.251710 0.254508 0.239909 
0.252448 0.252195 0.246772 0.248584 
0.242712 0.258214 0.254546 0.244528 
0.244135 0.258896 0.245592 0.251377 
0.246458 0.234911 0.257910 0.260720 
0.246198 0.258934 0.257630 0.237238 
0.254856 0.243384 0.246305 0.255455 
0.242815 0.237118 0.271013 0.249054 
0.245123 0.250519 0.248425 0.255932 
0.248761 0.294525 0.233820 0.222894 
0.259917 0.245089 0.262292 0.232701 
0.247810 0.252246 0.247319 0.252625 
0.249263 0.262973 0.245699 0.242064 
0.256420 0.253079 0.241251 0.249250 
0.257406 0.244810 0.261871 0.235912 
0.251829 0.255883 0.262064 0.230224 
0.249568 0.262652 0.249972 0.237808 
0.248867 0.261213 0.243508 0.246411 
0.253953 0.250734 0.253523 0.241790 
0.279368 0.236142 0.229647 0.254843 
0.265803 0.236937 0.259399 0.237861 
0.256567 0.243159 0.254191 0.246082 
0.256032 0.272368 0.234106 0.237495 
0.247087 0.256006 0.236763 0.260143 
0.234070 0.254450 0.258827 0.252654 
0.259319 0.207344 0.275867 0.257470 
0.255634 0.250881 0.257317 0.236168 
0.235415 0.278148 0.243867 0.242570 
0.246641 0.241252 0.256575 0.255532 
0.249761 0.248964 0.250695 0.250580 
0.236753 0.256203 0.253684 0.253360 
0.273599 0.254452 0.218116 0.253833 
0.259156 0.250577 0.240622 0.249645 
0.238349 0.282016 0.221263 0.258373 
0.255613 0.248428 0.244444 0.251515 
0.260804 0.248592 0.247748 0.242857 
0.257636 0.257967 0.243291 0.241106 
0.262034 0.253631 0.230685 0.253649 
0.269940 0.271871 0.235799 0.222390 
0.262036 0.248737 0.240765 0.248463 
0.227850 0.285143 0.238780 0.248227 
0.261829 0.257639 0.249283 0.231249 
0.253985 0.256717 0.250060 0.239238 
0.256835 0.255522 0.248480 0.239163 
0.240323 0.259544 0.247980 0.252153 
0.260975 0.254265 0.245123 0.239638 
0.243698 0.241622 0.255812 0.258868 
0.243269 0.255469 0.255090 0.246172 
0.245522 0.259647 0.248676 0.246155 
0.267606 0.256898 0.240255 0.235242 
0.257989 0.259105 0.265546 0.217360 
0.259770 0.254448 0.248996 0.236787 
0.256372 0.244034 0.252621 0.246973 
0.254038 0.273729 0.251872 0.220361 
0.262333 0.252972 0.240542 0.244152 
0.252096 0.272542 0.235800 0.239562 
0.263441 0.242146 0.250831 0.243582 
0.284780 0.227601 0.265077 0.222543 
0.246555 0.252775 0.255975 0.244695 
0.241075 0.251269 0.245266 0.262390 
0.259780 0.271717 0.237298 0.231205 
0.270010 0.269097 0.237344 0.223550 
0.252294 0.250513 0.254458 0.242735 
0.257860 0.251805 0.243231 0.247105 
0.287160 0.256762 0.221664 0.234414 
0.250630 0.259565 0.246961 0.242843 
0.255484 0.254115 0.258898 0.231503 
0.257331 0.252620 0.253407 0.236642 
0.253906 0.254769 0.242339 0.248987 
0.257865 0.233014 0.259146 0.249975 
0.289971 0.221066 0.220077 0.268886 
0.256386 0.266872 0.236320 0.240422 
0.258719 0.244458 0.243753 0.253070 
0.257474 0.226981 0.227030 0.288516 
0.265546 0.242887 0.252525 0.239041 
0.280337 0.246361 0.253779 0.219523 
0.265850 0.219346 0.241807 0.272997 
0.250655 0.274531 0.212051 0.262763 
0.223635 0.268494 0.249371 0.258500 
0.275100 0.242475 0.240971 0.241455 
0.270392 0.245465 0.271595 0.212548 
0.278321 0.252970 0.226840 0.241870 
0.208741 0.276641 0.269622 0.244995 
0.276213 0.261144 0.238352 0.224292 
0.260243 0.257859 0.236842 0.245057 
0.262503 0.245145 0.251492 0.240860 
0.257183 0.271523 0.204521 0.266773 
0.240252 0.264478 0.224695 0.270574 
0.228390 0.262826 0.269903 0.238880 
0.266117 0.257202 0.230083 0.246597 
0.272167 0.241246 0.254415 0.232172 
0.236326 0.260366 0.237373 0.265936 
0.251589 0.253109 0.252875 0.242427 
0.263904 0.245119 0.248073 0.242904 
0.264372 0.274483 0.224997 0.236148 
0.250367 0.268974 0.240785 0.239874 
0.256473 0.255540 0.221939 0.266048 
0.239500 0.272424 0.239238 0.248839 
0.252066 0.263830 0.243178 0.240926 
0.259163 0.255223 0.245723 0.239891 
0.257052 0.246539 0.243621 0.252789 
0.269957 0.230269 0.264290 0.235484 
0.269139 0.257855 0.235396 0.237610 
0.249910 0.266633 0.243592 0.239865 
0.244279 0.253048 0.266316 0.236357 
0.259566 0.252295 0.240287 0.247851 
0.257127 0.252093 0.249697 0.241083 
0.266819 0.264838 0.232721 0.235622 
0.249257 0.242766 0.264903 0.243075 
0.224078 0.264671 0.273606 0.237645 
0.272312 0.287485 0.219270 0.220933 
0.262398 0.264631 0.235315 0.237656 
0.286015 0.250184 0.242843 0.220958 
0.253882 0.251662 0.249876 0.244581 
0.254405 0.259916 0.243600 0.242079 
0.249091 0.257567 0.250404 0.242937 
0.252128 0.247759 0.239473 0.260640 
0.261902 0.245214 0.243743 0.249141 
0.262497 0.246791 0.239999 0.250712 
0.245326 0.250373 0.225512 0.278789 
0.268991 0.250147 0.249894 0.230968 
0.271109 0.243609 0.262797 0.222484 
0.301474 0.245725 0.226225 0.226576 
0.234570 0.275270 0.232418 0.257742 
0.256781 0.260470 0.209278 0.273471 
0.243923 0.268651 0.232189 0.255237 
0.279719 0.252991 0.229502 0.237788 
0.235990 0.307272 0.243746 0.212993 
0.250059 0.239771 0.261346 0.248824 
0.272088 0.258505 0.239140 0.230267 
0.257861 0.274429 0.242710 0.224999 
0.259796 0.240988 0.242585 0.256630 
0.265595 0.236310 0.266038 0.232057 
0.267334 0.279645 0.232899 0.220122 
0.250359 0.265907 0.227269 0.256465 
0.243293 0.290082 0.235778 0.230847 
0.236555 0.258302 0.251170 0.253973 
0.248331 0.252251 0.262440 0.236978 
0.271353 0.248320 0.243769 0.236559 
0.260294 0.249380 0.249160 0.241167 
0.259305 0.229039 0.235545 0.276110 
0.271368 0.233153 0.229599 0.265880 
0.263742 0.256022 0.251794 0.228442 
0.255925 0.274285 0.240966 0.228824 
0.270087 0.247180 0.210750 0.271983 
0.265931 0.290399 0.205279 0.238391 
0.267709 0.252929 0.221707 0.257654 
0.260152 0.252641 0.231992 0.255215 
0.253152 0.287307 0.226026 0.233515 
0.248440 0.266710 0.243420 0.241430 
0.253542 0.264735 0.240321 0.241402 
0.278212 0.242091 0.238714 0.240983 
0.264924 0.250973 0.235614 0.248489 
0.271517 0.230813 0.249634 0.248035 
0.273274 0.257589 0.223746 0.245392 
0.227315 0.288975 0.239493 0.244217 
0.257041 0.249248 0.242463 0.251248 
0.246515 0.276536 0.237066 0.239883 
0.246585 0.252911 0.230349 0.270156 
0.252345 0.265560 0.241719 0.240376 
0.199955 0.281610 0.263306 0.255130 
0.270774 0.248468 0.224601 0.256156 
0.270921 0.250114 0.232251 0.246714 
0.228019 0.271198 0.231223 0.269560 
0.248497 0.256363 0.257434 0.237706 
0.251603 0.241668 0.253931 0.252799 
0.251932 0.242847 0.260538 0.244683 
0.250938 0.237604 0.241225 0.270233 
0.239592 0.277327 0.255897 0.227184 
0.264451 0.249813 0.250752 0.234984 
0.252364 0.270980 0.237881 0.238775 
0.235345 0.272165 0.237952 0.254538 
0.254954 0.266694 0.239550 0.238802 
0.241905 0.279784 0.251730 0.226582 
0.258560 0.255199 0.245580 0.240661 
0.259541 0.258734 0.230233 0.251492 
0.260385 0.243317 0.255584 0.240714 
0.276876 0.267672 0.256807 0.198644 
0.251506 0.245832 0.248321 0.254341 
0.263157 0.251912 0.227809 0.257122 
0.285460 0.243449 0.231465 0.239627 
0.243186 0.261952 0.220355 0.274507 
0.280239 0.260523 0.229518 0.229720 
0.270380 0.247229 0.258195 0.224196 
0.253255 0.246183 0.244059 0.256503 
0.264329 0.280366 0.219956 0.235348 
0.273048 0.254493 0.227147 0.245312 
0.247321 0.252021 0.251063 0.249596 
0.261422 0.252007 0.239793 0.246778 
0.254669 0.248287 0.234964 0.262081 
0.243444 0.246888 0.258282 0.251386 
0.266959 0.259347 0.233870 0.239824 
0.270914 0.240705 0.261527 0.226854 
0.288667 0.258950 0.251499 0.200884 
0.269972 0.261826 0.229686 0.238517 
0.235828 0.239754 0.263115 0.261303 
0.281089 0.244704 0.231858 0.242349 
0.272152 0.276998 0.197710 0.253140 
0.232613 0.287850 0.262206 0.217331 
0.276568 0.228356 0.273979 0.221097 
0.264523 0.234542 0.244060 0.256875 
0.282438 0.240646 0.255845 0.221072 
0.263213 0.257633 0.225487 0.253667 
0.261527 0.247114 0.238494 0.252865 
0.253047 0.263219 0.245769 0.237964 
0.259628 0.257502 0.238390 0.244481 
0.249054 0.248857 0.259936 0.242153 
0.242823 0.248204 0.245713 0.263260 
0.260982 0.253936 0.252144 0.232938 
0.262570 0.263335 0.236780 0.237315 
0.277785 0.249473 0.230478 0.242264 
0.252628 0.243945 0.262710 0.240718 
0.248379 0.260269 0.247744 0.243608 
0.260489 0.254448 0.234848 0.250215 
