-7636308.316277
0
0.000000 0.000000 0.000000 0.000000 0.000221 0.000498 0.000000 0.000462 0.002651 0.008701 0.043044 0.000000 0.000000 0.004408 0.000000 0.001182 0.002342 0.002650 0.000000 0.000000 0.000000 0.000000 0.000000 0.000000 0.001433 0.002295 0.002546 0.000000 0.000000 0.000000 0.000000 0.000000 0.000000 0.000000 0.022858 0.000597 0.000000 0.000661 0.000930 0.000000 0.000110 0.000489 0.000000 0.000000 0.000000 0.002081 0.000000 0.000984 0.002231 0.006712 0.001801 0.007414 0.000595 0.001951 0.000000 0.001759 0.040612 0.151142 0.520994 0.075221 0.000341 0.003144 0.000269 0.001023 0.008005 0.023766 0.005290 0.002581 0.000000 0.002185 0.000000 0.001529 0.000000 0.000000 0.000301 0.000000 0.000000 0.000000 0.000000 0.000000 0.002877 0.011677 0.017235 0.003392 0.000561 0.000259 0.000000 0.000000 0.000516 0.003476 0.000000 0.000000 0.000000 0.000000 0.000000 0.000000 
0.000000 0.000000 0.000000 0.000000 0.000817 0.000865 0.000000 0.001372 0.012319 0.004062 0.283548 0.003336 0.000000 0.000000 0.000000 0.001384 0.000000 0.000000 0.000336 0.000000 0.000000 0.000000 0.000000 0.000000 0.003547 0.004346 0.002680 0.000000 0.000000 0.000000 0.000000 0.000000 0.005590 0.003683 0.291556 0.002843 0.000000 0.000000 0.000000 0.000431 0.000283 0.000281 0.001890 0.000000 0.000000 0.000179 0.000700 0.000344 0.000768 0.000000 0.000000 0.000000 0.000439 0.001660 0.000000 0.000000 0.017462 0.000805 0.189999 0.004016 0.000000 0.000000 0.000000 0.000000 0.000000 0.000000 0.000000 0.000000 0.000000 0.000000 0.000000 0.000000 0.000000 0.000462 0.000351 0.000000 0.000000 0.000502 0.000000 0.000000 0.003813 0.003911 0.144369 0.000000 0.000000 0.000000 0.000000 0.000000 0.001346 0.001106 0.001925 0.000000 0.000000 0.000000 0.000671 0.000000 
0.000000 0.001362 0.000000 0.000000 0.000000 0.001220 0.000000 0.001606 0.009590 0.003718 0.006409 0.002971 0.001796 0.005107 0.001042 0.007295 0.030009 0.031595 0.093678 0.015572 0.000821 0.002519 0.001480 0.000000 0.009707 0.028608 0.020493 0.033911 0.000000 0.000000 0.000000 0.000000 0.006518 0.000000 0.015275 0.000711 0.000098 0.005126 0.000000 0.000000 0.026927 0.035326 0.123151 0.033697 0.001390 0.012649 0.017009 0.007824 0.000000 0.001898 0.001986 0.000000 0.000000 0.005444 0.000000 0.001607 0.028264 0.029070 0.016794 0.017263 0.001004 0.004182 0.001764 0.002835 0.052464 0.029798 0.071213 0.030824 0.000000 0.000000 0.000000 0.001436 0.000000 0.000000 0.000000 0.000000 0.000000 0.000000 0.000000 0.002044 0.003625 0.002374 0.000680 0.000000 0.001245 0.000692 0.000000 0.000000 0.017738 0.020641 0.041880 0.015024 0.000000 0.000000 0.000000 0.000000 
0.000000 0.000000 0.000000 0.000000 0.000000 0.001118 0.000000 0.000000 0.002792 0.000953 0.000000 0.001805 0.000000 0.000000 0.000000 0.004111 0.000000 0.007335 0.000000 0.004019 0.003885 0.013664 0.004881 0.055926 0.004013 0.000000 0.000000 0.000000 0.000000 0.000000 0.000000 0.000000 0.002693 0.004933 0.000000 0.002016 0.000000 0.008234 0.000000 0.026191 0.008555 0.050011 0.039316 0.072635 0.004842 0.036100 0.029063 0.275517 0.002498 0.000000 0.000000 0.000000 0.000410 0.000000 0.000000 0.000000 0.000000 0.000000 0.000000 0.001016 0.000000 0.002673 0.000000 0.005301 0.001054 0.012875 0.009182 0.007951 0.001344 0.010457 0.000000 0.069722 0.001252 0.000000 0.000000 0.001812 0.000000 0.000000 0.000000 0.002467 0.005194 0.006893 0.001585 0.004868 0.000000 0.003553 0.000000 0.009853 0.001026 0.018784 0.004296 0.009937 0.002612 0.026117 0.009367 0.101291 
0.000000 0.006708 0.000000 0.023257 0.000000 0.000000 0.000000 0.000675 0.030574 0.017961 0.091034 0.017760 0.000000 0.002236 0.000261 0.004804 0.000377 0.004172 0.005308 0.000000 0.000000 0.001421 0.001464 0.003644 0.015103 0.032893 0.004261 0.236839 0.000000 0.000000 0.000000 0.000000 0.002720 0.000000 0.071630 0.003343 0.000000 0.004698 0.000000 0.003201 0.000348 0.007796 0.006903 0.001925 0.000000 0.002270 0.002619 0.010373 0.003941 0.013785 0.000822 0.078571 0.000651 0.000000 0.000000 0.000256 0.048173 0.026334 0.073372 0.024555 0.000000 0.002446 0.000000 0.002551 0.000000 0.000000 0.003452 0.000000 0.000000 0.001317 0.000000 0.006423 0.000000 0.017332 0.000000 0.048572 0.000000 0.000000 0.000000 0.000000 0.003168 0.005615 0.000334 0.010098 0.000000 0.001483 0.000000 0.000000 0.000000 0.004098 0.004074 0.000000 0.000000 0.000000 0.000000 0.000000 
0.000000 0.001144 0.000000 0.008472 0.000463 0.000093 0.000000 0.000000 0.000000 0.003080 0.007248 0.004530 0.000000 0.000000 0.000000 0.001092 0.003243 0.004765 0.002906 0.003469 0.001251 0.003682 0.001437 0.014143 0.000000 0.000000 0.000000 0.008981 0.000000 0.000000 0.000000 0.000000 0.000000 0.000000 0.000210 0.002625 0.000000 0.000000 0.000000 0.000000 0.000000 0.000000 0.000000 0.000000 0.002055 0.000000 0.002273 0.006768 0.000000 0.001783 0.000000 0.007461 0.000000 0.000000 0.000000 0.000223 0.000000 0.013569 0.028603 0.018489 0.000000 0.000000 0.000000 0.000000 0.004975 0.010512 0.003115 0.010492 0.000662 0.001902 0.000000 0.000740 0.039506 0.008244 0.003860 0.292965 0.000000 0.000000 0.000000 0.000000 0.001781 0.018079 0.298193 0.037482 0.000000 0.000312 0.000000 0.001975 0.002488 0.007633 0.004938 0.007665 0.006351 0.009109 0.002058 0.070903 
0.001133 0.001186 0.000402 0.000715 0.002736 0.001087 0.000717 0.002376 0.003432 0.000000 0.004254 0.001243 0.000058 0.000556 0.000416 0.000000 0.000652 0.000591 0.000379 0.000390 0.000000 0.000000 0.000225 0.000000 0.001585 0.000705 0.000285 0.000000 0.004286 0.001002 0.000965 0.004217 0.006742 0.000000 0.007063 0.003649 0.000078 0.000411 0.000462 0.000242 0.000064 0.000301 0.000216 0.000000 0.000000 0.000000 0.000000 0.000000 0.001331 0.001213 0.000308 0.000906 0.001298 0.000899 0.000281 0.002260 0.007111 0.002081 0.004288 0.001898 0.000126 0.000261 0.000154 0.000103 0.000000 0.000000 0.000499 0.000000 0.000266 0.000000 0.000000 0.000000 0.026445 0.017782 0.006108 0.012998 0.164239 0.054635 0.019536 0.184788 0.227819 0.037774 0.058985 0.107884 0.000000 0.000171 0.000000 0.000000 0.000000 0.000582 0.000000 0.000000 0.000000 0.000000 0.000153 0.000000 
0.003325 0.000000 0.000000 0.000000 0.000000 0.000000 0.001161 0.000000 0.000000 0.031117 0.000000 0.017940 0.000000 0.000000 0.000458 0.000141 0.000000 0.000000 0.000000 0.001039 0.000000 0.000000 0.000000 0.000000 0.000000 0.000851 0.000584 0.007215 0.000000 0.000777 0.000484 0.001403 0.090743 0.346028 0.083121 0.213110 0.000000 0.000000 0.000000 0.000000 0.000000 0.000000 0.000000 0.000000 0.000000 0.000000 0.003218 0.000000 0.001221 0.000000 0.000000 0.000000 0.000000 0.000000 0.000270 0.000207 0.000000 0.043800 0.000000 0.010771 0.000000 0.000000 0.000000 0.000000 0.000000 0.000000 0.000000 0.000051 0.000000 0.000000 0.000000 0.000000 0.002306 0.001408 0.000000 0.000000 0.000000 0.000000 0.000000 0.000000 0.000000 0.075955 0.002311 0.055926 0.000000 0.000000 0.000000 0.000000 0.000000 0.000000 0.000000 0.000000 0.000000 0.000000 0.001850 0.001208 
0.000000 0.000470 0.000000 0.000000 0.000000 0.000000 0.000000 0.000000 0.061896 0.087307 0.016486 0.065603 0.000000 0.000000 0.000000 0.000000 0.000524 0.000000 0.000000 0.000000 0.000000 0.000000 0.000000 0.000000 0.000000 0.000000 0.000000 0.000000 0.000000 0.000000 0.000000 0.000000 0.031813 0.080042 0.000000 0.067140 0.000538 0.000000 0.000000 0.000692 0.000000 0.000000 0.000000 0.000000 0.000000 0.000000 0.000000 0.000000 0.000000 0.001361 0.000000 0.000000 0.000000 0.000000 0.000000 0.000000 0.116617 0.223163 0.017685 0.157870 0.000000 0.000000 0.000000 0.000000 0.000000 0.000000 0.000000 0.000000 0.000000 0.000000 0.000000 0.000000 0.000000 0.000000 0.000000 0.000000 0.000000 0.000000 0.000000 0.000486 0.022051 0.021645 0.004438 0.022003 0.000000 0.000000 0.000172 0.000000 0.000000 0.000000 0.000000 0.000000 0.000000 0.000000 0.000000 0.000000 
0.006887 0.011381 0.011190 0.005310 0.014256 0.009343 0.007720 0.012472 0.032362 0.027234 0.028518 0.029622 0.000000 0.004584 0.005397 0.000000 0.029856 0.011151 0.057236 0.039739 0.002605 0.004492 0.003677 0.003307 0.000875 0.000000 0.002630 0.000000 0.014293 0.018283 0.015727 0.015738 0.033120 0.030312 0.053662 0.039949 0.000000 0.002756 0.001904 0.002999 0.013523 0.002470 0.036439 0.021978 0.003981 0.005780 0.005855 0.000000 0.007784 0.007139 0.009148 0.006119 0.005956 0.005353 0.000000 0.008882 0.008422 0.000000 0.000000 0.020184 0.000000 0.000000 0.003164 0.001539 0.000000 0.008153 0.019642 0.020597 0.000000 0.000000 0.000000 0.000000 0.001861 0.007065 0.003505 0.000000 0.000000 0.011825 0.009647 0.006944 0.000000 0.025578 0.008782 0.017261 0.000000 0.003019 0.000643 0.003426 0.011150 0.008232 0.019166 0.019651 0.005741 0.007985 0.008220 0.007604 
0.040436 0.032473 0.026856 0.023200 0.007486 0.005223 0.003260 0.004033 0.001985 0.000000 0.000184 0.000000 0.000000 0.000488 0.001689 0.000000 0.002813 0.000000 0.000000 0.000000 0.000067 0.000000 0.000000 0.000000 0.104306 0.083825 0.070740 0.048493 0.008618 0.008756 0.009094 0.009662 0.018468 0.009419 0.005447 0.010614 0.000000 0.000000 0.003082 0.002588 0.000000 0.002597 0.000000 0.001771 0.000000 0.000163 0.001242 0.002290 0.051090 0.056732 0.042478 0.028524 0.006517 0.011646 0.009760 0.005075 0.007064 0.005720 0.000000 0.000000 0.000432 0.001554 0.001069 0.002062 0.007544 0.000000 0.000000 0.000000 0.000000 0.000000 0.000000 0.000000 0.046138 0.066559 0.035111 0.046662 0.000000 0.008861 0.001940 0.000000 0.000000 0.001905 0.002807 0.000661 0.000000 0.000000 0.000000 0.000000 0.000722 0.000000 0.000000 0.000000 0.000000 0.000000 0.000000 0.000000 
0.001893 0.006937 0.000000 0.001739 0.000000 0.000000 0.000000 0.000453 0.000000 0.000000 0.000000 0.000000 0.035255 0.024572 0.057276 0.022999 0.011744 0.001396 0.001236 0.000000 0.003161 0.000856 0.005286 0.000000 0.001605 0.000000 0.000000 0.000000 0.000000 0.000000 0.000000 0.000000 0.004194 0.011183 0.001757 0.006276 0.048298 0.074931 0.179883 0.057933 0.008307 0.002463 0.000000 0.002642 0.002049 0.000692 0.017450 0.001973 0.003087 0.006588 0.004340 0.003087 0.000000 0.000000 0.000717 0.000000 0.000000 0.000000 0.000000 0.000000 0.045848 0.028012 0.071206 0.021037 0.009456 0.001673 0.000000 0.000000 0.001572 0.000000 0.000000 0.000000 0.005827 0.008542 0.001492 0.003543 0.000000 0.001137 0.000000 0.000000 0.003065 0.007786 0.001687 0.001361 0.033157 0.036752 0.057297 0.030301 0.002831 0.000662 0.000000 0.000000 0.000429 0.002088 0.008424 0.000552 
0.000000 0.000000 0.000000 0.000000 0.000000 0.000000 0.000000 0.000000 0.000000 0.009877 0.000000 0.005672 0.000000 0.000624 0.000000 0.000000 0.000000 0.000223 0.000000 0.000560 0.000000 0.000000 0.000000 0.000000 0.000000 0.000000 0.001557 0.001380 0.000000 0.000000 0.000000 0.000000 0.047307 0.013607 0.018587 0.070364 0.000000 0.001136 0.000000 0.000921 0.000447 0.000846 0.000808 0.001748 0.000000 0.000657 0.000000 0.000000 0.000000 0.000000 0.000000 0.000269 0.000000 0.000000 0.000000 0.000000 0.000000 0.013443 0.000000 0.033498 0.000000 0.000423 0.000000 0.000000 0.000000 0.000000 0.000000 0.000000 0.000000 0.000000 0.000000 0.000000 0.000000 0.000000 0.000000 0.000000 0.000000 0.000000 0.000000 0.000000 0.221478 0.187759 0.269173 0.097638 0.000000 0.000000 0.000000 0.000000 0.000000 0.000000 0.000000 0.000000 0.000000 0.000000 0.000000 0.000000 
0.050278 0.010419 0.002319 0.006969 0.012066 0.013625 0.027382 0.007546 0.000000 0.000000 0.000000 0.000000 0.009026 0.002684 0.008360 0.002247 0.000000 0.026442 0.000000 0.000000 0.009215 0.006175 0.028169 0.003140 0.006526 0.000479 0.000000 0.000000 0.008392 0.000000 0.012767 0.011972 0.000000 0.007992 0.000000 0.000502 0.000000 0.000000 0.000000 0.006672 0.000680 0.076836 0.008909 0.014979 0.000000 0.005420 0.028434 0.001471 0.032354 0.024006 0.013973 0.018881 0.026733 0.043657 0.057166 0.031999 0.002939 0.000000 0.001075 0.005030 0.007356 0.009631 0.006497 0.005263 0.005653 0.023978 0.031288 0.000000 0.028726 0.054016 0.000000 0.046653 0.004882 0.000000 0.000000 0.000896 0.000000 0.003944 0.008187 0.000000 0.000000 0.006796 0.002657 0.000939 0.000000 0.001301 0.002503 0.003296 0.000000 0.032721 0.005339 0.000000 0.003506 0.009011 0.014181 0.004874 
0.000000 0.000865 0.000000 0.001000 0.000000 0.000462 0.000000 0.000507 0.000000 0.030748 0.000000 0.000616 0.002987 0.000960 0.001768 0.008154 0.000000 0.000000 0.000000 0.000000 0.000672 0.000889 0.002639 0.000000 0.007319 0.002534 0.001803 0.000000 0.000162 0.000000 0.002272 0.000000 0.081293 0.048690 0.012073 0.001350 0.000000 0.000315 0.000000 0.002076 0.001451 0.000000 0.000000 0.007140 0.000203 0.000344 0.000000 0.000000 0.000000 0.000000 0.000000 0.000000 0.000000 0.000501 0.000000 0.000000 0.000000 0.017929 0.002223 0.000000 0.000000 0.000000 0.000000 0.001589 0.000000 0.000000 0.000000 0.020460 0.000000 0.000000 0.000000 0.000534 0.002009 0.007010 0.001188 0.000000 0.000000 0.002276 0.000723 0.000000 0.061298 0.457443 0.074063 0.090678 0.002356 0.003261 0.001324 0.010904 0.004671 0.003589 0.004729 0.005050 0.000851 0.002047 0.000000 0.000000 
0.000000 0.000000 0.000000 0.000000 0.000000 0.000978 0.000000 0.000917 0.000000 0.003546 0.000000 0.000000 0.010792 0.027574 0.000000 0.004773 0.039288 0.022975 0.000000 0.025534 0.001360 0.003445 0.000490 0.002658 0.001053 0.000000 0.000000 0.000000 0.000000 0.000000 0.000000 0.000000 0.000000 0.010768 0.001200 0.002092 0.000000 0.000000 0.000000 0.000000 0.019825 0.000000 0.000000 0.014874 0.001535 0.000000 0.000000 0.000000 0.000000 0.000000 0.000000 0.001527 0.001032 0.000000 0.000000 0.000000 0.000000 0.048537 0.000000 0.018570 0.000000 0.014070 0.000000 0.001746 0.169611 0.104838 0.097383 0.131718 0.000000 0.000000 0.000000 0.000000 0.000000 0.000576 0.000000 0.000000 0.000000 0.000000 0.000000 0.000000 0.011572 0.016103 0.007982 0.013878 0.002536 0.005887 0.001398 0.002023 0.046484 0.043008 0.018148 0.038422 0.000414 0.003308 0.001546 0.002007 
0.000257 0.000109 0.000000 0.000000 0.000000 0.000000 0.000000 0.000104 0.000399 0.000571 0.000102 0.000000 0.000000 0.000000 0.000000 0.000104 0.000000 0.000570 0.000109 0.000000 0.000000 0.000000 0.000275 0.000000 0.000000 0.000000 0.000000 0.000000 0.000091 0.000000 0.000000 0.000000 0.000000 0.000268 0.000118 0.000136 0.000000 0.000000 0.000000 0.000000 0.000000 0.036330 0.000000 0.000409 0.000000 0.000000 0.000465 0.000112 0.000264 0.000000 0.000000 0.000000 0.000000 0.000108 0.000394 0.000102 0.000106 0.000000 0.001056 0.000000 0.000000 0.000000 0.000000 0.000000 0.000000 0.000000 0.000000 0.000000 0.034542 0.021153 0.882319 0.016432 0.000000 0.000000 0.000000 0.000000 0.000000 0.000000 0.000000 0.000000 0.000391 0.000256 0.000399 0.000002 0.000000 0.000000 0.000000 0.000000 0.000000 0.001403 0.000270 0.000000 0.000000 0.000273 0.000000 0.000000 
0.003050 0.006177 0.015806 0.000000 0.074854 0.000000 0.022303 0.000000 0.421891 0.108511 0.246334 0.065332 0.000000 0.014175 0.000000 0.017113 0.004453 
0.056562 0.131526 0.000268 0.018588 0.013910 0.722982 0.002725 0.000000 0.000000 0.000000 0.019116 0.008561 0.025076 0.000000 0.000000 0.000002 0.000683 
0.200124 0.460607 0.175339 0.018582 0.087217 0.005135 0.001962 0.011408 0.026471 0.000000 0.000047 0.007195 0.000000 0.004938 0.000000 0.000001 0.000974 
0.182104 0.645613 0.118220 0.017488 0.006120 0.000000 0.001415 0.023938 0.000000 0.000000 0.000138 0.004959 0.000000 0.000000 0.000000 0.000004 0.000000 
0.205345 0.547635 0.071230 0.000001 0.120883 0.000000 0.005749 0.015048 0.000000 0.022818 0.007216 0.004070 0.000000 0.000000 0.000000 0.000004 0.000000 
0.036795 0.019421 0.000344 0.120542 0.029963 0.000000 0.041983 0.000001 0.000000 0.265444 0.220476 0.079147 0.000000 0.000000 0.000000 0.185884 0.000000 
0.201958 0.615940 0.051499 0.000000 0.042211 0.000000 0.002873 0.000000 0.041074 0.020155 0.010635 0.006587 0.000000 0.000000 0.000000 0.007067 0.000000 
0.220956 0.432747 0.102394 0.000000 0.054181 0.017208 0.000027 0.025163 0.072839 0.021521 0.026665 0.006761 0.000000 0.000000 0.000000 0.019536 0.000000 
0.136548 0.666392 0.081969 0.006507 0.053815 0.000000 0.008001 0.004139 0.000000 0.000000 0.023150 0.003783 0.000000 0.004012 0.000000 0.011682 0.000000 
0.195916 0.547642 0.091671 0.000001 0.068237 0.000000 0.000026 0.012418 0.000000 0.000000 0.025271 0.000007 0.000000 0.000000 0.009955 0.048855 0.000000 
0.164351 0.493375 0.109039 0.004046 0.089238 0.000000 0.001780 0.000000 0.063652 0.000000 0.027136 0.002921 0.000000 0.000000 0.000000 0.044035 0.000427 
0.067630 0.197087 0.145488 0.000001 0.000407 0.000000 0.051676 0.045636 0.000000 0.328719 0.093368 0.010616 0.000000 0.058140 0.000000 0.000003 0.001229 
0.001490 0.013242 0.000274 0.022832 0.017206 0.000000 0.721123 0.000001 0.000000 0.000001 0.012630 0.000014 0.091154 0.000000 0.101555 0.013269 0.005208 
0.040374 0.161858 0.034466 0.017402 0.032533 0.007215 0.004607 0.063653 0.046105 0.376807 0.051065 0.029411 0.033891 0.079146 0.000000 0.021413 0.000053 
0.067037 0.222447 0.063073 0.004633 0.012865 0.005997 0.014888 0.051604 0.030727 0.325410 0.033160 0.017310 0.089833 0.034659 0.000000 0.022396 0.003961 
0.033260 0.189436 0.079373 0.002304 0.014948 0.009514 0.021913 0.029712 0.040912 0.379588 0.044173 0.038522 0.055373 0.035376 0.000000 0.023265 0.002331 
0.031891 0.275092 0.095721 0.019041 0.010741 0.001890 0.028409 0.030775 0.033727 0.314285 0.012925 0.009651 0.056124 0.046796 0.000000 0.032879 0.000053 
0.063922 0.171994 0.076516 0.012070 0.026887 0.007747 0.043037 0.024433 0.020205 0.397594 0.017058 0.019696 0.046565 0.051893 0.000000 0.020339 0.000045 
0.040589 0.235446 0.045808 0.010553 0.019218 0.033332 0.016840 0.031944 0.041583 0.370987 0.013513 0.026867 0.042057 0.047737 0.000000 0.022111 0.001416 
0.019548 0.133891 0.039927 0.002810 0.078367 0.023440 0.044481 0.019014 0.010350 0.296701 0.184109 0.023982 0.025781 0.063473 0.000000 0.026940 0.007186 
0.023460 0.151115 0.030843 0.008288 0.023742 0.004117 0.048247 0.046723 0.058911 0.341522 0.065547 0.031224 0.067992 0.063712 0.000000 0.022590 0.011967 
0.020417 0.129569 0.147607 0.020461 0.011121 0.011988 0.032110 0.013244 0.031991 0.377309 0.008491 0.031785 0.029561 0.095341 0.000000 0.032193 0.006810 
0.031274 0.134535 0.037017 0.004039 0.051908 0.059662 0.020802 0.022409 0.029627 0.312842 0.099741 0.040113 0.052132 0.062656 0.000000 0.031260 0.009980 
0.046585 0.156922 0.048505 0.007100 0.010739 0.004584 0.018220 0.017881 0.019286 0.401884 0.085020 0.019921 0.058590 0.088097 0.000000 0.016626 0.000041 
0.000000 0.000000 0.000000 0.000000 0.000000 0.029444 0.931360 0.000000 0.000000 0.000000 0.000000 0.000000 0.000000 0.000000 0.039196 0.000000 0.000000 
0.000000 0.075765 0.384917 0.000000 0.000000 0.030934 0.447358 0.000000 0.000000 0.030594 0.000000 0.000000 0.000000 0.000000 0.030432 0.000000 0.000000 
0.000000 0.216422 0.000000 0.000000 0.000000 0.025963 0.251682 0.000000 0.000000 0.325850 0.120172 0.059900 0.000000 0.000000 0.000011 0.000000 0.000000 
0.000000 0.000000 0.000000 0.000000 0.000000 0.000000 0.929909 0.000000 0.000000 0.000000 0.000000 0.000000 0.000000 0.000000 0.067151 0.000000 0.002939 
0.000000 0.000000 0.012569 0.008544 0.024271 0.000000 0.915053 0.000000 0.000000 0.000000 0.000000 0.000000 0.000000 0.000000 0.039562 0.000000 0.000000 
0.000000 0.000000 0.000000 0.000000 0.000000 0.000000 0.001485 0.000000 0.000000 0.000000 0.000000 0.000000 0.000000 0.000000 0.000002 0.000000 0.998513 
0.000000 0.000000 0.000000 0.000000 0.073218 0.016221 0.081256 0.000000 0.103024 0.258933 0.114248 0.099281 0.000000 0.219583 0.032262 0.000000 0.001975 
0.082925 0.116940 0.325917 0.000000 0.171381 0.000000 0.001812 0.000000 0.201247 0.000000 0.029315 0.019122 0.000000 0.000000 0.000004 0.051338 0.000000 
0.000000 0.000000 0.000000 0.000000 0.000000 0.000000 0.000739 0.000000 0.000000 0.000000 0.000000 0.000000 0.000000 0.000000 0.000001 0.000000 0.999260 
0.000000 0.000000 0.000000 0.002128 0.000000 0.013415 0.946655 0.000000 0.000000 0.000000 0.000000 0.000000 0.000000 0.000000 0.037465 0.000000 0.000337 
0.000000 0.000000 0.000000 0.012850 0.000000 0.017813 0.888888 0.000000 0.000000 0.000000 0.000000 0.000000 0.000000 0.000000 0.080449 0.000000 0.000000 
0.000000 0.045218 0.000000 0.012130 0.024614 0.874138 0.000344 0.000000 0.000000 0.000000 0.014787 0.003445 0.019709 0.000000 0.000001 0.005051 0.000562 
0.133557 0.147680 0.293256 0.000000 0.104032 0.016440 0.004756 0.000000 0.186891 0.000000 0.047975 0.000000 0.021331 0.000000 0.006383 0.035035 0.002665 
0.000000 0.000000 0.000000 0.000000 0.000000 0.003402 0.967589 0.000000 0.000000 0.000000 0.000000 0.000000 0.000000 0.000000 0.029009 0.000000 0.000000 
0.121404 0.192735 0.370376 0.016460 0.145792 0.000000 0.039229 0.014917 0.000000 0.063057 0.000000 0.000000 0.000000 0.019286 0.014014 0.000000 0.002730 
0.046074 0.229092 0.000000 0.000000 0.012745 0.010455 0.060275 0.000000 0.043262 0.475622 0.000000 0.040572 0.000000 0.042619 0.021843 0.004361 0.013080 
0.000000 0.000000 0.000000 0.000000 0.000000 0.008708 0.946336 0.000000 0.000000 0.000000 0.000000 0.000000 0.000000 0.000000 0.044957 0.000000 0.000000 
0.000000 0.000000 0.000000 0.000000 0.000000 0.048541 0.862323 0.000000 0.000000 0.000000 0.000000 0.000000 0.000000 0.000000 0.089136 0.000000 0.000000 
0.000000 0.000000 0.000000 0.007482 0.000000 0.000000 0.901697 0.000000 0.019562 0.000000 0.000000 0.000000 0.000000 0.000000 0.071258 0.000000 0.000000 
0.015462 0.000000 0.000000 0.001490 0.039059 0.000000 0.012441 0.000000 0.528597 0.090446 0.000000 0.019213 0.202426 0.000000 0.085953 0.000000 0.004913 
0.151926 0.126136 0.348202 0.000000 0.099268 0.020202 0.000094 0.000000 0.135145 0.035313 0.000000 0.011795 0.000000 0.000000 0.000003 0.070701 0.001216 
0.000000 0.000000 0.000000 0.000000 0.040466 0.000000 0.851674 0.000000 0.000000 0.000000 0.000000 0.000000 0.000000 0.000000 0.102861 0.004998 0.000000 
0.000000 0.000000 0.000000 0.000000 0.000000 0.000000 0.962273 0.000000 0.000000 0.000000 0.000000 0.000000 0.000000 0.000000 0.037727 0.000000 0.000000 
0.000000 0.000000 0.000000 0.000000 0.044043 0.000001 0.836678 0.000000 0.000000 0.000000 0.000000 0.000000 0.000000 0.051954 0.067324 0.000000 0.000000 
0.000000 0.000000 0.000000 0.046646 0.000000 0.032417 0.818736 0.000000 0.000000 0.000000 0.000000 0.032060 0.000000 0.000000 0.070140 0.000000 0.000000 
0.042702 0.000000 0.059757 0.000000 0.092190 0.023969 0.615418 0.000000 0.068213 0.000000 0.000000 0.016274 0.000000 0.000000 0.061202 0.019135 0.001140 
0.000000 0.000000 0.000000 0.000000 0.010586 0.000000 0.958131 0.000000 0.000000 0.000000 0.000000 0.000000 0.000000 0.000000 0.031283 0.000000 0.000000 
0.000000 0.000000 0.709858 0.019996 0.000000 0.028630 0.018818 0.000000 0.000000 0.117362 0.000000 0.077883 0.000000 0.026565 0.000002 0.000000 0.000886 
0.041561 0.142067 0.306782 0.010396 0.059255 0.015689 0.056794 0.000000 0.061591 0.170260 0.043093 0.062593 0.000000 0.023580 0.000004 0.000000 0.006336 
0.000000 0.000000 0.000000 0.014359 0.000000 0.000000 0.921148 0.000000 0.000000 0.000000 0.025438 0.000000 0.000000 0.000000 0.034705 0.000000 0.004350 
0.000000 0.000000 0.000000 0.000000 0.000000 0.024676 0.920155 0.000000 0.000000 0.000000 0.000000 0.000000 0.000000 0.000000 0.055169 0.000000 0.000000 
0.000000 0.000000 0.000000 0.000000 0.000000 0.003359 0.944000 0.000000 0.000000 0.000000 0.000000 0.000000 0.000000 0.000000 0.052642 0.000000 0.000000 
0.000000 0.000000 0.011047 0.000000 0.000000 0.043279 0.879818 0.000000 0.000000 0.000000 0.000000 0.000000 0.000000 0.000000 0.065856 0.000000 0.000000 
0.007911 0.004294 0.009036 0.000000 0.000000 0.004800 0.903886 0.000000 0.000000 0.000000 0.000000 0.000000 0.040750 0.000000 0.029323 0.000000 0.000000 
0.033740 0.066331 0.032585 0.003784 0.000000 0.000000 0.794955 0.000000 0.000000 0.000000 0.000000 0.000000 0.012156 0.000000 0.056450 0.000000 0.000000 
0.027861 0.020273 0.000001 0.000000 0.000000 0.000000 0.749947 0.000000 0.000000 0.000000 0.000000 0.000000 0.174723 0.000000 0.027195 0.000000 0.000000 
0.026967 0.147666 0.083733 0.004291 0.000000 0.000000 0.456246 0.000000 0.000000 0.000000 0.000000 0.000000 0.195240 0.047590 0.038266 0.000000 0.000000 
0.000000 0.099346 0.000003 0.015866 0.000000 0.000000 0.798000 0.000000 0.030677 0.000000 0.000000 0.000000 0.000001 0.000000 0.056106 0.000000 0.000000 
0.009526 0.006800 0.000000 0.000000 0.003330 0.000000 0.940771 0.000000 0.000000 0.000000 0.000000 0.000000 0.000000 0.000000 0.039572 0.000000 0.000000 
0.030242 0.017710 0.019516 0.000000 0.030897 0.000000 0.682283 0.000000 0.000000 0.000000 0.000000 0.000000 0.184812 0.000000 0.034540 0.000000 0.000000 
0.000000 0.033280 0.121539 0.020365 0.000000 0.000000 0.271288 0.021521 0.033069 0.279977 0.000000 0.026046 0.000000 0.127865 0.000532 0.061042 0.003478 
0.000000 0.079705 0.162970 0.006194 0.000000 0.000000 0.065170 0.000000 0.044001 0.401745 0.000000 0.048870 0.000000 0.104205 0.000455 0.078404 0.008281 
0.000000 0.080048 0.000001 0.007489 0.000000 0.023892 0.776108 0.000000 0.000000 0.000000 0.000000 0.000000 0.000000 0.000000 0.105420 0.007039 0.000000 
0.000000 0.052475 0.039525 0.000000 0.088892 0.000000 0.533218 0.000000 0.000000 0.000000 0.114538 0.043640 0.000001 0.052117 0.073207 0.000000 0.002386 
0.013611 0.029487 0.031865 0.000000 0.000000 0.000000 0.896169 0.000000 0.000000 0.000000 0.000000 0.000000 0.000001 0.000000 0.028867 0.000000 0.000000 
0.033444 0.013786 0.000001 0.000000 0.031917 0.000000 0.811687 0.000000 0.000000 0.000000 0.000000 0.000000 0.087491 0.000000 0.021674 0.000000 0.000000 
0.000000 0.000101 0.000000 0.000000 0.000000 0.029178 0.911828 0.000000 0.000000 0.000000 0.000000 0.000000 0.000000 0.000000 0.057761 0.000000 0.001131 
0.041808 0.043163 0.000000 0.094744 0.024477 0.718178 0.003037 0.000000 0.000000 0.000000 0.000000 0.002185 0.000000 0.032642 0.000164 0.032173 0.007428 
0.000000 0.026470 0.011663 0.000000 0.010961 0.000000 0.904618 0.000000 0.000000 0.000000 0.000000 0.000000 0.000000 0.000000 0.046289 0.000000 0.000000 
0.000000 0.006716 0.000001 0.000000 0.021421 0.000000 0.909995 0.000000 0.000000 0.000000 0.000000 0.000000 0.000000 0.000000 0.061867 0.000000 0.000000 
0.011981 0.036790 0.000001 0.000000 0.009611 0.013260 0.680956 0.000000 0.000000 0.000000 0.000000 0.000000 0.200996 0.000000 0.044593 0.000000 0.001811 
0.000000 0.023954 0.007097 0.005021 0.001538 0.000000 0.870039 0.000000 0.000000 0.000000 0.000000 0.000000 0.042380 0.000000 0.049970 0.000000 0.000000 
0.044227 0.051421 0.000001 0.000000 0.016526 0.000000 0.788490 0.000000 0.000000 0.000000 0.000000 0.000000 0.000001 0.000000 0.099334 0.000000 0.000000 
0.000000 0.000153 0.000000 0.001458 0.000000 0.000000 0.959867 0.000000 0.000000 0.000000 0.000000 0.000000 0.000000 0.000000 0.038521 0.000000 0.000000 
0.000000 0.046901 0.012211 0.002551 0.000000 0.014576 0.783837 0.000000 0.000000 0.000000 0.000000 0.000000 0.000000 0.000000 0.139923 0.000000 0.000000 
0.000000 0.070621 0.000001 0.000000 0.000000 0.006180 0.710320 0.000000 0.000000 0.000000 0.000000 0.000000 0.180686 0.000000 0.032190 0.000000 0.000000 
0.000000 0.037454 0.019921 0.000000 0.020028 0.033853 0.695333 0.000000 0.000000 0.000000 0.000000 0.000000 0.192619 0.000000 0.000791 0.000000 0.000000 
0.000000 0.113509 0.046164 0.011705 0.000000 0.000000 0.716449 0.000000 0.000000 0.000000 0.000000 0.000000 0.000001 0.000000 0.112172 0.000000 0.000000 
0.000000 0.000045 0.000000 0.003287 0.000000 0.000000 0.922927 0.000000 0.000000 0.000000 0.000000 0.000000 0.035871 0.000000 0.037870 0.000000 0.000000 
0.004642 0.030684 0.013744 0.000000 0.012065 0.000000 0.741050 0.000000 0.000000 0.000000 0.000000 0.000000 0.123370 0.000000 0.072871 0.000000 0.001575 
0.018102 0.065955 0.009937 0.026077 0.000834 0.864902 0.002539 0.000000 0.000801 0.000004 0.010007 0.000001 0.000000 0.000000 0.000000 0.000000 0.000839 
0.058587 0.226368 0.264262 0.000000 0.104916 0.054717 0.008892 0.000000 0.112065 0.024260 0.062695 0.080838 0.000000 0.000000 0.000000 0.000000 0.002400 
0.106211 0.259863 0.265811 0.000000 0.151589 0.000001 0.017700 0.000000 0.107794 0.000010 0.068460 0.022560 0.000000 0.000000 0.000000 0.000000 0.000000 
0.172143 0.242448 0.216996 0.000000 0.158892 0.015594 0.000000 0.000000 0.124388 0.016017 0.039579 0.000003 0.000000 0.013940 0.000000 0.000000 0.000000 
0.115112 0.359837 0.209421 0.000000 0.125197 0.000001 0.000000 0.000000 0.117199 0.057307 0.012855 0.000002 0.000000 0.000000 0.000000 0.000000 0.003067 
0.052627 0.071923 0.012768 0.040936 0.001544 0.726922 0.000000 0.013251 0.000616 0.000002 0.021878 0.000002 0.000000 0.000000 0.000000 0.056492 0.001037 
0.084714 0.366431 0.240287 0.000000 0.082930 0.023245 0.000000 0.000000 0.071510 0.094663 0.036215 0.000005 0.000000 0.000000 0.000000 0.000000 0.000000 
0.143393 0.622295 0.103577 0.004270 0.066428 0.000000 0.001832 0.000000 0.022008 0.008891 0.008789 0.008825 0.000000 0.000000 0.000000 0.009692 0.000000 
0.119754 0.343836 0.136229 0.000000 0.088013 0.000001 0.000000 0.000000 0.213468 0.044822 0.018073 0.000018 0.000000 0.035787 0.000000 0.000000 0.000000 
0.187119 0.069131 0.031957 0.000000 0.530727 0.038143 0.000172 0.003964 0.085537 0.000000 0.004296 0.000000 0.000000 0.000000 0.009549 0.039154 0.000250 
0.046649 0.092510 0.558628 0.025994 0.012066 0.009716 0.000000 0.000000 0.001002 0.056736 0.000381 0.051557 0.000000 0.007421 0.000000 0.135723 0.001619 
0.050987 0.065274 0.017618 0.040528 0.038450 0.719420 0.000617 0.006315 0.000119 0.000000 0.005024 0.000000 0.005689 0.003705 0.000000 0.044449 0.001804 
0.058581 0.037098 0.010208 0.000000 0.526795 0.159943 0.000192 0.000000 0.146339 0.000000 0.006044 0.000000 0.011804 0.000000 0.018306 0.023593 0.001097 
0.094140 0.164391 0.215803 0.000000 0.142901 0.058783 0.015136 0.000000 0.150837 0.079083 0.057816 0.021108 0.000000 0.000000 0.000000 0.000000 0.000000 
0.070908 0.333861 0.265594 0.000000 0.119254 0.011174 0.000000 0.000000 0.065630 0.044598 0.051929 0.022387 0.014665 0.000000 0.000000 0.000000 0.000000 
0.091362 0.272010 0.277877 0.000000 0.152313 0.000001 0.000000 0.000000 0.131345 0.016364 0.030104 0.011905 0.011295 0.000000 0.000000 0.000000 0.005424 
0.024398 0.116632 0.003256 0.011550 0.005111 0.000001 0.472048 0.000000 0.002038 0.000012 0.249367 0.053630 0.000000 0.032602 0.000000 0.026877 0.002478 
0.100171 0.273097 0.173286 0.000000 0.153346 0.024520 0.000000 0.000000 0.212044 0.000008 0.046324 0.000008 0.000000 0.015416 0.000000 0.000000 0.001780 
0.147191 0.205990 0.012741 0.005381 0.135569 0.403659 0.000478 0.010704 0.000067 0.000000 0.004829 0.000485 0.018665 0.000000 0.019101 0.034256 0.000882 
0.062942 0.354739 0.163695 0.000000 0.052755 0.000001 0.012619 0.000000 0.182505 0.110930 0.041058 0.000002 0.000000 0.018753 0.000000 0.000000 0.000000 
0.095707 0.313859 0.176965 0.000000 0.115584 0.000001 0.000000 0.000000 0.208153 0.058873 0.017252 0.012452 0.000000 0.000000 0.000000 0.000000 0.001153 
0.127433 0.353747 0.149261 0.000000 0.087359 0.000001 0.004392 0.000000 0.157075 0.049915 0.001546 0.028194 0.041076 0.000000 0.000000 0.000000 0.000000 
0.000464 0.041188 0.001818 0.020321 0.034122 0.869643 0.000000 0.005812 0.002236 0.000000 0.020248 0.003462 0.000000 0.000000 0.000000 0.000000 0.000687 
0.068536 0.217957 0.247463 0.000000 0.129352 0.018936 0.000000 0.000000 0.149910 0.018167 0.037049 0.044753 0.000000 0.017431 0.000000 0.050446 0.000000 
0.032996 0.160627 0.264499 0.010440 0.105394 0.000001 0.000000 0.000000 0.157270 0.000004 0.021293 0.020704 0.019569 0.029565 0.000000 0.174244 0.003395 
0.093321 0.231946 0.277741 0.000000 0.137834 0.000001 0.023475 0.000000 0.171429 0.017473 0.032602 0.011945 0.000000 0.000000 0.000000 0.000000 0.002233 
0.172603 0.322471 0.189068 0.000000 0.092779 0.011458 0.000000 0.000000 0.077810 0.083099 0.049137 0.000006 0.000000 0.000000 0.000000 0.000000 0.001568 
0.000203 0.037715 0.036468 0.050393 0.014565 0.840922 0.000000 0.000720 0.000093 0.000000 0.014211 0.003936 0.000000 0.000000 0.000000 0.000000 0.000774 
0.458161 0.224096 0.017559 0.000000 0.140091 0.005977 0.000000 0.000000 0.134894 0.004613 0.000086 0.000000 0.000000 0.002561 0.003520 0.008441 0.000000 
0.166396 0.139394 0.286318 0.020878 0.130462 0.000001 0.000000 0.000000 0.127268 0.018070 0.058808 0.014769 0.037637 0.000000 0.000000 0.000000 0.000000 
0.052068 0.502123 0.096148 0.007767 0.123039 0.000001 0.000000 0.000000 0.104147 0.009861 0.080040 0.013786 0.011022 0.000000 0.000000 0.000000 0.000000 
0.011274 0.037215 0.015676 0.021298 0.065988 0.807097 0.000000 0.000000 0.011838 0.000000 0.016378 0.001712 0.007197 0.000000 0.000000 0.003660 0.000667 
0.079231 0.257012 0.196771 0.000000 0.163703 0.029037 0.000000 0.000000 0.209097 0.039342 0.018334 0.000006 0.000000 0.007467 0.000000 0.000000 0.000000 
0.111191 0.208048 0.144546 0.020127 0.173825 0.000001 0.003673 0.000000 0.074877 0.109999 0.101379 0.007555 0.044778 0.000000 0.000000 0.000000 0.000000 
0.015070 0.292243 0.181728 0.000000 0.107020 0.000001 0.000000 0.000000 0.226530 0.022336 0.098146 0.022230 0.000000 0.000000 0.000000 0.033143 0.001554 
0.128849 0.308323 0.214006 0.012064 0.131557 0.000000 0.008119 0.000000 0.089249 0.038346 0.043814 0.000004 0.015045 0.009058 0.000000 0.000000 0.001567 
0.128016 0.137464 0.021837 0.018286 0.209170 0.295633 0.001037 0.029049 0.034811 0.013203 0.000050 0.000000 0.022282 0.002474 0.012756 0.072465 0.001466 
0.097681 0.124030 0.482023 0.029588 0.001394 0.000001 0.000000 0.055280 0.000998 0.000008 0.012141 0.046121 0.000000 0.027203 0.000000 0.120240 0.003291 
0.119735 0.350611 0.288539 0.000000 0.060766 0.006511 0.000000 0.000000 0.132828 0.007943 0.018767 0.014300 0.000000 0.000000 0.000000 0.000000 0.000000 
0.124127 0.305636 0.198030 0.000000 0.086035 0.000001 0.000000 0.000000 0.136189 0.035348 0.051459 0.023046 0.040130 0.000000 0.000000 0.000000 0.000000 
0.015780 0.071553 0.006831 0.028593 0.000415 0.844864 0.002946 0.005404 0.002185 0.008696 0.010755 0.001977 0.000000 0.000000 0.000000 0.000000 0.000000 
0.053083 0.140777 0.101526 0.000000 0.109941 0.000002 0.000000 0.000000 0.018080 0.000011 0.576578 0.000002 0.000000 0.000000 0.000000 0.000000 0.000000 
0.003300 0.032356 0.001915 0.003402 0.000492 0.000001 0.886991 0.000000 0.012114 0.013378 0.000144 0.000003 0.000000 0.000000 0.045904 0.000000 0.000000 
0.080979 0.390312 0.202296 0.000000 0.152535 0.000001 0.000000 0.000000 0.128381 0.000009 0.000769 0.016773 0.000000 0.009710 0.018235 0.000000 0.000000 
0.160095 0.641378 0.139564 0.000000 0.024187 0.000000 0.000000 0.000000 0.018128 0.000004 0.008672 0.007971 0.000000 0.000000 0.000000 0.000000 0.000000 
0.097268 0.257129 0.298189 0.000000 0.078053 0.000001 0.016138 0.000000 0.174932 0.021867 0.043297 0.000006 0.000000 0.011644 0.000000 0.000000 0.001478 
0.032478 0.204161 0.488364 0.000000 0.079955 0.000001 0.000000 0.000000 0.109549 0.031930 0.033965 0.000007 0.000000 0.018565 0.000000 0.000000 0.001025 
0.040201 0.318467 0.284658 0.000000 0.072378 0.000001 0.000000 0.000000 0.164066 0.021527 0.040693 0.040180 0.000000 0.017828 0.000000 0.000000 0.000000 
0.055628 0.328465 0.202651 0.000000 0.121028 0.000002 0.000000 0.000000 0.158652 0.067235 0.034979 0.000004 0.020341 0.005816 0.000000 0.000000 0.005199 
0.118848 0.341143 0.181103 0.000000 0.074781 0.000001 0.007897 0.000000 0.125985 0.032469 0.078175 0.000011 0.000000 0.033115 0.000000 0.000000 0.006470 
0.067782 0.340054 0.216920 0.000000 0.116195 0.000001 0.008577 0.000000 0.179481 0.000009 0.070976 0.000005 0.000000 0.000000 0.000000 0.000000 0.000000 
0.041325 0.183169 0.209236 0.008890 0.061707 0.000001 0.229484 0.000000 0.167736 0.013127 0.027855 0.030986 0.000000 0.000000 0.025416 0.000000 0.001071 
0.155828 0.162301 0.308458 0.000000 0.168914 0.000001 0.002655 0.000000 0.102108 0.021793 0.014658 0.000004 0.017585 0.038507 0.000000 0.000000 0.007189 
0.022605 0.059793 0.003181 0.013177 0.013913 0.842597 0.000772 0.000000 0.004904 0.000002 0.030345 0.007565 0.000000 0.000000 0.000000 0.000000 0.001147 
0.148382 0.114073 0.094582 0.000000 0.130456 0.000001 0.037637 0.000000 0.119911 0.157195 0.085734 0.033466 0.000000 0.000000 0.031569 0.045174 0.001818 
0.095041 0.335359 0.206465 0.000000 0.154852 0.000001 0.000000 0.000000 0.138806 0.008072 0.041519 0.007368 0.007937 0.004580 0.000000 0.000000 0.000000 
0.211447 0.290399 0.221605 0.000000 0.080345 0.000001 0.000000 0.000000 0.109818 0.024898 0.034375 0.010467 0.015062 0.000000 0.000000 0.000000 0.001581 
0.213770 0.472115 0.053402 0.000000 0.040935 0.124706 0.006386 0.002168 0.000739 0.061284 0.018234 0.006261 0.000000 0.000000 0.000000 0.000000 0.000000 
0.003670 0.024924 0.004719 0.029035 0.075170 0.829831 0.000000 0.006734 0.000104 0.000000 0.015181 0.003335 0.003642 0.000000 0.000000 0.002834 0.000820 
0.000321 0.024019 0.678703 0.092641 0.006345 0.101862 0.001309 0.039620 0.000096 0.000002 0.027789 0.024756 0.000000 0.000000 0.000000 0.000000 0.002537 
0.125259 0.458134 0.163908 0.012217 0.071666 0.000001 0.000000 0.000000 0.088001 0.000006 0.057797 0.023011 0.000000 0.000000 0.000000 0.000000 0.000000 
0.085771 0.315346 0.134981 0.000000 0.149864 0.022877 0.012183 0.000000 0.107609 0.079954 0.033288 0.015271 0.000000 0.000000 0.000000 0.042856 0.000000 
0.016192 0.092891 0.024206 0.007805 0.026373 0.787181 0.000000 0.009324 0.000360 0.000000 0.014964 0.002005 0.018278 0.000000 0.000000 0.000000 0.000421 
0.092581 0.332285 0.172276 0.009413 0.104152 0.000001 0.008673 0.000000 0.151794 0.074658 0.038888 0.015280 0.000000 0.000000 0.000000 0.000000 0.000000 
0.118988 0.357595 0.200995 0.000000 0.117774 0.000001 0.000000 0.000000 0.142986 0.000009 0.026879 0.000006 0.000000 0.034767 0.000000 0.000000 0.000000 
0.104249 0.302541 0.215315 0.000000 0.116943 0.000001 0.015187 0.000000 0.176396 0.019064 0.041755 0.005360 0.000000 0.000000 0.000000 0.000000 0.003188 
0.162885 0.136289 0.024043 0.006689 0.205381 0.326373 0.000000 0.000000 0.078721 0.000000 0.008002 0.001861 0.000000 0.000000 0.022530 0.026266 0.000959 
0.116325 0.321585 0.148712 0.000000 0.054820 0.000000 0.006421 0.000000 0.081545 0.007307 0.008402 0.025477 0.000000 0.000000 0.000000 0.228887 0.000519 
0.072648 0.162330 0.293431 0.028086 0.093479 0.013875 0.005524 0.000000 0.251584 0.000008 0.031059 0.000005 0.000000 0.000000 0.000000 0.044628 0.003344 
0.080480 0.315294 0.247400 0.000000 0.098018 0.000001 0.010829 0.000000 0.160781 0.000006 0.057149 0.000002 0.000000 0.028754 0.000000 0.000000 0.001286 
0.132085 0.633648 0.066209 0.000000 0.098764 0.000000 0.000000 0.000000 0.054285 0.009841 0.000287 0.001422 0.002647 0.000000 0.000000 0.000000 0.000810 
0.183958 0.374109 0.173862 0.000000 0.061625 0.000001 0.000000 0.000000 0.113929 0.036405 0.044744 0.011365 0.000000 0.000000 0.000000 0.000000 0.000000 
0.007991 0.140980 0.012551 0.000000 0.003418 0.063037 0.513517 0.000000 0.024346 0.027495 0.086911 0.006969 0.000000 0.000000 0.112785 0.000000 0.000000 
0.001840 0.078609 0.013134 0.008093 0.000682 0.866242 0.000000 0.000000 0.008871 0.000001 0.011572 0.002587 0.008014 0.000000 0.000000 0.000000 0.000355 
0.043639 0.086754 0.003699 0.031814 0.000919 0.742829 0.000000 0.000000 0.000351 0.000003 0.008404 0.000001 0.031598 0.014267 0.000000 0.035724 0.000000 
0.093031 0.432465 0.152894 0.000000 0.103947 0.000001 0.000000 0.000000 0.134161 0.016920 0.066578 0.000002 0.000000 0.000000 0.000000 0.000000 0.000000 
0.080284 0.346058 0.143283 0.000000 0.128732 0.015326 0.003479 0.000000 0.161827 0.000005 0.067839 0.000005 0.000000 0.020883 0.000000 0.029518 0.002761 
0.233580 0.226927 0.247306 0.000000 0.119179 0.000000 0.006675 0.000000 0.084621 0.000004 0.068871 0.011266 0.000000 0.000000 0.000000 0.000000 0.001572 
0.162067 0.257979 0.238550 0.000000 0.128579 0.000001 0.000000 0.000000 0.114398 0.000012 0.056655 0.000001 0.000000 0.041758 0.000000 0.000000 0.000000 
0.131342 0.431533 0.145739 0.023278 0.100874 0.000001 0.000000 0.000000 0.041574 0.000011 0.076042 0.021967 0.027639 0.000000 0.000000 0.000000 0.000000 
