-7646013.695473
0
0.000000 0.000000 0.000000 0.000000 0.000343 0.000781 0.000000 0.000388 0.000000 0.006077 0.059580 0.000000 0.000455 0.004397 0.000000 0.001348 0.003023 0.004477 0.000000 0.000000 0.000000 0.000000 0.000000 0.000000 0.000000 0.002275 0.001426 0.003497 0.000000 0.000000 0.000000 0.000000 0.000000 0.000000 0.036207 0.000000 0.000000 0.000000 0.000000 0.000000 0.000666 0.000176 0.000000 0.000000 0.000000 0.001299 0.000000 0.000000 0.001562 0.006629 0.000000 0.009758 0.001373 0.003058 0.000000 0.001495 0.032685 0.143817 0.484895 0.067431 0.000000 0.003451 0.000000 0.000966 0.019834 0.025821 0.011941 0.005935 0.000000 0.001632 0.000000 0.000000 0.000000 0.000000 0.000000 0.002008 0.000000 0.000000 0.000000 0.000000 0.002356 0.013305 0.022846 0.003397 0.000000 0.000161 0.000000 0.000000 0.001599 0.005629 0.000000 0.000000 0.000000 0.000000 0.000000 0.000000 
0.000196 0.000000 0.000000 0.000000 0.000000 0.000000 0.000000 0.000000 0.026180 0.083612 0.008170 0.060831 0.000000 0.000000 0.000307 0.000000 0.000341 0.000000 0.000000 0.000000 0.000000 0.000000 0.000000 0.000000 0.000000 0.000000 0.000000 0.000000 0.000000 0.000000 0.000000 0.000000 0.054720 0.179184 0.024866 0.132876 0.000239 0.000000 0.000000 0.000299 0.000000 0.000000 0.000000 0.000000 0.000000 0.000000 0.000000 0.000119 0.000000 0.000000 0.000000 0.000000 0.000000 0.000000 0.000000 0.000000 0.042092 0.170710 0.014527 0.112456 0.000000 0.000000 0.000000 0.000000 0.000000 0.000000 0.000000 0.000000 0.000000 0.000000 0.000081 0.000000 0.000900 0.000000 0.000000 0.000000 0.000000 0.000000 0.000000 0.000000 0.010922 0.042186 0.002760 0.031214 0.000000 0.000000 0.000062 0.000000 0.000000 0.000000 0.000000 0.000000 0.000098 0.000000 0.000053 0.000000 
0.033959 0.031172 0.026807 0.022465 0.005871 0.003064 0.000000 0.002662 0.001230 0.000001 0.000000 0.000000 0.000000 0.000741 0.001613 0.000000 0.006487 0.000000 0.000000 0.000286 0.000023 0.000000 0.000000 0.000000 0.109752 0.089448 0.076551 0.043204 0.008270 0.009602 0.007870 0.008357 0.024116 0.013614 0.005568 0.018159 0.000000 0.000096 0.000000 0.002608 0.003471 0.000780 0.004723 0.002499 0.000000 0.000169 0.000000 0.003404 0.047289 0.054251 0.041354 0.023389 0.002940 0.005806 0.003154 0.001052 0.002225 0.007505 0.000000 0.000000 0.000449 0.000982 0.001696 0.001351 0.006768 0.003691 0.000000 0.006035 0.000000 0.000000 0.000000 0.000000 0.046524 0.068917 0.037700 0.042750 0.000000 0.008630 0.001098 0.000000 0.000000 0.011199 0.000000 0.002264 0.000000 0.000000 0.000000 0.000000 0.002336 0.000000 0.000000 0.000000 0.000000 0.000000 0.000000 0.000000 
0.000982 0.009129 0.000894 0.001559 0.000000 0.000000 0.000000 0.001054 0.002019 0.002322 0.002625 0.000982 0.031510 0.025257 0.056844 0.020280 0.014842 0.001051 0.007260 0.002089 0.001185 0.000296 0.002782 0.000000 0.000957 0.000465 0.000000 0.003858 0.000000 0.001786 0.000000 0.000000 0.005407 0.008799 0.006282 0.006290 0.044879 0.075398 0.191998 0.053006 0.005802 0.000931 0.001581 0.003008 0.002863 0.000887 0.013884 0.002273 0.002198 0.004005 0.004544 0.003034 0.000273 0.000000 0.000000 0.000000 0.003456 0.002863 0.005462 0.003108 0.041634 0.024275 0.063549 0.019616 0.004943 0.002145 0.000000 0.000308 0.000000 0.000000 0.000000 0.000000 0.003955 0.007208 0.001525 0.001182 0.000000 0.001412 0.000370 0.000000 0.003542 0.008078 0.001097 0.002309 0.034957 0.037252 0.052757 0.029218 0.005180 0.000252 0.001681 0.000000 0.000431 0.001500 0.005366 0.000000 
0.001188 0.001303 0.000470 0.000944 0.002835 0.001136 0.000701 0.002537 0.003857 0.000492 0.003859 0.001769 0.000225 0.000592 0.000495 0.000000 0.000822 0.000618 0.000506 0.000540 0.000000 0.000064 0.000322 0.000000 0.002033 0.000973 0.000304 0.000789 0.004473 0.001240 0.001105 0.004379 0.006618 0.000000 0.006383 0.000000 0.000081 0.000376 0.000498 0.000300 0.000105 0.000350 0.000171 0.000343 0.000000 0.000000 0.000000 0.000466 0.001360 0.001288 0.000352 0.001333 0.001241 0.000794 0.000220 0.002179 0.006991 0.002526 0.003788 0.000654 0.000134 0.000222 0.000150 0.000130 0.000509 0.000109 0.000547 0.000000 0.000243 0.000044 0.000000 0.000048 0.027309 0.018836 0.006553 0.013647 0.166389 0.056041 0.020183 0.187870 0.222514 0.040403 0.048165 0.108749 0.000120 0.000312 0.000000 0.000000 0.000166 0.000778 0.000164 0.000448 0.000000 0.000062 0.000171 0.000000 
0.000508 0.000000 0.000000 0.000000 0.000552 0.001609 0.000499 0.001651 0.009558 0.007652 0.008722 0.006254 0.003729 0.012358 0.000000 0.005668 0.038109 0.031609 0.072205 0.023562 0.001359 0.003241 0.001939 0.001530 0.004056 0.010595 0.008736 0.000000 0.000360 0.000304 0.000486 0.000849 0.005171 0.007689 0.016662 0.006174 0.000000 0.000000 0.000000 0.000000 0.026767 0.026823 0.085041 0.029841 0.001686 0.007964 0.009965 0.000000 0.000000 0.002141 0.001141 0.000000 0.000775 0.004141 0.000584 0.001366 0.016966 0.038738 0.006677 0.022032 0.000000 0.006655 0.000000 0.001749 0.075980 0.055310 0.080625 0.064141 0.000481 0.001107 0.000000 0.001787 0.000000 0.000000 0.000000 0.000000 0.000000 0.000524 0.000372 0.002110 0.002292 0.003948 0.000352 0.004105 0.000000 0.001602 0.000000 0.000000 0.028003 0.028718 0.036617 0.024480 0.000349 0.001241 0.001410 0.000000 
0.000000 0.000000 0.000000 0.000000 0.000000 0.000000 0.000000 0.000000 0.000000 0.011221 0.000000 0.000000 0.000000 0.000762 0.000000 0.000097 0.000000 0.000000 0.000000 0.000035 0.000057 0.000000 0.000000 0.000000 0.000574 0.000000 0.001358 0.000301 0.000000 0.000000 0.000000 0.000640 0.052738 0.016275 0.015854 0.056461 0.000000 0.001170 0.000000 0.000912 0.000438 0.000306 0.000206 0.002157 0.000214 0.000718 0.000000 0.000000 0.000000 0.000000 0.000000 0.000000 0.000000 0.000000 0.000000 0.000000 0.000000 0.005297 0.000000 0.025798 0.000000 0.000431 0.000000 0.000661 0.000000 0.000000 0.000000 0.000328 0.000000 0.000000 0.000000 0.000483 0.000000 0.000000 0.000000 0.000000 0.000000 0.000000 0.000000 0.000218 0.214993 0.236477 0.253010 0.096102 0.000000 0.000304 0.000301 0.001359 0.001058 0.000530 0.000000 0.000153 0.000000 0.000000 0.000000 0.000000 
0.001004 0.000000 0.000000 0.000000 0.000000 0.000000 0.000000 0.000000 0.000000 0.032187 0.003788 0.011038 0.002456 0.000657 0.001783 0.006165 0.000266 0.000133 0.000000 0.001568 0.000437 0.000696 0.001942 0.000353 0.002956 0.000000 0.000000 0.003286 0.000000 0.000000 0.001893 0.000000 0.089380 0.198596 0.053763 0.099705 0.000654 0.000336 0.000000 0.001649 0.001004 0.000000 0.000000 0.004342 0.000000 0.000000 0.001777 0.000000 0.000000 0.000000 0.000000 0.000000 0.000000 0.000000 0.000000 0.000000 0.000000 0.032337 0.002646 0.000000 0.000494 0.000000 0.000779 0.000617 0.000000 0.000000 0.000000 0.015937 0.000000 0.000000 0.000548 0.000000 0.002014 0.005030 0.000000 0.000000 0.000000 0.001666 0.000000 0.000000 0.001479 0.295270 0.011974 0.075376 0.001940 0.002455 0.001080 0.007249 0.002779 0.002176 0.003355 0.003888 0.000696 0.001722 0.001198 0.001483 
0.000491 0.001436 0.000462 0.009087 0.000542 0.000163 0.000000 0.000067 0.000000 0.002579 0.010578 0.004187 0.000044 0.000000 0.000000 0.001166 0.003393 0.004664 0.001513 0.003632 0.001302 0.003872 0.001458 0.015069 0.002092 0.000000 0.000000 0.012274 0.000000 0.000000 0.000000 0.000105 0.000000 0.000000 0.003878 0.002100 0.000000 0.000000 0.000000 0.000141 0.000000 0.000358 0.000000 0.000000 0.002086 0.000567 0.002248 0.009872 0.000971 0.002238 0.000000 0.008869 0.000272 0.000000 0.000000 0.000251 0.000000 0.009798 0.022729 0.015980 0.000000 0.000000 0.000000 0.000119 0.006565 0.012063 0.003596 0.012619 0.000661 0.001911 0.000000 0.001421 0.038622 0.009008 0.004013 0.286121 0.000000 0.000000 0.000000 0.000000 0.000992 0.016798 0.290612 0.036711 0.000073 0.000478 0.000322 0.002011 0.002866 0.008276 0.004660 0.008064 0.006246 0.009438 0.002175 0.071028 
0.000744 0.000111 0.000000 0.000000 0.000000 0.000000 0.000000 0.000070 0.000249 0.000375 0.000133 0.000000 0.003539 0.000000 0.000000 0.000139 0.000000 0.012164 0.000070 0.000000 0.000000 0.000000 0.017696 0.000000 0.005274 0.001358 0.000000 0.000000 0.000066 0.000000 0.000000 0.000000 0.000000 0.000239 0.000122 0.000092 0.000000 0.000000 0.000000 0.000000 0.000000 0.099118 0.000000 0.000410 0.000000 0.000000 0.016195 0.000070 0.000767 0.000000 0.000000 0.000000 0.000606 0.005096 0.005778 0.004484 0.000090 0.000003 0.001094 0.000000 0.000000 0.000000 0.000000 0.000000 0.000000 0.017630 0.000000 0.000000 0.053498 0.092188 0.564055 0.068971 0.001881 0.000000 0.000000 0.000000 0.000000 0.000000 0.000000 0.000000 0.000543 0.000231 0.000403 0.000065 0.000000 0.000000 0.000000 0.000000 0.000000 0.023777 0.000214 0.000000 0.000000 0.000389 0.000000 0.000000 
0.000000 0.000574 0.000000 0.000000 0.000000 0.001293 0.000000 0.000439 0.003778 0.001307 0.000000 0.001603 0.000000 0.000703 0.000000 0.004938 0.000000 0.006742 0.000000 0.003920 0.003702 0.013826 0.005684 0.050854 0.001462 0.000000 0.000000 0.000000 0.000000 0.000000 0.000000 0.001362 0.003223 0.004155 0.000245 0.003490 0.000000 0.011334 0.000000 0.028704 0.008516 0.051284 0.037027 0.083015 0.004677 0.036550 0.033604 0.285309 0.001539 0.000000 0.000000 0.000000 0.000000 0.000000 0.000000 0.000000 0.000000 0.000080 0.000001 0.000828 0.000000 0.003326 0.000000 0.005986 0.000000 0.012482 0.006422 0.007089 0.000000 0.010603 0.000000 0.078488 0.000903 0.000000 0.000000 0.000971 0.000000 0.000000 0.000000 0.002258 0.005170 0.006777 0.000137 0.004384 0.000939 0.003766 0.000000 0.010462 0.000843 0.017795 0.003854 0.008890 0.002301 0.021470 0.008704 0.080211 
0.000464 0.000635 0.000000 0.000000 0.000797 0.000776 0.000363 0.001440 0.015480 0.005872 0.250229 0.004977 0.000074 0.000000 0.000000 0.001841 0.002763 0.002567 0.014961 0.001773 0.000000 0.000079 0.000058 0.000000 0.005651 0.009662 0.007443 0.014475 0.000000 0.000000 0.000203 0.000000 0.006698 0.003237 0.262062 0.003120 0.000000 0.001522 0.000000 0.000000 0.003300 0.004132 0.022123 0.002913 0.000078 0.002352 0.003385 0.000000 0.000824 0.000000 0.001224 0.000000 0.000228 0.001708 0.000000 0.000408 0.022075 0.000393 0.160908 0.006252 0.000000 0.000000 0.000543 0.000340 0.000000 0.000000 0.004788 0.000165 0.000000 0.000000 0.000000 0.000000 0.000416 0.001120 0.000491 0.000000 0.000000 0.000460 0.000000 0.000000 0.002956 0.001178 0.122484 0.000000 0.000674 0.000235 0.000000 0.000000 0.002211 0.001524 0.007422 0.001168 0.000000 0.000000 0.000303 0.000000 
0.000000 0.006165 0.000000 0.018617 0.000000 0.000000 0.000000 0.000964 0.043831 0.031056 0.046547 0.026159 0.000000 0.001749 0.000000 0.004591 0.000000 0.003032 0.002277 0.000000 0.000000 0.000718 0.000862 0.000000 0.012161 0.032942 0.004911 0.194081 0.000000 0.000000 0.000000 0.000000 0.008143 0.014103 0.026260 0.013497 0.000000 0.004563 0.000000 0.001818 0.000000 0.005155 0.002419 0.000000 0.000000 0.000747 0.001754 0.000000 0.003811 0.012083 0.001316 0.061998 0.000000 0.000000 0.000000 0.000796 0.084580 0.079643 0.080967 0.062918 0.000000 0.002354 0.000000 0.002395 0.000280 0.000000 0.002225 0.000000 0.000000 0.000456 0.000000 0.002210 0.000000 0.012695 0.000000 0.037714 0.000000 0.000000 0.000000 0.000137 0.013427 0.007684 0.000000 0.012738 0.000000 0.000863 0.000000 0.000000 0.000530 0.002933 0.003608 0.000517 0.000000 0.000000 0.000000 0.000000 
0.029394 0.015279 0.010515 0.008471 0.017729 0.014971 0.019662 0.014741 0.023792 0.019949 0.003457 0.020776 0.003127 0.002703 0.009011 0.001005 0.014938 0.013023 0.037397 0.026611 0.005890 0.005602 0.010679 0.002805 0.002447 0.000000 0.001879 0.000000 0.016367 0.016279 0.019381 0.018901 0.022944 0.024537 0.016724 0.025650 0.000000 0.002760 0.002054 0.006017 0.006241 0.015577 0.021903 0.019813 0.002897 0.006201 0.013382 0.000000 0.022145 0.016615 0.014032 0.013276 0.016892 0.024071 0.024688 0.021299 0.011692 0.004497 0.008368 0.019455 0.004190 0.004171 0.006502 0.004095 0.000000 0.000000 0.018941 0.000000 0.005422 0.005655 0.000000 0.005179 0.003431 0.005856 0.002800 0.000000 0.000000 0.011541 0.012847 0.005276 0.000000 0.019415 0.001764 0.010730 0.000000 0.002625 0.002210 0.004300 0.002346 0.010746 0.013084 0.011451 0.006072 0.009541 0.012347 0.006952 
0.001460 0.380809 0.217377 0.063796 0.021672 0.048118 0.000000 0.000000 0.022105 0.006378 0.001068 0.001429 0.144336 0.091450 
0.076344 0.000013 0.009478 0.008432 0.002753 0.000001 0.027773 0.000000 0.736684 0.000887 0.009847 0.127790 0.000000 0.000000 
0.213965 0.018023 0.000004 0.008387 0.001898 0.097510 0.000000 0.000000 0.003447 0.001550 0.028290 0.532770 0.094157 0.000000 
0.244911 0.000067 0.000010 0.006857 0.002886 0.000003 0.000000 0.024168 0.000000 0.000000 0.024568 0.696529 0.000000 0.000000 
0.209962 0.014255 0.000015 0.008137 0.007411 0.000003 0.000000 0.000000 0.000000 0.000000 0.007641 0.631083 0.113663 0.007830 
0.025059 0.031461 0.236126 0.098676 0.043945 0.257318 0.000000 0.000000 0.048623 0.000000 0.100218 0.031198 0.000000 0.127376 
0.267962 0.033506 0.000010 0.007891 0.003846 0.000001 0.000000 0.000000 0.000000 0.000000 0.000008 0.670620 0.000000 0.016156 
0.262642 0.080228 0.029244 0.009005 0.003782 0.070142 0.000000 0.000000 0.020165 0.000000 0.001793 0.473730 0.049269 0.000000 
0.194447 0.000009 0.026071 0.003061 0.009163 0.000001 0.000000 0.000000 0.000000 0.000000 0.012989 0.740153 0.000000 0.014105 
0.254895 0.000024 0.035127 0.000006 0.000018 0.079234 0.030881 0.000000 0.000000 0.000000 0.008077 0.591737 0.000000 0.000000 
0.211841 0.022083 0.022891 0.005004 0.002300 0.089085 0.000000 0.000000 0.000000 0.000681 0.007965 0.538122 0.100029 0.000000 
0.032498 0.061067 0.087717 0.011834 0.053614 0.141669 0.000000 0.000000 0.000000 0.001454 0.000034 0.282870 0.000000 0.327244 
0.003188 0.020719 0.021579 0.000014 0.693336 0.000007 0.195374 0.000000 0.021711 0.008872 0.020471 0.014729 0.000000 0.000000 
0.021764 0.128976 0.040699 0.028616 0.004874 0.103218 0.032027 0.000000 0.010973 0.000421 0.022751 0.225577 0.024839 0.355264 
0.043183 0.091703 0.028103 0.017988 0.015694 0.128795 0.100014 0.000000 0.007478 0.004739 0.006377 0.297305 0.009174 0.249446 
0.016332 0.100527 0.044073 0.042889 0.025763 0.155163 0.047754 0.000000 0.012441 0.002892 0.002832 0.269419 0.009687 0.270227 
0.017842 0.082940 0.010695 0.009077 0.035236 0.182888 0.056075 0.000000 0.002072 0.000497 0.024091 0.354064 0.006746 0.217777 
0.040379 0.055923 0.013481 0.019681 0.050138 0.148721 0.045128 0.000000 0.009963 0.000380 0.017226 0.252498 0.020068 0.326414 
0.021639 0.097958 0.010117 0.024914 0.020194 0.127542 0.038734 0.000000 0.042505 0.002261 0.013484 0.313718 0.011572 0.275361 
0.011672 0.030409 0.190197 0.023408 0.049411 0.109020 0.020905 0.000000 0.034364 0.009670 0.002818 0.195937 0.056447 0.265742 
0.012124 0.123270 0.057305 0.033816 0.055772 0.102193 0.068018 0.000000 0.005408 0.014026 0.010459 0.209899 0.016629 0.291082 
0.007981 0.052510 0.006557 0.030819 0.034695 0.242806 0.032289 0.000000 0.014783 0.011814 0.030085 0.190240 0.012457 0.332965 
0.018301 0.058028 0.086696 0.039804 0.022902 0.107606 0.042422 0.000000 0.079381 0.013220 0.004300 0.185578 0.043702 0.298058 
0.027620 0.052243 0.074693 0.020271 0.019733 0.122142 0.056895 0.000000 0.005879 0.000624 0.011402 0.223082 0.006355 0.379062 
0.000000 0.000000 0.000000 0.000000 0.907120 0.000000 0.092880 0.000000 0.000000 0.000000 0.000000 0.000000 0.000000 0.000000 
0.087389 0.000000 0.000000 0.003645 0.454785 0.359205 0.033406 0.000000 0.047039 0.000000 0.014531 0.000000 0.000000 0.000000 
0.028023 0.000000 0.082708 0.057323 0.260618 0.000000 0.000011 0.000000 0.036872 0.000000 0.000000 0.241675 0.000000 0.292769 
0.000000 0.000000 0.000000 0.000000 0.903613 0.000000 0.076177 0.017487 0.000000 0.002722 0.000000 0.000000 0.000000 0.000000 
0.000000 0.000000 0.000000 0.000000 0.903790 0.000000 0.052710 0.000000 0.000000 0.002335 0.010696 0.030469 0.000000 0.000000 
0.000000 0.000000 0.000000 0.000000 0.001172 0.000000 0.000003 0.000000 0.000000 0.998825 0.000000 0.000000 0.000000 0.000000 
0.000000 0.000000 0.086664 0.087298 0.069058 0.067064 0.047984 0.000000 0.000000 0.002695 0.011663 0.030635 0.127237 0.469703 
0.085624 0.090039 0.020813 0.024538 0.001720 0.331679 0.000003 0.000000 0.000000 0.000000 0.008469 0.140781 0.296334 0.000000 
0.000000 0.000000 0.000000 0.000000 0.000522 0.000000 0.000001 0.000000 0.000000 0.999477 0.000000 0.000000 0.000000 0.000000 
0.000000 0.000000 0.000000 0.000000 0.950581 0.000000 0.028405 0.013231 0.007294 0.000489 0.000000 0.000000 0.000000 0.000000 
0.000000 0.000000 0.000000 0.000000 0.832979 0.000000 0.135318 0.000000 0.007259 0.000000 0.000000 0.000000 0.000000 0.024444 
0.014207 0.000000 0.005000 0.002706 0.000381 0.000000 0.021805 0.000000 0.890048 0.000770 0.006443 0.041205 0.017435 0.000000 
0.139124 0.067406 0.040056 0.006071 0.004317 0.281956 0.035554 0.000000 0.000000 0.004060 0.003101 0.172409 0.245946 0.000000 
0.000000 0.000000 0.000000 0.000000 0.980010 0.000000 0.019990 0.000000 0.000000 0.000000 0.000000 0.000000 0.000000 0.000000 
0.084985 0.000000 0.027297 0.006724 0.037514 0.331239 0.000004 0.021191 0.000000 0.005456 0.040426 0.269318 0.175846 0.000000 
0.000000 0.080895 0.000000 0.036375 0.041990 0.064564 0.058186 0.000000 0.012189 0.016129 0.003767 0.327421 0.000000 0.358484 
0.000000 0.000000 0.000000 0.000000 0.900966 0.000000 0.099034 0.000000 0.000000 0.000000 0.000000 0.000000 0.000000 0.000000 
0.007556 0.000000 0.000000 0.000000 0.807000 0.000000 0.143816 0.000000 0.041628 0.000000 0.000000 0.000000 0.000000 0.000000 
0.000000 0.000000 0.000000 0.000000 0.838473 0.000000 0.161527 0.000000 0.000000 0.000000 0.000000 0.000000 0.000000 0.000000 
0.000000 0.585821 0.000000 0.000000 0.018100 0.000000 0.179721 0.047118 0.000000 0.007403 0.002175 0.026239 0.052297 0.081126 
0.172910 0.000000 0.010997 0.015914 0.000066 0.403211 0.018512 0.000000 0.000000 0.001440 0.003563 0.140641 0.232745 0.000000 
0.000000 0.000000 0.000000 0.000000 0.795224 0.000000 0.155170 0.000000 0.000000 0.000000 0.000000 0.049607 0.000000 0.000000 
0.000000 0.000000 0.000000 0.000000 0.927479 0.000000 0.072521 0.000000 0.000000 0.000000 0.000000 0.000000 0.000000 0.000000 
0.000000 0.000000 0.000000 0.000000 0.795501 0.000000 0.063197 0.000000 0.000000 0.000000 0.000000 0.046815 0.000000 0.094488 
0.000000 0.000000 0.000000 0.026547 0.820405 0.000000 0.000005 0.044660 0.032590 0.000000 0.036367 0.000000 0.000000 0.039426 
0.036558 0.000000 0.000000 0.016930 0.587376 0.076977 0.071100 0.026801 0.015488 0.002683 0.000000 0.057118 0.108969 0.000000 
0.013336 0.000000 0.000000 0.000000 0.962982 0.000000 0.000004 0.023678 0.000000 0.000000 0.000000 0.000000 0.000000 0.000000 
0.000000 0.000000 0.052141 0.081749 0.020563 0.676519 0.000002 0.000000 0.006369 0.001220 0.045010 0.054770 0.061658 0.000000 
0.027848 0.000000 0.047292 0.060909 0.060365 0.309553 0.000005 0.000000 0.000000 0.008932 0.022311 0.189581 0.137997 0.135206 
0.009289 0.000000 0.000000 0.000000 0.893705 0.000000 0.078193 0.000000 0.000000 0.009581 0.009233 0.000000 0.000000 0.000000 
0.000000 0.000000 0.000000 0.000000 0.887257 0.000000 0.112743 0.000000 0.000000 0.000000 0.000000 0.000000 0.000000 0.000000 
0.000000 0.000000 0.000000 0.000000 0.916133 0.000000 0.083867 0.000000 0.000000 0.000000 0.000000 0.000000 0.000000 0.000000 
0.000000 0.000000 0.000000 0.000000 0.824180 0.000000 0.121522 0.000000 0.035555 0.000000 0.000000 0.018743 0.000000 0.000000 
0.013317 0.000000 0.000000 0.000000 0.880240 0.000000 0.091410 0.000000 0.014978 0.000000 0.000000 0.000056 0.000000 0.000000 
0.044423 0.000000 0.000000 0.000000 0.765647 0.000000 0.060779 0.027156 0.027561 0.000000 0.000000 0.074435 0.000000 0.000000 
0.043703 0.000000 0.000000 0.000000 0.729721 0.000000 0.226398 0.000000 0.000000 0.000000 0.000000 0.000178 0.000000 0.000000 
0.036524 0.000000 0.000000 0.000000 0.440641 0.050803 0.225992 0.000000 0.000000 0.000000 0.010519 0.159927 0.000000 0.075593 
0.016177 0.023881 0.000000 0.000000 0.744820 0.000000 0.108708 0.000000 0.000000 0.000000 0.013224 0.093190 0.000000 0.000000 
0.013187 0.000000 0.000000 0.000000 0.911903 0.000000 0.074881 0.000000 0.000000 0.000000 0.000000 0.000029 0.000000 0.000000 
0.047196 0.000000 0.000000 0.000000 0.679286 0.000000 0.237647 0.000000 0.000000 0.000000 0.000000 0.035871 0.000000 0.000000 
0.000011 0.000000 0.000000 0.020913 0.266925 0.243410 0.001610 0.043397 0.000000 0.006284 0.026799 0.051860 0.024957 0.313835 
0.000019 0.000000 0.000000 0.045661 0.063224 0.334951 0.018617 0.000000 0.000000 0.013166 0.013144 0.109434 0.024844 0.376940 
0.009333 0.000000 0.000000 0.000000 0.723435 0.000000 0.161108 0.000000 0.023875 0.000000 0.000000 0.082249 0.000000 0.000000 
0.027269 0.000000 0.101795 0.043354 0.491806 0.000000 0.089999 0.000000 0.000000 0.003842 0.000000 0.047192 0.054514 0.140228 
0.023288 0.000000 0.000000 0.000000 0.871789 0.000000 0.057903 0.000000 0.000000 0.000000 0.000000 0.047020 0.000000 0.000000 
0.034905 0.000000 0.000000 0.000000 0.806387 0.000000 0.130954 0.000000 0.000000 0.000000 0.000000 0.027753 0.000000 0.000000 
0.000005 0.000000 0.000000 0.000000 0.875287 0.000000 0.094218 0.008284 0.020805 0.001381 0.000000 0.000021 0.000000 0.000000 
0.090805 0.000000 0.000000 0.002632 0.004370 0.031780 0.000171 0.005835 0.761943 0.016719 0.085695 0.000051 0.000000 0.000000 
0.005346 0.000000 0.000000 0.000000 0.892016 0.000000 0.057601 0.012125 0.000000 0.000000 0.000000 0.032913 0.000000 0.000000 
0.000008 0.000000 0.000000 0.000000 0.865912 0.000000 0.113803 0.000000 0.000000 0.000000 0.000000 0.020277 0.000000 0.000000 
0.018850 0.000000 0.000000 0.000000 0.659337 0.000000 0.264589 0.000000 0.015422 0.001911 0.000000 0.039892 0.000000 0.000000 
0.003308 0.000000 0.000000 0.000000 0.850129 0.000000 0.104110 0.010549 0.000000 0.000000 0.004833 0.027071 0.000000 0.000000 
0.046838 0.000000 0.000000 0.000000 0.756308 0.000000 0.141176 0.000000 0.000000 0.000000 0.002237 0.053441 0.000000 0.000000 
0.000008 0.000000 0.000000 0.000000 0.906569 0.000000 0.093383 0.000000 0.000000 0.000000 0.000000 0.000040 0.000000 0.000000 
0.017464 0.000000 0.000000 0.000000 0.684523 0.000000 0.257785 0.000000 0.000000 0.000000 0.005450 0.034778 0.000000 0.000000 
0.000014 0.000000 0.000000 0.000000 0.684737 0.000000 0.236180 0.000000 0.000000 0.000000 0.000000 0.079068 0.000000 0.000000 
0.006309 0.000000 0.000000 0.000000 0.684965 0.000000 0.202407 0.000000 0.044025 0.000000 0.000000 0.062294 0.000000 0.000000 
0.051906 0.000000 0.000000 0.000000 0.635999 0.000000 0.200835 0.000000 0.000000 0.000000 0.015730 0.095530 0.000000 0.000000 
0.000005 0.000000 0.000000 0.000000 0.902980 0.000000 0.083878 0.012137 0.000983 0.000000 0.000000 0.000017 0.000000 0.000000 
0.009012 0.000000 0.000000 0.000000 0.737860 0.000000 0.162878 0.041103 0.000000 0.002272 0.000000 0.046876 0.000000 0.000000 
0.036178 0.000002 0.000088 0.000011 0.001838 0.004826 0.008389 0.000000 0.870632 0.000989 0.018459 0.057187 0.001401 0.000000 
0.064608 0.000003 0.061052 0.082167 0.002966 0.216170 0.037656 0.000000 0.031474 0.002833 0.017916 0.262784 0.220371 0.000000 
0.095267 0.000005 0.065970 0.027510 0.016284 0.186338 0.000003 0.000000 0.000000 0.000000 0.007751 0.327262 0.273609 0.000000 
0.184360 0.000003 0.036091 0.008392 0.000000 0.140606 0.000001 0.000000 0.000000 0.000000 0.016672 0.303688 0.276366 0.033820 
0.120469 0.030226 0.010824 0.000027 0.004082 0.148464 0.000002 0.000000 0.000000 0.003560 0.006268 0.434575 0.216800 0.024702 
0.072982 0.014987 0.009407 0.001345 0.000000 0.047000 0.013679 0.000000 0.756273 0.001564 0.025460 0.056295 0.001007 0.000000 
0.078613 0.000005 0.028291 0.000062 0.000000 0.164829 0.009148 0.000000 0.015187 0.000000 0.005843 0.457275 0.167505 0.073241 
0.187022 0.000001 0.006236 0.009425 0.002816 0.041437 0.000001 0.000000 0.000000 0.000000 0.012101 0.689635 0.051327 0.000000 
0.145834 0.000006 0.000136 0.007013 0.000000 0.067675 0.000003 0.000000 0.000000 0.000000 0.000039 0.391051 0.289761 0.098481 
0.171990 0.000000 0.003829 0.001638 0.000138 0.056255 0.000000 0.012247 0.039625 0.000394 0.019147 0.137000 0.557737 0.000000 
0.047728 0.000001 0.012802 0.061083 0.000000 0.684109 0.000001 0.000000 0.004140 0.002288 0.035738 0.110074 0.042036 0.000000 
0.071672 0.007533 0.000012 0.000318 0.000663 0.047099 0.009996 0.000000 0.749965 0.002819 0.029079 0.061008 0.019837 0.000000 
0.033035 0.000000 0.001708 0.001180 0.000161 0.027497 0.000000 0.039652 0.168726 0.001702 0.013875 0.107625 0.604839 0.000000 
0.108495 0.000007 0.025041 0.018927 0.009089 0.171998 0.026846 0.000000 0.049840 0.000000 0.001477 0.192618 0.297726 0.097936 
0.076138 0.000004 0.049860 0.022901 0.000000 0.205316 0.018971 0.000000 0.000000 0.000000 0.010848 0.397482 0.183314 0.035167 
0.088868 0.031850 0.030464 0.013385 0.000000 0.217061 0.015585 0.000000 0.000000 0.007010 0.008536 0.329188 0.258051 0.000000 
0.035865 0.000004 0.227253 0.046566 0.466716 0.009410 0.000002 0.000000 0.000000 0.003353 0.007001 0.111364 0.005137 0.087327 
0.102850 0.085339 0.042445 0.007132 0.000000 0.109118 0.000002 0.000000 0.000000 0.005286 0.018423 0.336038 0.293366 0.000000 
0.175123 0.000000 0.000007 0.001172 0.000446 0.011699 0.023554 0.020457 0.434082 0.001367 0.005341 0.220456 0.106298 0.000000 
0.090587 0.085446 0.023395 0.000022 0.014265 0.129174 0.000002 0.000000 0.000000 0.000000 0.000036 0.416402 0.135295 0.105375 
0.096117 0.087886 0.013032 0.013429 0.000000 0.126698 0.013547 0.000000 0.000000 0.001477 0.011038 0.380869 0.234060 0.021846 
0.153750 0.077087 0.000145 0.027844 0.005102 0.095199 0.041563 0.000000 0.000000 0.000000 0.007340 0.412533 0.149844 0.029593 
0.008204 0.009912 0.011663 0.003131 0.000000 0.000455 0.004243 0.000000 0.886463 0.000981 0.012418 0.042586 0.019944 0.000000 
0.083508 0.058591 0.040697 0.048038 0.000000 0.254005 0.000002 0.000000 0.000000 0.000000 0.019764 0.261053 0.211636 0.022705 
0.055832 0.044090 0.020665 0.026063 0.000000 0.433161 0.032404 0.000000 0.000000 0.004843 0.020340 0.163728 0.198873 0.000000 
0.104656 0.053866 0.036990 0.014371 0.021792 0.218515 0.000003 0.022965 0.000000 0.002305 0.004369 0.287365 0.232802 0.000000 
0.179531 0.000004 0.046371 0.002799 0.000000 0.142269 0.000002 0.000000 0.000000 0.002023 0.005574 0.386247 0.173615 0.061565 
0.005019 0.000000 0.008191 0.003037 0.000000 0.035474 0.000000 0.000000 0.860392 0.001070 0.040013 0.037612 0.009193 0.000000 
0.513650 0.063685 0.000013 0.001464 0.000000 0.000360 0.000000 0.000000 0.004059 0.000000 0.002202 0.225634 0.184515 0.004418 
0.169867 0.000003 0.059733 0.018781 0.000000 0.255378 0.044581 0.000000 0.000000 0.000000 0.029807 0.165861 0.255988 0.000000 
0.090651 0.000004 0.054945 0.012241 0.000000 0.026146 0.019341 0.000000 0.000000 0.000000 0.011983 0.553087 0.198904 0.032698 
0.024543 0.008450 0.011545 0.001525 0.000000 0.013721 0.006848 0.000000 0.822445 0.000945 0.016839 0.040957 0.052183 0.000000 
0.088781 0.000004 0.000226 0.007376 0.004530 0.139242 0.000002 0.000000 0.023204 0.000000 0.004705 0.306342 0.379672 0.045916 
0.092466 0.000004 0.077144 0.007533 0.003780 0.104867 0.039724 0.000000 0.000000 0.000000 0.025042 0.283944 0.256846 0.108649 
0.022139 0.077765 0.086335 0.026650 0.000000 0.181189 0.013853 0.000000 0.000000 0.001698 0.002328 0.325798 0.262244 0.000000 
0.135625 0.021254 0.035668 0.006318 0.008630 0.161341 0.015177 0.000000 0.000000 0.002065 0.022016 0.368716 0.189079 0.034112 
0.144005 0.008096 0.003017 0.000002 0.001181 0.078284 0.016842 0.043906 0.318932 0.002357 0.019024 0.159105 0.205249 0.000000 
0.107976 0.000003 0.010676 0.057489 0.000000 0.561813 0.000002 0.049851 0.000000 0.004847 0.040152 0.133696 0.003997 0.029499 
0.147463 0.045920 0.014782 0.016208 0.000000 0.212295 0.004858 0.000000 0.000000 0.000000 0.007149 0.411272 0.140054 0.000000 
0.132828 0.050702 0.033328 0.025363 0.000000 0.140258 0.037919 0.000000 0.000000 0.000000 0.000072 0.364806 0.173969 0.040754 
0.027921 0.011288 0.000066 0.000538 0.003907 0.002658 0.000001 0.000000 0.857152 0.000000 0.018031 0.068504 0.000755 0.009179 
0.050317 0.000005 0.581769 0.000026 0.000000 0.073582 0.000002 0.000000 0.000000 0.000000 0.005657 0.175576 0.113065 0.000000 
0.009460 0.000004 0.000060 0.000045 0.828715 0.006697 0.118896 0.000000 0.000000 0.000000 0.003849 0.030865 0.001409 0.000000 
0.092384 0.000008 0.000274 0.017933 0.000000 0.133282 0.038921 0.000000 0.000000 0.000000 0.000116 0.460851 0.256230 0.000001 
0.198814 0.007382 0.001066 0.008889 0.000000 0.051389 0.000001 0.000000 0.000000 0.000000 0.004065 0.715025 0.013370 0.000000 
0.140566 0.000004 0.044458 0.004885 0.000000 0.261248 0.048477 0.000000 0.000000 0.002295 0.009290 0.265171 0.223606 0.000000 
0.034216 0.030260 0.045494 0.011537 0.000000 0.449159 0.000001 0.000000 0.000000 0.001417 0.010551 0.252563 0.164802 0.000000 
0.065588 0.055126 0.034242 0.041642 0.000000 0.233604 0.011742 0.000000 0.000000 0.000000 0.008679 0.353938 0.169963 0.025477 
0.063604 0.000008 0.012112 0.000041 0.000000 0.146382 0.035182 0.000000 0.000000 0.006667 0.005023 0.383537 0.273760 0.073686 
0.149069 0.044202 0.057770 0.005838 0.008292 0.088222 0.000002 0.000000 0.000000 0.010134 0.011712 0.407007 0.136517 0.081235 
0.070769 0.059145 0.060285 0.001815 0.010510 0.149067 0.000003 0.000000 0.000000 0.000000 0.003890 0.405336 0.239180 0.000000 
0.054688 0.082386 0.014749 0.032003 0.213326 0.170749 0.045134 0.000000 0.000000 0.001476 0.011237 0.202016 0.150494 0.021741 
0.161453 0.000003 0.036847 0.006375 0.002568 0.281038 0.020056 0.000000 0.000000 0.012798 0.015070 0.204598 0.259193 0.000000 
0.041140 0.003126 0.019450 0.006138 0.000857 0.001122 0.000001 0.000000 0.858515 0.001688 0.005819 0.053122 0.009022 0.000000 
0.156037 0.000005 0.078446 0.036058 0.047547 0.168426 0.000002 0.067112 0.000000 0.001832 0.005994 0.144699 0.222649 0.071192 
0.103246 0.000002 0.035531 0.009172 0.000000 0.130572 0.013299 0.000000 0.000000 0.000000 0.015524 0.402980 0.289673 0.000000 
0.221943 0.039918 0.034441 0.013318 0.000000 0.166133 0.016669 0.000000 0.000000 0.003609 0.000093 0.349968 0.140272 0.013636 
0.242587 0.007326 0.019336 0.006998 0.009088 0.004866 0.000001 0.000000 0.132212 0.000000 0.000012 0.528364 0.016040 0.033168 
0.013538 0.005385 0.009656 0.002359 0.000000 0.005158 0.005146 0.000000 0.848208 0.001213 0.023552 0.031840 0.053945 0.000000 
0.001113 0.000001 0.044692 0.028207 0.001336 0.668663 0.000000 0.000000 0.094333 0.003994 0.105701 0.035215 0.016743 0.000000 
0.154275 0.000004 0.048701 0.022564 0.000000 0.068242 0.000002 0.000000 0.000000 0.000000 0.017667 0.533678 0.154866 0.000000 
0.105206 0.000004 0.022424 0.015107 0.009466 0.150965 0.019980 0.000000 0.015865 0.000000 0.010365 0.356570 0.234318 0.059731 
0.029075 0.014178 0.008737 0.001764 0.000000 0.011046 0.021181 0.000000 0.796560 0.000630 0.005419 0.100925 0.010485 0.000000 
0.099057 0.041434 0.014342 0.012364 0.010191 0.105808 0.000001 0.000000 0.000000 0.000000 0.016282 0.401546 0.224789 0.074185 
0.131068 0.039931 0.002613 0.000078 0.000000 0.112579 0.000003 0.000000 0.000000 0.000000 0.000094 0.432747 0.217627 0.063260 
0.106770 0.064411 0.037601 0.005418 0.017066 0.141494 0.000001 0.000000 0.000000 0.003859 0.011792 0.377211 0.234376 0.000000 
0.187546 0.013959 0.003407 0.002282 0.000000 0.025342 0.000000 0.030402 0.342444 0.001366 0.010607 0.156645 0.226000 0.000000 
0.172969 0.023223 0.000066 0.032533 0.004932 0.348806 0.022624 0.000000 0.000000 0.000504 0.002888 0.312833 0.078621 0.000000 
0.099693 0.000005 0.025320 0.007640 0.005323 0.291786 0.015936 0.000000 0.000000 0.003741 0.033669 0.170758 0.346129 0.000000 
0.112779 0.050621 0.047382 0.000024 0.010139 0.171654 0.000001 0.000000 0.000000 0.002631 0.005332 0.360088 0.191245 0.048103 
0.170870 0.015424 0.000038 0.000994 0.000000 0.002533 0.008199 0.000000 0.002818 0.000907 0.000015 0.702272 0.095930 0.000000 
0.213568 0.056347 0.038362 0.013941 0.000000 0.120595 0.000002 0.000000 0.000000 0.000000 0.000037 0.427011 0.102438 0.027698 
0.015212 0.000005 0.101721 0.010296 0.403011 0.021884 0.258121 0.000000 0.041122 0.000000 0.000163 0.139657 0.008809 0.000000 
0.015101 0.004747 0.000066 0.001637 0.000000 0.003466 0.013355 0.000000 0.878017 0.000441 0.000017 0.079966 0.003186 0.000000 
0.075784 0.000002 0.000073 0.000007 0.000000 0.015711 0.035438 0.000000 0.772327 0.000000 0.022216 0.066226 0.000800 0.011415 
0.120818 0.041120 0.052589 0.002099 0.000000 0.084041 0.000001 0.000000 0.000000 0.000000 0.005817 0.491202 0.184050 0.018263 
0.126186 0.000004 0.056562 0.007774 0.004348 0.122632 0.000002 0.000000 0.010276 0.008706 0.006615 0.379034 0.277862 0.000000 
0.235132 0.000002 0.060220 0.014516 0.006168 0.180290 0.000001 0.000000 0.000000 0.001877 0.005156 0.275413 0.221225 0.000000 
0.178906 0.031708 0.043767 0.000014 0.000000 0.180056 0.000004 0.000000 0.000000 0.000000 0.006309 0.305502 0.186121 0.067612 
0.138505 0.000005 0.075265 0.023258 0.002968 0.060254 0.028370 0.000000 0.000000 0.000000 0.030523 0.510959 0.129893 0.000000 
0.086702 0.041959 0.038900 0.013074 0.007409 0.089112 0.013423 0.000000 0.000000 0.000000 0.007098 0.353365 0.290930 0.058028 
0.005937 0.184113 0.028755 0.000073 0.016885 0.114900 0.096312 0.000000 0.000000 0.000000 0.008688 0.214943 0.253831 0.075565 
0.088099 0.068969 0.074459 0.008083 0.004607 0.159174 0.013345 0.000000 0.000000 0.001350 0.006019 0.343796 0.232098 0.000000 
0.186481 0.015315 0.070232 0.005491 0.007396 0.074641 0.000002 0.000000 0.000000 0.002205 0.000105 0.417936 0.194618 0.025578 
0.012137 0.013265 0.004839 0.000652 0.000000 0.033624 0.005345 0.000000 0.825893 0.001259 0.013110 0.075411 0.014465 0.000000 
0.134831 0.053023 0.030468 0.009700 0.000000 0.136220 0.016578 0.000000 0.000000 0.000000 0.015631 0.453280 0.150267 0.000001 
0.047093 0.000004 0.075020 0.007194 0.003213 0.154362 0.035846 0.000000 0.000000 0.000000 0.019392 0.399731 0.258145 0.000000 
0.063119 0.029765 0.015472 0.026205 0.000000 0.553569 0.035415 0.000000 0.000000 0.000611 0.003941 0.101769 0.144971 0.025163 
0.009339 0.000008 0.024311 0.020425 0.721697 0.007033 0.000003 0.000000 0.000000 0.003119 0.012291 0.034877 0.005955 0.160944 
0.285293 0.000000 0.000000 0.009512 0.017886 0.000886 0.019163 0.000000 0.000008 0.000011 0.009088 0.601013 0.000000 0.057140 
0.000001 0.050926 0.000000 0.020531 0.034409 0.254939 0.022597 0.000000 0.018355 0.005380 0.001705 0.271757 0.009216 0.310184 
0.000004 0.053364 0.000000 0.020709 0.034911 0.255230 0.021818 0.000000 0.019598 0.005404 0.001617 0.275059 0.000000 0.312286 
0.053793 0.000000 0.053842 0.035623 0.068406 0.154358 0.000013 0.000000 0.020847 0.005466 0.010255 0.211925 0.052918 0.332555 
0.016401 0.000000 0.182710 0.142413 0.066975 0.001771 0.000010 0.000000 0.055171 0.000068 0.071424 0.002046 0.000000 0.461011 
0.000005 0.000000 0.000001 0.068361 0.024039 0.016848 0.300184 0.330778 0.000009 0.019005 0.021078 0.045097 0.037651 0.136944 
0.000004 0.000000 0.031598 0.036347 0.008251 0.011890 0.301309 0.351391 0.014007 0.021500 0.028818 0.048419 0.033255 0.113211 
0.401467 0.000000 0.069999 0.008812 0.012866 0.024761 0.073652 0.021392 0.059847 0.001027 0.002908 0.098012 0.149775 0.075483 
0.070413 0.000000 0.000000 0.037226 0.005665 0.454627 0.000005 0.014432 0.016337 0.000015 0.014084 0.064734 0.211675 0.110785 
0.098488 0.000000 0.000000 0.000020 0.000057 0.000052 0.000005 0.000000 0.000001 0.000002 0.000008 0.897160 0.000000 0.004208 
0.078850 0.000000 0.000000 0.000027 0.003147 0.098451 0.000014 0.000000 0.000005 0.000053 0.003600 0.809671 0.000000 0.006182 
0.040414 0.000000 0.036443 0.019366 0.003703 0.011524 0.232335 0.411738 0.028433 0.000043 0.009733 0.037884 0.000000 0.168383 
0.000001 0.057135 0.013981 0.010969 0.040541 0.293404 0.027721 0.000000 0.000002 0.004184 0.023419 0.215056 0.000000 0.313587 
0.098645 0.000000 0.094183 0.043604 0.048857 0.126983 0.000012 0.000000 0.045227 0.033413 0.113303 0.098622 0.025853 0.271298 
0.071118 0.000000 0.100115 0.032797 0.366442 0.030133 0.117822 0.000000 0.029667 0.005759 0.045785 0.070778 0.000000 0.129585 
0.000001 0.043897 0.021962 0.027935 0.032102 0.221405 0.031397 0.000000 0.011455 0.011405 0.017606 0.220753 0.007438 0.352642 
0.000001 0.000000 0.000000 0.013095 0.025346 0.025075 0.000002 0.000000 0.008456 0.461616 0.077494 0.007405 0.000000 0.381510 
0.000000 0.062988 0.030981 0.026427 0.032545 0.177453 0.017100 0.000000 0.009895 0.009434 0.012320 0.257684 0.000000 0.363174 
0.000003 0.000000 0.000000 0.010929 0.048849 0.048470 0.000011 0.000000 0.000011 0.490447 0.039794 0.041216 0.000000 0.320269 
0.000004 0.000000 0.000001 0.016707 0.000059 0.000615 0.000006 0.000000 0.004592 0.617561 0.000194 0.002300 0.000000 0.357962 
0.011186 0.008761 0.000000 0.006827 0.029638 0.185226 0.010908 0.000000 0.005702 0.186437 0.022732 0.192156 0.000000 0.340425 
0.000006 0.000000 0.000000 0.007306 0.012772 0.009190 0.000015 0.000000 0.000005 0.691548 0.000139 0.034729 0.000000 0.244289 
0.009904 0.000000 0.075375 0.000029 0.019490 0.000677 0.000014 0.000000 0.000004 0.676387 0.013636 0.016540 0.000000 0.187943 
0.006478 0.000000 0.000000 0.000060 0.002460 0.011053 0.021861 0.000000 0.000004 0.728438 0.005832 0.009423 0.000000 0.214391 
0.000001 0.056704 0.017583 0.032242 0.028499 0.202998 0.034221 0.000000 0.009965 0.007566 0.020290 0.278663 0.000000 0.311266 
0.007753 0.076920 0.000000 0.015137 0.031323 0.220368 0.010891 0.000000 0.015577 0.007431 0.008610 0.278474 0.000000 0.327516 
0.000000 0.045966 0.012277 0.019040 0.035362 0.210145 0.025552 0.000000 0.012432 0.009506 0.018484 0.260665 0.000000 0.350571 
0.045964 0.202283 0.000000 0.063793 0.002191 0.211651 0.000006 0.153716 0.000003 0.022769 0.060292 0.000741 0.042798 0.193793 
0.064733 0.140699 0.000001 0.024687 0.133688 0.078963 0.166976 0.000000 0.000007 0.017075 0.150187 0.043087 0.016329 0.163568 
0.186677 0.000363 0.020205 0.001971 0.004574 0.199132 0.000000 0.027789 0.000000 0.000001 0.055541 0.299272 0.201541 0.002934 
0.232938 0.000235 0.016756 0.000076 0.000006 0.207778 0.000000 0.019806 0.000000 0.000001 0.042072 0.252669 0.214598 0.013064 
0.030211 0.054433 0.017318 0.026829 0.043755 0.180561 0.000000 0.000000 0.030346 0.002548 0.015266 0.198415 0.003974 0.396344 
0.020062 0.039427 0.011931 0.056546 0.040935 0.183506 0.012183 0.000000 0.011795 0.012617 0.000425 0.240298 0.053428 0.316847 
0.078173 0.036875 0.016267 0.014598 0.035226 0.111596 0.000000 0.000000 0.029880 0.002839 0.020182 0.249143 0.007727 0.397494 
0.216642 0.001182 0.014582 0.002766 0.000005 0.221923 0.000000 0.000000 0.000000 0.001224 0.021313 0.376163 0.143901 0.000299 
0.054501 0.002505 0.005638 0.000100 0.000002 0.002400 0.006386 0.000000 0.888210 0.000503 0.005981 0.015146 0.006518 0.012111 
0.286120 0.000108 0.025290 0.010970 0.000004 0.058785 0.000000 0.000000 0.000000 0.003835 0.031461 0.434498 0.148290 0.000639 
0.178810 0.029224 0.047607 0.007475 0.000007 0.090716 0.000000 0.000000 0.000000 0.001185 0.021675 0.413530 0.207256 0.002512 
0.226006 0.000137 0.001176 0.005099 0.000747 0.015026 0.000000 0.000000 0.012586 0.003475 0.000145 0.679067 0.047926 0.008610 
0.163899 0.000136 0.000636 0.000021 0.007850 0.031775 0.000000 0.000000 0.000000 0.001004 0.016346 0.689077 0.089101 0.000154 
0.431497 0.035869 0.036198 0.024077 0.003186 0.088511 0.000000 0.000000 0.000000 0.000002 0.040857 0.290149 0.034376 0.015278 
0.358881 0.006956 0.048207 0.006724 0.000005 0.113381 0.000000 0.000000 0.000000 0.002865 0.040639 0.254947 0.163037 0.004359 
0.244629 0.001064 0.001005 0.003512 0.003962 0.042455 0.000000 0.000000 0.009234 0.002814 0.020415 0.497522 0.161341 0.012047 
0.477456 0.008794 0.029055 0.007020 0.003522 0.180087 0.000000 0.000000 0.000000 0.015720 0.053381 0.097127 0.119019 0.008819 
0.180229 0.000293 0.024487 0.010119 0.006815 0.102320 0.000000 0.000000 0.000000 0.001204 0.040197 0.495974 0.137679 0.000684 
0.221435 0.033047 0.048432 0.026795 0.005014 0.301155 0.027095 0.000000 0.012142 0.000001 0.009712 0.108989 0.180480 0.025702 
