-8075876.617623
0
0.000611 0.000216 0.000000 0.000213 0.000082 0.000227 0.000370 0.000247 0.000820 0.025540 0.000628 0.009025 0.001229 0.000747 0.001008 0.003070 0.000342 0.000234 0.000182 0.001065 0.000311 0.000474 0.001038 0.000512 0.001567 0.000225 0.000653 0.001252 0.000150 0.000317 0.000991 0.000454 0.068651 0.113558 0.032819 0.080358 0.000388 0.000858 0.000322 0.001506 0.000826 0.000407 0.000390 0.003607 0.000170 0.000595 0.001090 0.001605 0.000105 0.000000 0.000000 0.000023 0.000000 0.000144 0.000077 0.000122 0.000752 0.026722 0.000200 0.016722 0.000308 0.000263 0.000486 0.000683 0.000244 0.000200 0.000098 0.008294 0.000055 0.000036 0.000460 0.000567 0.001259 0.002409 0.000198 0.000615 0.000000 0.000874 0.000358 0.000245 0.105933 0.245847 0.117170 0.088970 0.000992 0.001427 0.000761 0.004262 0.001936 0.001549 0.001785 0.002217 0.000445 0.001107 0.000729 0.001401 
0.019110 0.013740 0.010291 0.008093 0.008584 0.006494 0.007108 0.006807 0.011662 0.006804 0.006524 0.007521 0.004615 0.004370 0.008577 0.002501 0.012105 0.008243 0.021703 0.012094 0.002290 0.001953 0.005416 0.000490 0.028589 0.023520 0.020304 0.014695 0.009074 0.008365 0.009339 0.010062 0.014266 0.010476 0.011504 0.012738 0.004030 0.008041 0.017964 0.008243 0.006311 0.017745 0.017970 0.013694 0.001183 0.003265 0.008675 0.002719 0.019581 0.019815 0.015728 0.010942 0.007474 0.011251 0.010406 0.009071 0.009594 0.003441 0.003170 0.005798 0.005110 0.004693 0.008394 0.003798 0.005267 0.005605 0.012840 0.004924 0.005315 0.008118 0.035213 0.007948 0.016852 0.023298 0.010743 0.007464 0.042749 0.021222 0.009806 0.051024 0.034201 0.005337 0.000002 0.014155 0.002886 0.004336 0.005340 0.003621 0.003918 0.007495 0.007837 0.005382 0.001348 0.002732 0.004893 0.000000 
0.000531 0.001645 0.000320 0.004932 0.000527 0.000607 0.000080 0.000802 0.013416 0.010446 0.093739 0.008985 0.000609 0.002802 0.000217 0.002576 0.007275 0.007692 0.014854 0.004649 0.000617 0.002080 0.000923 0.005650 0.004872 0.009203 0.004385 0.033639 0.000042 0.000064 0.000066 0.000145 0.002959 0.004115 0.090131 0.004505 0.000095 0.001555 0.000444 0.001088 0.004958 0.006418 0.019748 0.006577 0.000992 0.003448 0.004089 0.011931 0.001673 0.003847 0.000883 0.012377 0.000433 0.001454 0.000028 0.000641 0.027998 0.047785 0.142189 0.032874 0.000216 0.001904 0.000340 0.001055 0.016764 0.015471 0.016574 0.013223 0.000292 0.001321 0.000440 0.003158 0.010032 0.004660 0.001564 0.071077 0.000000 0.000000 0.000000 0.000000 0.000000 0.001498 0.100974 0.008528 0.000394 0.000742 0.000217 0.000832 0.005616 0.008392 0.009041 0.006191 0.001867 0.003369 0.001145 0.019486 
0.200121 0.409999 0.389880 
0.067262 0.006045 0.926693 
0.019234 0.008635 0.972131 
0.024320 0.005674 0.970006 
0.009121 0.017208 0.973672 
0.033347 0.629264 0.337389 
0.020003 0.009020 0.970977 
0.057463 0.013532 0.929006 
0.010798 0.016331 0.972871 
0.041570 0.010005 0.948424 
0.023805 0.006891 0.969304 
0.084662 0.444671 0.470668 
0.463758 0.512843 0.023399 
0.150632 0.390825 0.458544 
0.192523 0.272719 0.534758 
0.125314 0.380470 0.494215 
0.136169 0.255938 0.607892 
0.113074 0.383647 0.503278 
0.128524 0.282058 0.589418 
0.060883 0.533751 0.405366 
0.202270 0.438818 0.358911 
0.085259 0.463344 0.451398 
0.096759 0.432349 0.470892 
0.109091 0.484771 0.406138 
0.378332 0.621667 0.000001 
0.134933 0.586033 0.279034 
0.087200 0.570155 0.342645 
0.428460 0.571540 0.000001 
0.287806 0.694653 0.017541 
0.000002 0.999998 0.000000 
0.113362 0.718657 0.167982 
0.057278 0.113368 0.829353 
0.000704 0.999296 0.000000 
0.336498 0.663502 0.000000 
0.448598 0.551401 0.000001 
0.083065 0.000478 0.916457 
0.066780 0.095393 0.837827 
0.307974 0.692025 0.000000 
0.032229 0.168830 0.798942 
0.135632 0.391855 0.472513 
0.385759 0.614240 0.000001 
0.491600 0.475206 0.033195 
0.465536 0.534463 0.000000 
0.660023 0.070552 0.269424 
0.034751 0.072850 0.892398 
0.476564 0.508319 0.015117 
0.426336 0.573664 0.000000 
0.283477 0.671458 0.045065 
0.323740 0.676260 0.000000 
0.320870 0.496944 0.182186 
0.282803 0.717197 0.000000 
0.000060 0.453534 0.546406 
0.013723 0.406310 0.579967 
0.420574 0.579425 0.000000 
0.437880 0.562119 0.000001 
0.461300 0.538699 0.000000 
0.450279 0.532146 0.017576 
0.401117 0.588726 0.010157 
0.345041 0.555883 0.099076 
0.471193 0.483414 0.045393 
0.424663 0.371743 0.203594 
0.407465 0.500439 0.092096 
0.354715 0.641142 0.004144 
0.487602 0.432649 0.079749 
0.113634 0.719346 0.167020 
0.066750 0.603238 0.330012 
0.440690 0.486435 0.072875 
0.246595 0.651892 0.101514 
0.327605 0.628100 0.044295 
0.391438 0.566126 0.042436 
0.411810 0.583115 0.005075 
0.036466 0.030749 0.932786 
0.360830 0.618767 0.020403 
0.377061 0.621394 0.001545 
0.577547 0.362992 0.059462 
0.379582 0.604965 0.015453 
0.468968 0.465545 0.065486 
0.347003 0.652777 0.000220 
0.569441 0.385872 0.044687 
0.525318 0.426146 0.048536 
0.506363 0.411508 0.082129 
0.457197 0.436307 0.106496 
0.391800 0.608088 0.000112 
0.495214 0.472755 0.032031 
0.059552 0.002598 0.937851 
0.037568 0.210907 0.751525 
0.014949 0.175454 0.809597 
0.001765 0.072914 0.925321 
0.028720 0.043792 0.927489 
0.079587 0.000158 0.920255 
0.024695 0.097372 0.877932 
0.014864 0.009445 0.975691 
0.037010 0.058977 0.904013 
0.040678 0.001871 0.957451 
0.000218 0.266439 0.733343 
0.064163 0.001539 0.934298 
0.088786 0.005340 0.905874 
0.053288 0.160846 0.785866 
0.027897 0.121158 0.850945 
0.043435 0.079318 0.877247 
0.086743 0.734363 0.178894 
0.053893 0.050629 0.895478 
0.082858 0.000690 0.916453 
0.027614 0.131665 0.840722 
0.062279 0.057177 0.880544 
0.080077 0.057634 0.862289 
0.055825 0.000035 0.944140 
0.042598 0.136620 0.820782 
0.049593 0.136485 0.813921 
0.060614 0.112232 0.827155 
0.016388 0.089053 0.894559 
0.028273 0.001219 0.970509 
0.043222 0.000027 0.956750 
0.058256 0.108253 0.833491 
0.033419 0.067915 0.898665 
0.058878 0.000336 0.940787 
0.035457 0.062246 0.902297 
0.037369 0.205339 0.757292 
0.046726 0.157565 0.795709 
0.036457 0.088504 0.875039 
0.099328 0.005761 0.894911 
0.039479 0.250173 0.710348 
0.036685 0.024708 0.938607 
0.048194 0.108612 0.843194 
0.070540 0.006305 0.923154 
0.001088 0.620285 0.378626 
0.433916 0.544292 0.021792 
0.063281 0.035170 0.901548 
0.004790 0.002107 0.993103 
0.040115 0.109248 0.850636 
0.011003 0.137040 0.851957 
0.037758 0.140467 0.821775 
0.059326 0.093317 0.847357 
0.003653 0.160078 0.836269 
0.040823 0.084275 0.874901 
0.167162 0.304733 0.528105 
0.027896 0.124058 0.848047 
0.035515 0.004912 0.959573 
0.102439 0.240250 0.657311 
0.024846 0.067099 0.908056 
0.038021 0.061028 0.900952 
0.019551 0.033474 0.946976 
0.052018 0.000205 0.947776 
0.009600 0.421066 0.569333 
0.011994 0.055522 0.932484 
0.044522 0.099460 0.856018 
0.085589 0.000220 0.914191 
0.024506 0.109133 0.866361 
0.033549 0.072413 0.894038 
0.038542 0.077438 0.884021 
0.075108 0.000030 0.924863 
0.040755 0.048849 0.910396 
0.042888 0.082902 0.874209 
0.029418 0.104476 0.866107 
0.026250 0.000090 0.973660 
0.029524 0.055005 0.915471 
0.422490 0.370350 0.207160 
0.065782 0.000047 0.934172 
0.103211 0.000173 0.896616 
0.024700 0.047576 0.927724 
0.029334 0.076929 0.893737 
0.005476 0.117175 0.877349 
0.023971 0.102678 0.873351 
0.035511 0.073291 0.891198 
0.049164 0.118263 0.832573 
0.217483 0.108822 0.673694 
0.049949 0.098815 0.851236 
0.026886 0.075527 0.897587 
0.060638 0.000026 0.939336 
0.045692 0.033767 0.920541 
0.041525 0.116265 0.842211 
0.049058 0.161939 0.789003 
0.180107 0.765194 0.054699 
0.044066 0.029016 0.926918 
0.073321 0.393907 0.532772 
0.073202 0.395022 0.531776 
0.037691 0.468900 0.493408 
0.000093 0.837937 0.161970 
0.665239 0.231911 0.102850 
0.677555 0.200893 0.121551 
0.111274 0.110497 0.778229 
0.027643 0.281205 0.691152 
0.005137 0.002000 0.992863 
0.015074 0.004549 0.980377 
0.664027 0.186600 0.149372 
0.086946 0.441369 0.471685 
0.029217 0.525859 0.444924 
0.245934 0.532722 0.221344 
0.081547 0.478497 0.439956 
0.000006 0.954421 0.045573 
0.077901 0.461504 0.460594 
0.000039 0.941535 0.058426 
0.000027 0.975991 0.023982 
0.014714 0.632204 0.353082 
0.000033 0.975343 0.024624 
0.000025 0.987295 0.012680 
0.000023 0.971763 0.028214 
0.083105 0.409008 0.507886 
0.070432 0.377792 0.551777 
0.072797 0.435110 0.492093 
0.289204 0.380160 0.330636 
0.320435 0.353494 0.326071 
0.044081 0.039518 0.916401 
0.040279 0.029701 0.930020 
0.060653 0.455570 0.483778 
0.068879 0.426926 0.504195 
0.062775 0.378747 0.558478 
0.007925 0.009562 0.982513 
0.047768 0.000738 0.951494 
0.015539 0.020575 0.963885 
0.034805 0.033977 0.931218 
0.011866 0.009681 0.978453 
0.017504 0.008717 0.973779 
0.030135 0.048930 0.920935 
0.018650 0.043690 0.937660 
0.014761 0.017607 0.967632 
0.015034 0.062351 0.922615 
0.005635 0.042222 0.952144 
0.054420 0.143049 0.802531 
0.030082 0.046568 0.923350 
0.007487 0.013390 0.979124 
0.026734 0.046713 0.926553 
0.019073 0.043653 0.937274 
0.034480 0.001661 0.963859 
0.045215 0.427547 0.527238 
0.035912 0.035890 0.928198 
0.125958 0.382078 0.491964 
0.015432 0.143494 0.841074 
0.032132 0.047038 0.920830 
0.007181 0.205214 0.787605 
0.004713 0.186564 0.808723 
0.023805 0.215655 0.760540 
0.083462 0.378487 0.538051 
0.016447 0.092894 0.890659 
0.134377 0.474980 0.390643 
0.027051 0.082822 0.890127 
0.139160 0.365358 0.495482 
0.117389 0.325753 0.556858 
0.041610 0.041543 0.916847 
0.041873 0.075105 0.883021 
0.030261 0.010809 0.958930 
0.009864 0.053602 0.936534 
0.295850 0.267755 0.436395 
0.105841 0.422961 0.471197 
0.065023 0.158978 0.775999 
0.059631 0.216000 0.724369 
0.062749 0.232502 0.704749 
0.098135 0.363190 0.538675 
0.036328 0.072657 0.891014 
0.061541 0.016141 0.922318 
0.054688 0.088261 0.857051 
0.040712 0.147404 0.811884 
0.064072 0.074976 0.860952 
0.066927 0.152266 0.780807 
0.048248 0.129382 0.822370 
0.166999 0.442213 0.390788 
0.113909 0.476350 0.409741 
0.053481 0.206810 0.739709 
0.123240 0.391313 0.485447 
0.083840 0.007936 0.908223 
0.222906 0.347114 0.429980 
0.013283 0.895858 0.090858 
0.024014 0.018365 0.957620 
0.026586 0.065579 0.907835 
0.028992 0.062607 0.908401 
0.018614 0.059712 0.921675 
0.016302 0.063344 0.920354 
0.073583 0.338150 0.588266 
0.081544 0.328224 0.590233 
0.072328 0.353691 0.573981 
0.073923 0.314445 0.611632 
0.117348 0.307491 0.575161 
0.025081 0.031492 0.943427 
0.336425 0.069800 0.593775 
0.037455 0.088249 0.874295 
0.068989 0.068017 0.862994 
0.026951 0.108118 0.864931 
0.025080 0.111327 0.863593 
0.028027 0.033111 0.938862 
0.038092 0.139519 0.822389 
0.030448 0.152818 0.816734 
0.050962 0.132187 0.816851 
0.078632 0.293969 0.627398 
0.109287 0.310533 0.580180 
0.047486 0.000955 0.951559 
0.039849 0.225876 0.734275 
0.064749 0.399553 0.535699 
0.037256 0.010568 0.952175 
0.128674 0.299692 0.571634 
0.040706 0.469624 0.489670 
0.033573 0.036992 0.929435 
0.046447 0.100268 0.853284 
0.095102 0.427641 0.477257 
0.093074 0.389671 0.517256 
0.143782 0.270826 0.585392 
0.064749 0.449683 0.485568 
0.138207 0.077130 0.784663 
0.151362 0.418217 0.430421 
0.287050 0.295741 0.417208 
0.122894 0.434610 0.442496 
0.011466 0.099457 0.889077 
0.073937 0.039369 0.886695 
0.110134 0.054692 0.835173 
0.048781 0.089557 0.861662 
0.025342 0.046877 0.927782 
0.021664 0.010921 0.967415 
0.038006 0.169488 0.792506 
0.096710 0.001005 0.902285 
0.003334 0.262160 0.734506 
0.030049 0.095234 0.874717 
0.007237 0.042025 0.950738 
0.024573 0.068879 0.906548 
0.023849 0.001749 0.974402 
0.022973 0.080773 0.896254 
0.023880 0.062781 0.913338 
0.052943 0.076317 0.870740 
0.040165 0.032404 0.927431 
0.035798 0.036014 0.928188 
0.047230 0.012192 0.940578 
0.031069 0.050135 0.918796 
0.015723 0.110008 0.874268 
0.031586 0.035480 0.932934 
0.042360 0.032036 0.925604 
0.033644 0.022631 0.943725 
0.084289 0.033906 0.881804 
0.042646 0.050525 0.906829 
0.015873 0.006572 0.977555 
0.038431 0.041566 0.920003 
0.095480 0.639915 0.264605 
0.017545 0.292217 0.690237 
0.037889 0.034308 0.927803 
0.027097 0.064947 0.907956 
0.025456 0.020301 0.954243 
0.029671 0.154282 0.816047 
0.066956 0.065899 0.867145 
0.033962 0.032102 0.933936 
0.018127 0.057720 0.924152 
0.035150 0.081818 0.883033 
0.022073 0.059630 0.918297 
0.053104 0.061309 0.885587 
0.026896 0.089422 0.883682 
0.031695 0.000728 0.967577 
0.054475 0.052481 0.893044 
0.134769 0.448512 0.416719 
0.160290 0.058720 0.780990 
0.028668 0.024276 0.947056 
0.024459 0.057502 0.918039 
0.158414 0.247244 0.594342 
0.091146 0.002730 0.906124 
0.032469 0.035153 0.932378 
0.039257 0.071330 0.889413 
0.024783 0.001995 0.973223 
0.035077 0.052393 0.912530 
0.074086 0.000857 0.925057 
0.030500 0.382614 0.586886 
0.030150 0.143751 0.826099 
0.040671 0.035463 0.923866 
0.053202 0.396172 0.550627 
0.064296 0.529767 0.405938 
0.040915 0.108535 0.850550 
0.055128 0.092994 0.851878 
0.018248 0.080871 0.900881 
0.030935 0.042667 0.926398 
0.024313 0.101817 0.873870 
0.042593 0.004337 0.953070 
0.095091 0.000283 0.904625 
0.042084 0.001440 0.956476 
0.027491 0.045963 0.926546 
0.030978 0.039628 0.929394 
0.143877 0.142793 0.713329 
0.108741 0.066238 0.825022 
0.057856 0.237015 0.705129 
0.023311 0.003535 0.973154 
0.064774 0.000115 0.935112 
0.050315 0.339287 0.610397 
0.081986 0.308350 0.609664 
0.094939 0.308272 0.596790 
0.006054 0.118545 0.875400 
0.068254 0.488845 0.442901 
0.025569 0.154332 0.820099 
0.019806 0.360849 0.619345 
0.085994 0.000367 0.913638 
0.038223 0.156216 0.805561 
0.031214 0.036078 0.932708 
0.023971 0.002488 0.973541 
0.064100 0.003164 0.932736 
0.043120 0.011518 0.945362 
0.057971 0.544962 0.397067 
0.077504 0.385046 0.537450 
0.251879 0.203964 0.544157 
0.121952 0.223270 0.654778 
0.015443 0.033994 0.950563 
0.029006 0.035032 0.935963 
0.038470 0.057613 0.903917 
0.023559 0.006788 0.969653 
0.022955 0.071264 0.905781 
0.015416 0.002293 0.982292 
0.019853 0.038194 0.941953 
0.045023 0.004597 0.950380 
0.035106 0.299766 0.665128 
0.008058 0.071008 0.920934 
0.022242 0.068884 0.908874 
0.056828 0.035931 0.907241 
0.046532 0.016634 0.936833 
0.117042 0.144814 0.738144 
0.092314 0.390984 0.516702 
0.040793 0.034161 0.925046 
0.018511 0.005874 0.975616 
0.124129 0.000030 0.875841 
0.050347 0.067361 0.882293 
0.066740 0.070340 0.862920 
0.039407 0.032462 0.928131 
0.054024 0.004241 0.941735 
0.073623 0.261138 0.665239 
0.027248 0.128850 0.843902 
0.070820 0.077651 0.851529 
0.010661 0.001825 0.987513 
0.049831 0.343338 0.606830 
0.063026 0.054903 0.882070 
0.064976 0.283494 0.651530 
0.022553 0.038150 0.939297 
0.045496 0.040627 0.913877 
0.055686 0.021178 0.923136 
0.015787 0.022555 0.961658 
0.011493 0.016944 0.971563 
0.027212 0.466627 0.506161 
0.101888 0.434799 0.463313 
0.020052 0.044520 0.935429 
0.026218 0.071167 0.902615 
0.018780 0.011492 0.969728 
0.032571 0.039248 0.928181 
0.057041 0.462238 0.480721 
0.051144 0.021918 0.926938 
0.057373 0.005819 0.936808 
0.047815 0.048467 0.903718 
0.026013 0.026473 0.947514 
0.021685 0.035870 0.942445 
0.010301 0.216057 0.773643 
0.000002 0.995929 0.004069 
0.000006 0.917640 0.082355 
0.742748 0.000639 0.256613 
0.120597 0.624947 0.254456 
0.037010 0.049134 0.913856 
0.016985 0.011628 0.971387 
0.015172 0.015791 0.969037 
0.067012 0.815607 0.117381 
0.000005 0.778267 0.221727 
0.000003 0.812686 0.187311 
0.088063 0.675781 0.236156 
0.045387 0.877793 0.076820 
0.027686 0.719507 0.252807 
0.000004 0.865473 0.134523 
0.085486 0.840574 0.073940 
0.082709 0.615101 0.302190 
0.000006 0.784206 0.215788 
0.064211 0.779155 0.156634 
0.000002 0.853293 0.146705 
0.000006 0.741632 0.258362 
0.136274 0.715645 0.148081 
0.069080 0.739568 0.191351 
0.000003 0.832286 0.167711 
0.055322 0.494322 0.450356 
0.044988 0.663774 0.291238 
0.060635 0.404481 0.534884 
0.083819 0.513470 0.402712 
0.039465 0.628736 0.331799 
0.047068 0.538231 0.414701 
0.242887 0.420635 0.336478 
0.092039 0.755555 0.152406 
0.017066 0.688759 0.294176 
0.064073 0.615286 0.320642 
0.057565 0.799381 0.143054 
0.000006 0.815011 0.184983 
0.736519 0.000538 0.262943 
0.000006 0.860608 0.139386 
0.000003 0.987133 0.012864 
0.030027 0.969094 0.000879 
0.000002 0.995643 0.004356 
0.000001 0.987371 0.012628 
0.000001 0.999693 0.000306 
0.000002 0.879333 0.120665 
0.059137 0.169893 0.770970 
0.048956 0.305897 0.645146 
0.000006 0.930557 0.069437 
0.000008 0.903438 0.096554 
0.000003 0.799658 0.200339 
0.670728 0.019982 0.309291 
0.661646 0.019587 0.318767 
0.006439 0.075701 0.917859 
0.005535 0.072433 0.922032 
0.011311 0.106947 0.881742 
0.033329 0.091250 0.875421 
0.044772 0.096335 0.858894 
0.021692 0.929807 0.048501 
0.000004 0.881670 0.118326 
0.175847 0.601184 0.222969 
0.000004 0.784061 0.215934 
0.000006 0.897011 0.102983 
0.023966 0.607476 0.368558 
0.033122 0.789269 0.177609 
0.146473 0.657984 0.195543 
0.000001 0.972866 0.027134 
0.016723 0.944144 0.039133 
0.048390 0.853808 0.097802 
0.087757 0.717884 0.194359 
0.031794 0.865150 0.103056 
0.075649 0.847521 0.076829 
0.051326 0.794163 0.154511 
0.028537 0.867107 0.104356 
0.046305 0.796545 0.157150 
0.020384 0.936842 0.042774 
0.095319 0.873663 0.031019 
0.087058 0.347519 0.565423 
0.042402 0.798054 0.159544 
0.052503 0.847053 0.100444 
0.055290 0.849503 0.095207 
0.012403 0.883354 0.104243 
0.022321 0.802637 0.175042 
0.019744 0.794865 0.185391 
0.199609 0.731165 0.069226 
0.074008 0.085356 0.840636 
0.034193 0.880677 0.085130 
0.047863 0.847971 0.104166 
0.076219 0.764156 0.159625 
0.026090 0.908140 0.065770 
0.070842 0.815306 0.113852 
0.064019 0.830649 0.105332 
0.049552 0.823262 0.127186 
0.138209 0.739051 0.122740 
0.012058 0.949757 0.038185 
0.011756 0.917307 0.070937 
0.026333 0.770956 0.202711 
0.035309 0.863716 0.100975 
0.015458 0.829863 0.154679 
0.050294 0.823530 0.126176 
0.065847 0.874457 0.059697 
0.027553 0.930073 0.042373 
0.014800 0.808565 0.176635 
0.028775 0.835585 0.135640 
0.190645 0.598400 0.210956 
0.033002 0.875381 0.091617 
0.032743 0.870610 0.096647 
0.031280 0.860528 0.108192 
0.109477 0.744934 0.145590 
0.075852 0.830800 0.093348 
0.215062 0.709040 0.075898 
0.098191 0.824941 0.076867 
0.019912 0.855139 0.124949 
0.050317 0.801906 0.147777 
0.089369 0.802634 0.107997 
0.029931 0.817912 0.152157 
0.019934 0.858019 0.122047 
0.103196 0.782815 0.113988 
0.091837 0.839892 0.068272 
0.033816 0.859243 0.106942 
0.054620 0.883352 0.062028 
0.046630 0.867728 0.085642 
0.071419 0.842568 0.086013 
0.054557 0.844901 0.100542 
0.024321 0.885439 0.090240 
0.030358 0.857237 0.112405 
0.200632 0.701461 0.097907 
0.089111 0.802664 0.108225 
0.055829 0.053686 0.890485 
0.039570 0.822203 0.138227 
0.067950 0.804187 0.127864 
0.017959 0.837286 0.144755 
0.022778 0.862990 0.114232 
0.197982 0.730082 0.071936 
0.031932 0.849276 0.118792 
0.052292 0.699976 0.247732 
0.021615 0.872800 0.105585 
0.122962 0.726108 0.150930 
0.107129 0.855565 0.037306 
0.427808 0.483524 0.088668 
0.096166 0.692774 0.211060 
0.032586 0.818050 0.149364 
0.031442 0.877230 0.091329 
0.128174 0.727717 0.144109 
0.068717 0.798306 0.132977 
0.043498 0.824368 0.132134 
0.079146 0.841255 0.079598 
0.115856 0.864892 0.019252 
0.039532 0.858576 0.101893 
0.102287 0.789109 0.108604 
0.040070 0.883620 0.076310 
0.017428 0.853575 0.128997 
0.022977 0.825714 0.151309 
0.074097 0.800858 0.125045 
0.029631 0.512548 0.457821 
0.020908 0.900216 0.078877 
0.011158 0.168127 0.820715 
0.050800 0.883777 0.065422 
0.024898 0.870810 0.104292 
0.925926 0.058915 0.015159 
0.072910 0.761260 0.165830 
0.112146 0.717277 0.170578 
0.006300 0.847197 0.146503 
0.053329 0.744043 0.202628 
0.072128 0.811825 0.116048 
0.048769 0.868980 0.082251 
0.057747 0.865850 0.076402 
0.059785 0.778322 0.161893 
0.017378 0.883563 0.099059 
0.085140 0.787053 0.127808 
0.058700 0.821924 0.119376 
0.025096 0.841920 0.132985 
0.042719 0.827620 0.129661 
0.057771 0.744240 0.197990 
0.079117 0.824691 0.096192 
0.090251 0.787337 0.122412 
0.051955 0.772633 0.175412 
0.046776 0.860138 0.093087 
0.007314 0.932973 0.059713 
0.170552 0.738693 0.090754 
0.184223 0.694561 0.121216 
0.102972 0.711045 0.185984 
0.125625 0.791063 0.083312 
0.020728 0.929302 0.049970 
0.043315 0.847190 0.109495 
0.029405 0.832482 0.138113 
0.179173 0.727690 0.093137 
0.115312 0.787351 0.097337 
0.224966 0.680407 0.094627 
0.059269 0.787178 0.153554 
0.051328 0.791144 0.157529 
0.180420 0.737632 0.081948 
0.222587 0.675551 0.101861 
0.035000 0.855055 0.109945 
0.087226 0.628577 0.284196 
0.049846 0.826152 0.124002 
0.029074 0.751129 0.219797 
0.027406 0.845757 0.126836 
0.110002 0.652330 0.237668 
0.159175 0.778583 0.062243 
0.058241 0.806074 0.135685 
0.072369 0.393813 0.533818 
0.270451 0.709141 0.020408 
0.063997 0.732833 0.203170 
0.055632 0.834846 0.109522 
0.078978 0.855749 0.065273 
0.048525 0.854392 0.097083 
0.049103 0.804267 0.146630 
0.072582 0.813612 0.113807 
0.035335 0.865799 0.098866 
0.093709 0.850575 0.055716 
0.104911 0.790590 0.104499 
0.025024 0.771549 0.203427 
0.057196 0.853887 0.088917 
0.060856 0.831449 0.107694 
0.215505 0.748193 0.036302 
0.102652 0.856910 0.040438 
0.092149 0.746518 0.161333 
0.038150 0.810264 0.151586 
0.054373 0.845470 0.100157 
0.074954 0.726756 0.198290 
0.050770 0.836165 0.113065 
0.040041 0.778301 0.181658 
0.003016 0.906749 0.090234 
0.131169 0.730054 0.138777 
0.014710 0.832168 0.153122 
0.079044 0.782827 0.138129 
0.117650 0.705286 0.177064 
0.021297 0.845042 0.133661 
0.124631 0.740779 0.134590 
0.088573 0.703819 0.207608 
0.324529 0.620074 0.055397 
0.101571 0.795916 0.102513 
0.139621 0.839687 0.020692 
0.032644 0.873947 0.093409 
0.063642 0.825545 0.110813 
0.083625 0.797545 0.118830 
0.041069 0.807599 0.151332 
0.051710 0.801968 0.146322 
0.070924 0.846783 0.082293 
0.037953 0.742988 0.219059 
0.001793 0.958640 0.039568 
0.213512 0.638669 0.147819 
0.324666 0.572699 0.102635 
0.000334 0.720000 0.279667 
0.417564 0.517111 0.065326 
0.011224 0.168646 0.820130 
0.406078 0.546175 0.047747 
0.215879 0.515373 0.268748 
0.167215 0.734021 0.098764 
0.300879 0.609888 0.089233 
0.303408 0.535251 0.161341 
0.286159 0.631059 0.082782 
0.323249 0.562349 0.114402 
0.256173 0.577744 0.166083 
0.152490 0.508434 0.339075 
0.033528 0.073491 0.892981 
0.354937 0.608866 0.036197 
0.006189 0.353272 0.640538 
0.026362 0.175124 0.798514 
0.020725 0.065581 0.913694 
0.006158 0.381207 0.612635 
0.226777 0.515572 0.257651 
0.020716 0.089457 0.889827 
0.133430 0.628562 0.238008 
0.017799 0.048318 0.933883 
0.105650 0.633253 0.261097 
0.544276 0.288925 0.166799 
0.258758 0.518308 0.222934 
0.050294 0.632427 0.317279 
0.022055 0.017815 0.960130 
0.045249 0.042566 0.912185 
0.017882 0.006852 0.975266 
0.024182 0.031003 0.944815 
0.024938 0.003123 0.971939 
0.111778 0.468402 0.419820 
0.174158 0.180094 0.645748 
0.011065 0.032020 0.956915 
0.001945 0.015617 0.982438 
0.004226 0.032426 0.963349 
0.036593 0.141578 0.821829 
0.033219 0.202229 0.764551 
0.086962 0.367252 0.545786 
0.080019 0.509032 0.410949 
0.044288 0.036339 0.919373 
0.039387 0.034644 0.925968 
0.040234 0.041208 0.918558 
0.042681 0.025777 0.931542 
0.039957 0.024914 0.935129 
0.021971 0.027258 0.950771 
0.035702 0.000030 0.964268 
0.030600 0.013703 0.955696 
0.034771 0.005009 0.960219 
0.031763 0.003541 0.964695 
0.026380 0.007645 0.965975 
0.050184 0.058928 0.890888 
0.000011 0.727826 0.272164 
0.034164 0.143394 0.822443 
0.000023 0.731429 0.268548 
0.025160 0.000039 0.974801 
0.316772 0.362520 0.320708 
0.397870 0.340555 0.261576 
0.040477 0.037654 0.921869 
0.000006 0.247844 0.752150 
0.022046 0.025266 0.952688 
0.077860 0.632380 0.289760 
0.043059 0.087163 0.869778 
0.000005 0.914335 0.085660 
0.000005 0.983924 0.016071 
0.020576 0.035205 0.944219 
0.000007 0.985005 0.014988 
0.012565 0.004137 0.983298 
0.013899 0.003999 0.982102 
0.024018 0.000022 0.975960 
0.121239 0.452158 0.426603 
0.878725 0.109640 0.011635 
0.964844 0.022114 0.013042 
0.959388 0.034392 0.006220 
0.959329 0.033964 0.006707 
0.793537 0.163812 0.042651 
0.906858 0.064994 0.028148 
0.950054 0.028063 0.021883 
0.908583 0.054414 0.037003 
0.893518 0.061441 0.045041 
0.877814 0.104328 0.017858 
0.927457 0.050350 0.022193 
0.922229 0.050932 0.026839 
0.923734 0.054291 0.021975 
0.923672 0.050703 0.025625 
0.929545 0.049593 0.020862 
0.941115 0.048992 0.009893 
0.931775 0.052442 0.015783 
0.915653 0.046697 0.037651 
0.895459 0.065697 0.038844 
0.906051 0.057709 0.036240 
0.912980 0.053906 0.033114 
0.951699 0.037342 0.010959 
0.947439 0.040696 0.011865 
0.950103 0.038542 0.011355 
0.948638 0.039766 0.011597 
0.907307 0.063035 0.029658 
0.863703 0.073135 0.063162 
0.882314 0.079401 0.038285 
0.834905 0.063386 0.101708 
0.658884 0.145788 0.195328 
0.779521 0.219433 0.001046 
0.969040 0.022058 0.008901 
0.746959 0.145257 0.107784 
0.822539 0.148275 0.029186 
0.957567 0.034774 0.007659 
0.878274 0.105434 0.016292 
0.949971 0.028264 0.021766 
0.975554 0.023306 0.001140 
0.830455 0.125213 0.044331 
0.978217 0.013226 0.008558 
0.827646 0.138886 0.033468 
0.981542 0.017169 0.001288 
0.879083 0.086968 0.033948 
0.789507 0.164063 0.046430 
0.800328 0.134428 0.065244 
0.974760 0.017716 0.007524 
0.718051 0.254523 0.027426 
0.741391 0.196710 0.061898 
0.873579 0.069843 0.056578 
0.972604 0.020954 0.006443 
0.975125 0.015795 0.009080 
0.930656 0.050090 0.019254 
0.971123 0.018327 0.010550 
0.935276 0.046191 0.018533 
0.942316 0.048601 0.009083 
0.913936 0.055024 0.031040 
0.945834 0.024925 0.029241 
0.906889 0.063377 0.029734 
0.910089 0.074473 0.015438 
0.848638 0.120435 0.030927 
0.710165 0.085541 0.204294 
0.878004 0.084081 0.037915 
0.866791 0.110398 0.022812 
0.936380 0.039564 0.024056 
0.715301 0.063607 0.221091 
0.985653 0.009267 0.005081 
0.933986 0.049415 0.016599 
0.864219 0.101171 0.034610 
0.953950 0.039334 0.006716 
0.876316 0.094995 0.028689 
0.911719 0.070664 0.017617 
0.821029 0.068606 0.110365 
0.911438 0.078757 0.009805 
0.868452 0.095356 0.036192 
0.693228 0.069721 0.237051 
0.888259 0.089301 0.022441 
0.840912 0.119629 0.039458 
0.815745 0.183413 0.000842 
0.879992 0.078909 0.041099 
0.167573 0.739731 0.092696 
0.893593 0.096898 0.009509 
0.919746 0.062990 0.017264 
0.849300 0.116698 0.034002 
0.927558 0.039797 0.032645 
0.842445 0.133008 0.024546 
0.958248 0.025515 0.016237 
0.906336 0.073396 0.020267 
0.858147 0.087109 0.054744 
0.873912 0.098781 0.027306 
0.927589 0.060723 0.011688 
0.939122 0.047124 0.013753 
0.923594 0.062776 0.013630 
0.994793 0.003018 0.002189 
0.887092 0.110148 0.002760 
0.925963 0.044320 0.029717 
0.936592 0.044828 0.018580 
0.899898 0.057099 0.043003 
0.872895 0.011783 0.115322 
0.855429 0.065394 0.079177 
0.782642 0.100331 0.117026 
0.763215 0.132911 0.103875 
0.804372 0.129484 0.066144 
0.869644 0.072222 0.058134 
0.781202 0.161415 0.057383 
0.866249 0.103704 0.030047 
0.874039 0.008992 0.116969 
0.907788 0.087103 0.005109 
0.914452 0.074213 0.011334 
0.739497 0.158242 0.102261 
0.767318 0.130064 0.102618 
0.895052 0.052718 0.052230 
0.821467 0.108118 0.070415 
0.873056 0.072366 0.054577 
0.916084 0.056326 0.027590 
0.904400 0.067852 0.027748 
0.714635 0.192616 0.092749 
0.893773 0.049283 0.056944 
0.938737 0.046778 0.014485 
0.915952 0.053446 0.030602 
0.905294 0.053535 0.041171 
0.763939 0.129762 0.106299 
0.387953 0.322167 0.289880 
0.891534 0.075990 0.032475 
0.555188 0.257798 0.187014 
0.766195 0.136293 0.097512 
0.977716 0.008851 0.013433 
0.924873 0.033447 0.041680 
0.949444 0.045042 0.005514 
0.945979 0.038658 0.015363 
0.956612 0.037636 0.005752 
0.925157 0.050086 0.024756 
0.933900 0.049885 0.016215 
0.927722 0.046634 0.025644 
0.898034 0.067827 0.034139 
0.945728 0.046907 0.007365 
0.893239 0.073123 0.033639 
0.957681 0.031878 0.010441 
0.971361 0.017969 0.010670 
0.951167 0.031903 0.016930 
0.922739 0.058599 0.018662 
0.943723 0.022950 0.033327 
0.927520 0.051919 0.020562 
0.495489 0.293112 0.211399 
0.951389 0.038608 0.010003 
0.781269 0.186646 0.032085 
0.935476 0.033767 0.030757 
0.912965 0.073831 0.013204 
0.929955 0.033442 0.036602 
0.943791 0.029501 0.026708 
0.879104 0.086993 0.033903 
0.913809 0.036555 0.049637 
0.922089 0.050552 0.027359 
0.856209 0.101437 0.042353 
0.874384 0.096790 0.028825 
0.935743 0.039418 0.024839 
0.900116 0.049312 0.050572 
0.917058 0.070730 0.012211 
0.961468 0.023716 0.014816 
0.936472 0.039026 0.024501 
0.830147 0.131998 0.037855 
0.929745 0.051445 0.018811 
0.955741 0.023798 0.020462 
0.921926 0.046758 0.031316 
0.913032 0.056900 0.030068 
0.888280 0.048884 0.062836 
0.885759 0.058870 0.055371 
0.826239 0.142810 0.030951 
0.948793 0.033271 0.017936 
0.729031 0.186304 0.084665 
0.934333 0.045088 0.020579 
0.964722 0.034605 0.000673 
0.922810 0.053195 0.023996 
0.936614 0.048328 0.015058 
0.920479 0.057653 0.021868 
0.907405 0.071067 0.021528 
0.963584 0.023836 0.012581 
0.861088 0.058874 0.080039 
0.940839 0.026959 0.032202 
0.912127 0.062321 0.025553 
0.924811 0.049020 0.026169 
0.961702 0.030875 0.007424 
0.935379 0.042281 0.022340 
0.965021 0.020633 0.014346 
0.788327 0.109989 0.101684 
0.969204 0.014232 0.016565 
0.875803 0.071538 0.052660 
0.818580 0.139764 0.041656 
0.909529 0.075974 0.014497 
0.929265 0.046170 0.024565 
0.858678 0.098353 0.042970 
0.921482 0.054342 0.024176 
0.906690 0.071736 0.021574 
0.623072 0.115650 0.261278 
0.956808 0.028213 0.014978 
0.919409 0.050649 0.029941 
0.945133 0.038870 0.015997 
0.956851 0.028194 0.014955 
0.899492 0.077294 0.023215 
0.925055 0.069811 0.005134 
0.893718 0.060773 0.045509 
0.861953 0.104803 0.033244 
0.890544 0.055826 0.053630 
0.859796 0.094388 0.045816 
0.790179 0.092315 0.117506 
0.978483 0.014394 0.007123 
0.903115 0.086557 0.010328 
0.917000 0.060915 0.022085 
0.821098 0.135455 0.043447 
0.974120 0.007478 0.018403 
0.900722 0.062063 0.037216 
0.889315 0.089502 0.021183 
0.956166 0.029763 0.014071 
0.970163 0.023343 0.006494 
0.876951 0.080808 0.042241 
0.969496 0.014275 0.016229 
0.892509 0.043921 0.063570 
0.901791 0.077936 0.020272 
0.887005 0.083154 0.029841 
0.892342 0.070982 0.036676 
0.671041 0.230376 0.098582 
0.921849 0.064569 0.013582 
0.895931 0.048174 0.055896 
0.775934 0.134603 0.089463 
0.907460 0.038010 0.054530 
0.913520 0.070492 0.015988 
0.924763 0.052726 0.022511 
0.895699 0.043869 0.060432 
0.938456 0.052840 0.008704 
0.935457 0.020883 0.043661 
0.937076 0.033699 0.029225 
0.062038 0.741861 0.196101 
0.918941 0.057859 0.023200 
0.929363 0.057187 0.013450 
0.876502 0.081784 0.041714 
0.935129 0.048002 0.016869 
0.930950 0.029420 0.039630 
0.957178 0.030167 0.012656 
0.980336 0.016733 0.002931 
0.883357 0.105401 0.011242 
0.878028 0.083446 0.038526 
0.950523 0.029264 0.020213 
0.981128 0.016512 0.002360 
0.913043 0.073167 0.013790 
0.920518 0.048605 0.030877 
0.915072 0.074454 0.010475 
0.934694 0.038199 0.027106 
0.936429 0.057754 0.005818 
0.909569 0.064944 0.025488 
0.879861 0.063664 0.056474 
0.918732 0.053174 0.028094 
0.927760 0.058634 0.013606 
0.906828 0.030498 0.062674 
0.953642 0.020844 0.025513 
0.939585 0.050144 0.010271 
0.964339 0.025636 0.010025 
0.917760 0.073881 0.008359 
0.926467 0.057346 0.016187 
0.943597 0.025010 0.031393 
0.944910 0.045956 0.009134 
0.897638 0.084949 0.017412 
0.937726 0.026882 0.035392 
0.882736 0.084424 0.032839 
0.939699 0.045842 0.014458 
0.950821 0.027811 0.021368 
0.935136 0.038015 0.026849 
0.911278 0.077124 0.011598 
0.840156 0.084631 0.075213 
0.940265 0.026154 0.033581 
0.942854 0.041203 0.015943 
0.901838 0.061058 0.037104 
0.915045 0.056248 0.028708 
0.962640 0.022385 0.014975 
0.882219 0.085907 0.031873 
0.955510 0.033787 0.010703 
0.970229 0.023847 0.005924 
0.932617 0.039097 0.028286 
0.923176 0.058767 0.018057 
0.937906 0.035303 0.026792 
0.793665 0.165801 0.040534 
0.988746 0.006232 0.005022 
0.974557 0.015660 0.009783 
0.948508 0.042295 0.009196 
0.958298 0.026748 0.014954 
0.975177 0.023647 0.001176 
0.430692 0.348222 0.221086 
0.934268 0.046878 0.018854 
0.918798 0.058312 0.022890 
0.964258 0.020027 0.015714 
0.923222 0.055529 0.021249 
0.960792 0.034016 0.005192 
0.940168 0.032072 0.027760 
0.745701 0.077582 0.176718 
0.916737 0.059184 0.024079 
0.829269 0.048135 0.122595 
0.865273 0.088837 0.045891 
0.970139 0.020053 0.009809 
0.857607 0.077651 0.064742 
0.966728 0.025494 0.007778 
0.863788 0.095252 0.040960 
0.935021 0.043918 0.021061 
0.928476 0.050191 0.021333 
0.900386 0.030528 0.069086 
0.913238 0.067416 0.019345 
0.922584 0.063296 0.014120 
0.980195 0.016070 0.003735 
0.915378 0.057098 0.027524 
0.792953 0.164447 0.042600 
0.932087 0.066029 0.001885 
0.860897 0.060990 0.078113 
0.857821 0.091032 0.051146 
0.889953 0.066546 0.043501 
0.929312 0.048418 0.022270 
0.918581 0.052782 0.028637 
0.244953 0.742501 0.012546 
0.815612 0.085939 0.098450 
0.929862 0.047891 0.022248 
0.788028 0.208339 0.003633 
0.931516 0.066382 0.002102 
0.960501 0.003737 0.035763 
0.860313 0.030582 0.109104 
0.915376 0.051344 0.033280 
0.937794 0.041131 0.021075 
0.869793 0.090655 0.039552 
0.855573 0.048806 0.095621 
0.945118 0.034555 0.020327 
0.940265 0.040502 0.019233 
0.916559 0.060324 0.023117 
0.927013 0.061488 0.011499 
0.925875 0.058159 0.015965 
0.963098 0.018169 0.018732 
0.822572 0.080448 0.096980 
0.930866 0.054502 0.014631 
0.957804 0.032975 0.009222 
0.903834 0.049468 0.046698 
0.962448 0.026782 0.010770 
0.938416 0.029499 0.032085 
0.939646 0.034386 0.025968 
0.912545 0.057999 0.029456 
0.997859 0.002086 0.000055 
0.881872 0.090625 0.027503 
0.914882 0.055271 0.029846 
0.921986 0.060289 0.017725 
0.907862 0.074853 0.017285 
0.972195 0.012154 0.015651 
0.856259 0.104834 0.038907 
0.947013 0.042110 0.010877 
0.845171 0.136160 0.018669 
0.978693 0.016948 0.004359 
0.858284 0.091057 0.050659 
0.862540 0.092700 0.044760 
0.938679 0.048947 0.012375 
0.913934 0.023967 0.062099 
0.963366 0.031617 0.005017 
0.929080 0.048350 0.022571 
0.963533 0.014201 0.022265 
0.929608 0.057841 0.012551 
0.953297 0.030381 0.016323 
0.917072 0.058597 0.024331 
0.743622 0.165734 0.090644 
0.972968 0.023942 0.003089 
0.901296 0.092213 0.006491 
0.953978 0.043750 0.002272 
0.885389 0.088996 0.025615 
0.961754 0.034800 0.003446 
0.931085 0.040540 0.028375 
0.926584 0.066097 0.007318 
0.855205 0.084235 0.060560 
0.946987 0.043171 0.009842 
0.943815 0.019399 0.036786 
0.966012 0.024217 0.009771 
0.951974 0.030847 0.017179 
0.924144 0.056396 0.019460 
0.971465 0.016598 0.011937 
0.960502 0.026299 0.013200 
0.928555 0.042943 0.028502 
0.970658 0.017925 0.011417 
0.929958 0.040112 0.029930 
0.817292 0.016065 0.166643 
0.913011 0.038651 0.048338 
0.718370 0.144175 0.137455 
0.954699 0.033868 0.011433 
0.862453 0.048169 0.089378 
0.977337 0.015656 0.007007 
0.921362 0.049304 0.029334 
0.903093 0.068499 0.028408 
0.925428 0.056071 0.018500 
0.937190 0.061708 0.001102 
0.902591 0.075024 0.022385 
0.875767 0.087028 0.037205 
0.920943 0.073927 0.005130 
0.883415 0.069291 0.047294 
0.917189 0.044158 0.038653 
0.957927 0.023127 0.018946 
0.979472 0.019870 0.000658 
0.969119 0.025077 0.005804 
0.919768 0.056975 0.023256 
0.845485 0.120020 0.034495 
0.936368 0.037342 0.026289 
0.925156 0.041311 0.033534 
0.964103 0.032073 0.003824 
0.931299 0.039624 0.029077 
0.928351 0.037435 0.034214 
0.872222 0.047661 0.080118 
0.938007 0.044860 0.017133 
0.957189 0.020712 0.022098 
0.907675 0.073282 0.019044 
0.944454 0.038498 0.017048 
0.931964 0.041396 0.026640 
0.866734 0.089103 0.044162 
0.913323 0.063789 0.022888 
0.957102 0.008354 0.034544 
0.919097 0.064111 0.016792 
0.881496 0.079345 0.039159 
0.936882 0.048866 0.014252 
0.925688 0.022657 0.051655 
0.794705 0.145160 0.060134 
0.846153 0.116369 0.037478 
0.914510 0.059489 0.026002 
0.880845 0.068612 0.050543 
0.359478 0.630443 0.010079 
0.088919 0.515479 0.395602 
0.072943 0.556814 0.370243 
0.040228 0.537457 0.422315 
0.050551 0.543565 0.405884 
0.084661 0.489097 0.426242 
0.069103 0.495490 0.435407 
0.110983 0.438231 0.450786 
0.059629 0.502654 0.437717 
0.066993 0.473820 0.459187 
0.072982 0.490186 0.436832 
0.091838 0.468025 0.440138 
0.056846 0.529143 0.414011 
0.084853 0.451256 0.463890 
0.073250 0.468294 0.458457 
0.092894 0.455115 0.451991 
0.092149 0.454892 0.452958 
0.059451 0.823810 0.116739 
0.039005 0.872849 0.088146 
0.023993 0.855487 0.120519 
0.022703 0.416716 0.560581 
0.063309 0.858264 0.078428 
0.005651 0.886263 0.108086 
0.093604 0.786878 0.119518 
0.184263 0.757886 0.057851 
0.062512 0.846035 0.091453 
0.012755 0.886226 0.101019 
0.150398 0.793035 0.056567 
0.037308 0.900455 0.062237 
0.077210 0.798865 0.123924 
0.006120 0.906492 0.087388 
0.042658 0.857653 0.099689 
0.037285 0.876280 0.086435 
0.034182 0.851843 0.113975 
0.025582 0.894113 0.080305 
0.038265 0.827035 0.134701 
0.034363 0.824839 0.140798 
0.012062 0.894408 0.093529 
0.092504 0.845301 0.062195 
0.067358 0.868229 0.064413 
0.016166 0.899966 0.083867 
0.042201 0.798415 0.159383 
0.056406 0.812185 0.131408 
0.052177 0.831418 0.116405 
0.062206 0.757363 0.180431 
0.034477 0.843279 0.122244 
0.009084 0.874785 0.116130 
0.083074 0.770200 0.146725 
0.029642 0.835941 0.134417 
0.029961 0.876860 0.093180 
0.076428 0.779342 0.144231 
0.057189 0.871375 0.071436 
0.040588 0.891052 0.068360 
0.046174 0.830185 0.123642 
0.038446 0.854364 0.107189 
0.067996 0.788539 0.143465 
0.002106 0.937597 0.060298 
0.035976 0.795274 0.168750 
0.089177 0.833168 0.077655 
0.009735 0.877981 0.112285 
0.033557 0.843160 0.123283 
0.002253 0.928419 0.069329 
0.145207 0.764277 0.090516 
0.078010 0.818948 0.103041 
0.102011 0.860061 0.037928 
0.036895 0.859386 0.103719 
0.035844 0.901477 0.062679 
0.085147 0.851399 0.063453 
0.062060 0.845058 0.092882 
0.108318 0.764966 0.126715 
0.032867 0.881615 0.085518 
0.030235 0.830227 0.139538 
0.019956 0.872843 0.107201 
0.025238 0.885006 0.089756 
0.109699 0.493333 0.396968 
0.092512 0.326197 0.581290 
0.066905 0.309184 0.623910 
0.074330 0.357694 0.567977 
0.076939 0.414074 0.508987 
0.084305 0.369262 0.546434 
0.094266 0.346128 0.559606 
0.091438 0.376184 0.532378 
0.054187 0.374170 0.571643 
0.068364 0.332249 0.599386 
0.085194 0.427886 0.486921 
0.061467 0.407472 0.531062 
0.084760 0.327618 0.587622 
0.082520 0.374101 0.543379 
0.090598 0.449257 0.460145 
0.089445 0.359572 0.550983 
0.056017 0.403947 0.540036 
0.091827 0.387803 0.520371 
0.100748 0.397826 0.501426 
0.067287 0.347191 0.585522 
0.057968 0.352811 0.589221 
0.062923 0.337611 0.599465 
0.060448 0.411778 0.527774 
0.081179 0.539565 0.379256 
0.035469 0.058199 0.906332 
0.025580 0.055685 0.918735 
0.098248 0.397720 0.504032 
0.022224 0.047275 0.930502 
0.034871 0.007269 0.957861 
0.027483 0.041158 0.931359 
0.027748 0.049675 0.922577 
0.002188 0.359148 0.638664 
0.025914 0.777626 0.196460 
0.087336 0.392545 0.520119 
0.000054 0.943930 0.056016 
0.021599 0.037926 0.940475 
0.028026 0.043672 0.928302 
0.019476 0.018210 0.962315 
0.011351 0.113831 0.874818 
0.031176 0.026283 0.942541 
0.013330 0.044086 0.942584 
0.025061 0.069828 0.905111 
0.208063 0.265054 0.526883 
0.025402 0.004387 0.970211 
0.038685 0.013257 0.948058 
0.040800 0.054293 0.904907 
0.034560 0.039309 0.926131 
0.006939 0.102217 0.890844 
0.009225 0.031430 0.959345 
0.050171 0.577670 0.372160 
0.032182 0.075725 0.892093 
0.014310 0.073212 0.912478 
0.026462 0.017667 0.955871 
0.033697 0.040659 0.925645 
0.039185 0.010610 0.950205 
0.045395 0.150222 0.804384 
0.000895 0.283113 0.715992 
0.046067 0.050532 0.903401 
0.026752 0.034622 0.938626 
0.027380 0.041185 0.931435 
0.037626 0.098507 0.863867 
0.026389 0.030807 0.942805 
0.026860 0.025407 0.947733 
0.032925 0.312678 0.654397 
0.010458 0.060201 0.929341 
0.029641 0.012148 0.958210 
0.069241 0.098200 0.832559 
0.021969 0.342508 0.635523 
0.019998 0.079780 0.900222 
0.034115 0.051007 0.914877 
0.046232 0.096516 0.857252 
0.006216 0.063405 0.930379 
0.014448 0.100606 0.884946 
0.011016 0.039713 0.949271 
0.025185 0.298350 0.676464 
0.023769 0.024159 0.952072 
0.000838 0.385507 0.613655 
0.037690 0.080168 0.882143 
0.066812 0.003031 0.930158 
0.038452 0.022275 0.939273 
0.077638 0.303172 0.619190 
0.107909 0.687112 0.204979 
0.117794 0.310284 0.571922 
0.012035 0.020234 0.967731 
0.024733 0.030683 0.944583 
0.014395 0.055524 0.930081 
0.012941 0.066235 0.920824 
0.032178 0.059140 0.908682 
0.040510 0.023458 0.936032 
0.076403 0.622002 0.301594 
0.024323 0.044263 0.931414 
0.040132 0.121059 0.838809 
