-7639631.159397
0
0.000538 0.001134 0.000476 0.006775 0.000550 0.000000 0.000000 0.000000 0.000000 0.003339 0.006488 0.004592 0.000000 0.000000 0.000000 0.000846 0.003277 0.004523 0.002280 0.003422 0.001265 0.003642 0.001321 0.014391 0.001615 0.000000 0.000411 0.000000 0.000000 0.000000 0.000000 0.000000 0.000000 0.001050 0.000000 0.002920 0.000000 0.000000 0.000000 0.000000 0.000000 0.000000 0.000000 0.000000 0.002098 0.000622 0.002550 0.008939 0.000770 0.001528 0.000000 0.000000 0.000000 0.000000 0.000000 0.000281 0.000000 0.016009 0.033580 0.020502 0.000000 0.000000 0.000000 0.000000 0.004956 0.011033 0.002827 0.010668 0.000588 0.001793 0.000000 0.000657 0.040709 0.007829 0.004321 0.292979 0.000000 0.000000 0.000000 0.000000 0.000000 0.016142 0.301322 0.036779 0.000090 0.000269 0.000391 0.001833 0.002480 0.007613 0.004699 0.007679 0.006459 0.009348 0.002116 0.072685 
0.002671 0.000000 0.000000 0.000000 0.000000 0.000000 0.000000 0.000000 0.000000 0.034302 0.000000 0.021547 0.000000 0.000000 0.000000 0.000000 0.000000 0.000000 0.000000 0.000142 0.000000 0.000000 0.000000 0.000000 0.000000 0.000000 0.000694 0.003656 0.000091 0.001111 0.000000 0.001247 0.091351 0.321567 0.076548 0.237952 0.000789 0.000000 0.000000 0.000000 0.000000 0.000000 0.000000 0.000000 0.000000 0.000000 0.000000 0.000000 0.000483 0.000000 0.000000 0.000000 0.000000 0.000000 0.000000 0.000000 0.000000 0.046636 0.000000 0.016531 0.000000 0.000000 0.000000 0.000000 0.000000 0.000000 0.000000 0.000410 0.000000 0.000000 0.000392 0.000000 0.001619 0.000920 0.000000 0.000000 0.000000 0.000000 0.001008 0.000000 0.000000 0.061313 0.007876 0.068396 0.000000 0.000000 0.000000 0.000000 0.000000 0.000000 0.000124 0.000000 0.000000 0.000000 0.000150 0.000473 
0.034703 0.032984 0.026670 0.024216 0.007094 0.004103 0.000949 0.004110 0.005397 0.000000 0.000000 0.000189 0.000000 0.001771 0.002817 0.000573 0.004908 0.000000 0.000000 0.000000 0.000000 0.000000 0.000000 0.000000 0.105272 0.085709 0.071587 0.059718 0.008914 0.009966 0.008820 0.009275 0.019493 0.000000 0.003959 0.006701 0.001258 0.001090 0.008604 0.004396 0.002322 0.000586 0.000000 0.001617 0.000000 0.000000 0.000361 0.000000 0.048220 0.056650 0.041952 0.029140 0.004107 0.006638 0.004915 0.002219 0.006092 0.002680 0.000000 0.000000 0.002198 0.002210 0.004267 0.002385 0.006601 0.000000 0.000000 0.002261 0.000028 0.000000 0.000000 0.000000 0.044678 0.068026 0.035544 0.043480 0.000000 0.009300 0.001787 0.000000 0.000000 0.007432 0.000000 0.001161 0.000955 0.001052 0.002322 0.000000 0.001569 0.000000 0.000000 0.000000 0.000000 0.000000 0.000000 0.000000 
0.030734 0.014969 0.011208 0.009175 0.018442 0.015166 0.019580 0.014108 0.017762 0.016063 0.000000 0.018135 0.004100 0.004122 0.008491 0.000000 0.019507 0.016839 0.039987 0.030680 0.006240 0.006081 0.012175 0.001720 0.002220 0.000000 0.000330 0.000000 0.017006 0.016403 0.019855 0.019529 0.018409 0.015175 0.009923 0.017363 0.000000 0.000820 0.000000 0.004634 0.007742 0.016549 0.022333 0.019418 0.002962 0.005556 0.012909 0.000000 0.023569 0.018193 0.015053 0.015639 0.017846 0.026788 0.025884 0.023364 0.004999 0.000134 0.014470 0.014642 0.003960 0.005046 0.005694 0.003847 0.000000 0.014669 0.024808 0.010214 0.006050 0.000000 0.000000 0.000000 0.004331 0.006173 0.002741 0.005386 0.000000 0.012125 0.012810 0.005740 0.000000 0.018335 0.000000 0.009116 0.000000 0.002476 0.000000 0.004025 0.004711 0.014224 0.014407 0.014367 0.006692 0.010073 0.012973 0.000000 
0.000530 0.000100 0.000000 0.000000 0.000000 0.000000 0.000000 0.000071 0.000278 0.000389 0.000111 0.000000 0.001663 0.000000 0.000000 0.000349 0.000000 0.008620 0.000076 0.000000 0.000000 0.000000 0.014767 0.000000 0.000000 0.000000 0.000000 0.000000 0.000062 0.000000 0.000000 0.000000 0.000000 0.000271 0.000106 0.000105 0.000000 0.000000 0.000000 0.000000 0.000000 0.100468 0.000000 0.000406 0.000000 0.000000 0.015183 0.000054 0.000430 0.000000 0.000000 0.000000 0.000000 0.001044 0.003844 0.001009 0.000110 0.000000 0.000968 0.000000 0.000000 0.000000 0.000000 0.000000 0.000000 0.000802 0.000000 0.000000 0.053154 0.117566 0.571422 0.083187 0.000000 0.000000 0.000000 0.000000 0.000754 0.000000 0.000000 0.000000 0.000481 0.000206 0.000465 0.000060 0.000000 0.000000 0.000000 0.000000 0.000000 0.020377 0.000222 0.000000 0.000000 0.000290 0.000000 0.000000 
0.000000 0.000000 0.000000 0.000000 0.000000 0.001217 0.000000 0.000697 0.000000 0.003036 0.017965 0.000000 0.008987 0.023720 0.000000 0.005175 0.037752 0.023305 0.013956 0.018312 0.000000 0.002952 0.000000 0.000000 0.000389 0.000000 0.000000 0.000000 0.000000 0.000000 0.000000 0.000000 0.000000 0.012308 0.026100 0.001213 0.000000 0.000000 0.000000 0.000000 0.018785 0.010045 0.000353 0.013842 0.001189 0.000000 0.000000 0.000000 0.000276 0.006598 0.000000 0.000000 0.001130 0.003433 0.000000 0.000379 0.004593 0.054894 0.031429 0.018378 0.003109 0.012937 0.000000 0.000000 0.156654 0.093004 0.093542 0.106513 0.000000 0.001339 0.000000 0.000000 0.000000 0.000825 0.000000 0.000000 0.000000 0.000000 0.000000 0.000000 0.005845 0.010066 0.015952 0.008915 0.003100 0.004472 0.000000 0.000000 0.037883 0.037030 0.018185 0.027774 0.000000 0.000000 0.000446 0.000000 
0.000621 0.002506 0.000117 0.000000 0.000239 0.000709 0.000000 0.002213 0.013284 0.005083 0.019753 0.006709 0.000000 0.003594 0.000000 0.006754 0.030808 0.029626 0.099975 0.018794 0.001141 0.002365 0.001848 0.001005 0.014487 0.031965 0.023977 0.032112 0.000000 0.000000 0.000714 0.000402 0.011009 0.000000 0.033576 0.009105 0.000000 0.005082 0.000000 0.000000 0.026979 0.033668 0.132571 0.034882 0.001504 0.013427 0.018732 0.002329 0.000248 0.000546 0.002902 0.000000 0.000000 0.002753 0.000000 0.001057 0.021809 0.008312 0.017110 0.014889 0.000000 0.001594 0.001273 0.002840 0.031843 0.019876 0.061007 0.026017 0.000000 0.002182 0.000000 0.002358 0.001227 0.001604 0.001670 0.000000 0.000000 0.000000 0.000000 0.002376 0.002484 0.002487 0.000000 0.000001 0.000000 0.000000 0.000000 0.000000 0.017462 0.018312 0.043628 0.015341 0.000000 0.000000 0.001129 0.000000 
0.000760 0.000893 0.000295 0.000622 0.002650 0.000902 0.000487 0.002376 0.003618 0.000764 0.002667 0.001022 0.000174 0.000400 0.000480 0.000206 0.000457 0.000354 0.000000 0.000346 0.000000 0.000000 0.000190 0.000000 0.001970 0.000852 0.000216 0.000403 0.004289 0.001009 0.000999 0.004184 0.007887 0.002945 0.005471 0.001111 0.000000 0.000330 0.000488 0.000187 0.000000 0.000000 0.000000 0.000042 0.000000 0.000000 0.000000 0.000000 0.001019 0.000868 0.000227 0.000806 0.001074 0.000496 0.000132 0.001989 0.007037 0.002145 0.004210 0.000000 0.000084 0.000131 0.000000 0.000103 0.000234 0.000043 0.000162 0.000000 0.000146 0.000092 0.000000 0.000046 0.027496 0.018851 0.006471 0.014000 0.168501 0.056609 0.020106 0.190518 0.221121 0.046522 0.046697 0.108631 0.000143 0.000294 0.000000 0.000199 0.000156 0.000510 0.000000 0.000000 0.000000 0.000000 0.000085 0.000000 
0.000210 0.000301 0.000000 0.000000 0.001105 0.001010 0.000426 0.001549 0.014013 0.005328 0.293004 0.004068 0.000344 0.000000 0.000370 0.001482 0.000334 0.000000 0.001015 0.000000 0.000000 0.000000 0.000000 0.000000 0.002636 0.001318 0.001518 0.000000 0.000000 0.000000 0.000000 0.000000 0.005657 0.005918 0.305054 0.003661 0.000000 0.000188 0.000000 0.000707 0.000327 0.000082 0.000843 0.000188 0.000000 0.000000 0.000230 0.000000 0.000402 0.000000 0.000000 0.000000 0.000685 0.001369 0.000000 0.000000 0.014006 0.000000 0.167350 0.000463 0.000000 0.000000 0.000273 0.000000 0.000000 0.000000 0.000000 0.000000 0.000000 0.000000 0.000000 0.000000 0.000000 0.001232 0.000000 0.000000 0.000000 0.000689 0.000000 0.000000 0.002697 0.002454 0.148866 0.000711 0.000509 0.000554 0.000000 0.000000 0.001302 0.000926 0.002269 0.000000 0.000000 0.000000 0.000357 0.000000 
0.000000 0.000007 0.000000 0.000000 0.000000 0.000653 0.000000 0.000564 0.002616 0.005424 0.061350 0.000000 0.000000 0.004176 0.000000 0.001740 0.000000 0.003022 0.000000 0.000000 0.000000 0.000000 0.000000 0.000000 0.002270 0.012714 0.004467 0.042857 0.000000 0.000000 0.000000 0.000000 0.000000 0.000000 0.038976 0.000000 0.000000 0.001424 0.000000 0.000000 0.000000 0.001791 0.003490 0.000000 0.000000 0.002518 0.001477 0.005634 0.002525 0.006339 0.001833 0.014023 0.000000 0.002942 0.000000 0.002034 0.044971 0.122210 0.471692 0.062067 0.000000 0.003431 0.000000 0.001487 0.006208 0.017726 0.004916 0.000000 0.000000 0.000964 0.000000 0.001852 0.000000 0.000000 0.000000 0.000458 0.000000 0.000000 0.000000 0.000000 0.003038 0.008516 0.018199 0.002355 0.000196 0.000000 0.000000 0.000000 0.000000 0.002845 0.000000 0.000000 0.000000 0.000000 0.000000 0.000000 
0.000000 0.009107 0.000000 0.045579 0.000000 0.000000 0.000000 0.000000 0.012372 0.010758 0.048927 0.012643 0.000902 0.000000 0.000000 0.005884 0.000000 0.004580 0.000000 0.001249 0.000000 0.002653 0.002685 0.006206 0.017651 0.029448 0.000000 0.314510 0.000000 0.000000 0.000000 0.000000 0.000000 0.000000 0.026778 0.001155 0.000000 0.004739 0.000000 0.004091 0.000000 0.007321 0.000000 0.000000 0.000000 0.000957 0.000000 0.013448 0.005102 0.020196 0.000000 0.138338 0.001826 0.000000 0.000000 0.000000 0.019285 0.000000 0.000000 0.000743 0.000000 0.003021 0.000000 0.003266 0.001848 0.001795 0.004323 0.006021 0.000326 0.001048 0.000000 0.007628 0.000783 0.028286 0.000000 0.108296 0.000000 0.000000 0.000000 0.000000 0.004974 0.014022 0.002418 0.019511 0.000000 0.002458 0.000000 0.002997 0.001224 0.006685 0.004084 0.003342 0.000000 0.001840 0.000671 0.000000 
0.000000 0.000607 0.000000 0.000578 0.000000 0.000351 0.000000 0.000000 0.000000 0.008005 0.000000 0.004402 0.000000 0.001589 0.000000 0.000000 0.000000 0.000358 0.001043 0.000000 0.000000 0.000000 0.000000 0.000000 0.000436 0.000000 0.002510 0.000814 0.000168 0.000000 0.000000 0.000217 0.044933 0.000157 0.011627 0.051151 0.000179 0.001546 0.000000 0.001098 0.000507 0.000638 0.001456 0.002144 0.000259 0.000584 0.000000 0.000000 0.000000 0.000000 0.000000 0.000000 0.000000 0.000000 0.000000 0.000000 0.000000 0.009589 0.000000 0.030131 0.000000 0.000400 0.000718 0.000000 0.000000 0.000000 0.000000 0.000000 0.000000 0.000000 0.000000 0.000421 0.000000 0.000000 0.000835 0.002203 0.000000 0.000000 0.000000 0.000000 0.237069 0.202746 0.273182 0.105016 0.000000 0.000000 0.000333 0.000000 0.000000 0.000000 0.000000 0.000000 0.000000 0.000000 0.000000 0.000000 
0.000254 0.000782 0.000353 0.000000 0.000000 0.001862 0.000000 0.000435 0.002866 0.000001 0.000000 0.001159 0.000000 0.001261 0.000000 0.005455 0.000000 0.008034 0.001274 0.004690 0.004760 0.014283 0.005655 0.057134 0.000789 0.000000 0.000000 0.000000 0.000000 0.000000 0.000000 0.001976 0.003260 0.004282 0.000001 0.003199 0.000309 0.008883 0.003400 0.026440 0.008734 0.047196 0.040805 0.075234 0.005148 0.032035 0.028573 0.237104 0.001759 0.000000 0.000000 0.000000 0.000438 0.000000 0.000000 0.000000 0.000000 0.000000 0.000000 0.000000 0.000000 0.002956 0.000000 0.005603 0.000000 0.011886 0.008307 0.007667 0.001530 0.012370 0.000000 0.076756 0.001036 0.000000 0.000000 0.001454 0.000000 0.000000 0.000000 0.002099 0.005844 0.006931 0.001958 0.004778 0.000000 0.003619 0.000000 0.009109 0.001228 0.018946 0.004598 0.010017 0.003768 0.026805 0.009035 0.121880 
0.000000 0.005352 0.000000 0.000000 0.000000 0.000000 0.000000 0.000557 0.001332 0.002223 0.000837 0.001044 0.034578 0.025478 0.060465 0.023394 0.020331 0.000381 0.005393 0.002655 0.002005 0.000000 0.003546 0.000000 0.000000 0.000000 0.000000 0.000000 0.000000 0.001318 0.000000 0.000000 0.005755 0.011952 0.003627 0.007750 0.046740 0.083596 0.189620 0.056921 0.005967 0.000000 0.000000 0.002586 0.003523 0.000557 0.013826 0.000000 0.000000 0.000000 0.000000 0.000000 0.000000 0.000000 0.000000 0.000000 0.002040 0.004188 0.000100 0.002338 0.041175 0.024083 0.066278 0.020269 0.005980 0.000767 0.000000 0.000197 0.000000 0.000000 0.000000 0.000000 0.003329 0.006337 0.000000 0.000000 0.000000 0.001120 0.000000 0.000000 0.003426 0.009469 0.001532 0.002720 0.032691 0.038998 0.061477 0.033218 0.005376 0.000000 0.000000 0.000000 0.000590 0.002198 0.006796 0.000000 
0.000000 0.000000 0.000000 0.000000 0.000000 0.000000 0.000736 0.000543 0.000000 0.032551 0.000000 0.002622 0.002805 0.000000 0.002036 0.007723 0.000000 0.000000 0.000000 0.002198 0.000624 0.000860 0.002409 0.000000 0.005258 0.001866 0.000000 0.001564 0.000000 0.000000 0.002474 0.000000 0.085758 0.109316 0.029972 0.027186 0.000000 0.000000 0.000000 0.001850 0.001691 0.000000 0.000589 0.006436 0.000000 0.000482 0.002402 0.000000 0.000000 0.000000 0.000000 0.000000 0.000000 0.000000 0.000000 0.000000 0.000000 0.022894 0.001045 0.000000 0.000000 0.000000 0.000000 0.001507 0.000000 0.000000 0.000000 0.019651 0.000000 0.000000 0.000000 0.000000 0.002460 0.006323 0.000000 0.000000 0.000000 0.002160 0.000000 0.000000 0.031180 0.417786 0.049200 0.073248 0.002289 0.003168 0.001157 0.010256 0.004718 0.003379 0.004834 0.005180 0.000885 0.002043 0.001378 0.001305 
0.000000 0.000904 0.000000 0.000000 0.000000 0.000000 0.000000 0.000000 0.079866 0.088438 0.018873 0.066928 0.000000 0.000000 0.000642 0.000000 0.001143 0.000000 0.000594 0.000000 0.000000 0.000000 0.000000 0.000000 0.000000 0.000000 0.000000 0.000000 0.000000 0.000000 0.000000 0.000000 0.029831 0.065952 0.000000 0.050226 0.000000 0.000000 0.000000 0.000666 0.000000 0.000000 0.000267 0.000000 0.000000 0.000000 0.000000 0.000000 0.000000 0.000837 0.000223 0.000000 0.000000 0.000000 0.000000 0.000000 0.133186 0.217059 0.016677 0.160402 0.000000 0.000000 0.000000 0.000000 0.000000 0.000000 0.000000 0.000000 0.000000 0.000000 0.000000 0.000000 0.000140 0.000000 0.000000 0.000487 0.000000 0.000000 0.000000 0.000502 0.021384 0.025724 0.000000 0.018631 0.000000 0.000000 0.000000 0.000000 0.000000 0.000415 0.000000 0.000000 0.000000 0.000000 0.000000 0.000000 
0.000000 0.000000 0.229402 0.106793 0.006157 0.022652 0.018855 0.022171 0.028223 0.002197 0.065909 0.000000 0.004905 0.054750 0.000000 0.437988 
0.712644 0.000000 0.011635 0.000000 0.000902 0.000036 0.000704 0.002695 0.122807 0.064643 0.033425 0.027924 0.015215 0.007368 0.000000 0.000002 
0.001830 0.000000 0.006061 0.000000 0.001480 0.019413 0.160497 0.001875 0.433399 0.268127 0.032739 0.000000 0.021243 0.007050 0.000000 0.046285 
0.000000 0.000000 0.000239 0.000000 0.000000 0.037372 0.082963 0.001729 0.627192 0.198485 0.000003 0.000000 0.019923 0.000008 0.000000 0.032086 
0.000000 0.000000 0.013274 0.000000 0.000000 0.000068 0.085445 0.006221 0.539188 0.250518 0.053164 0.000000 0.000001 0.004799 0.000000 0.047323 
0.000000 0.000000 0.238478 0.196229 0.000000 0.230548 0.000792 0.044456 0.036895 0.024338 0.000009 0.000000 0.142397 0.085851 0.000000 0.000009 
0.006864 0.000000 0.018054 0.000000 0.000000 0.014532 0.056901 0.003445 0.577205 0.272315 0.000002 0.000000 0.000000 0.006308 0.000000 0.044373 
0.016298 0.000000 0.035541 0.000000 0.000000 0.042676 0.097704 0.000041 0.415276 0.243466 0.016787 0.015995 0.000000 0.006773 0.000000 0.109444 
0.000000 0.000000 0.030782 0.009288 0.000000 0.018622 0.075864 0.008255 0.628110 0.221718 0.000003 0.000000 0.007353 0.000003 0.000000 0.000002 
0.000000 0.000000 0.026732 0.000000 0.000000 0.065567 0.083620 0.000013 0.501388 0.274027 0.019550 0.029095 0.000001 0.000002 0.000000 0.000005 
0.006967 0.000000 0.028668 0.000000 0.000761 0.055658 0.108670 0.001856 0.457749 0.239004 0.029653 0.000000 0.000000 0.001851 0.000000 0.069163 
0.000000 0.075848 0.066461 0.305028 0.001431 0.000054 0.201799 0.054047 0.210195 0.073899 0.000004 0.000000 0.000004 0.011225 0.000000 0.000005 
0.000000 0.000000 0.010763 0.000000 0.007587 0.014149 0.000403 0.703936 0.017519 0.001862 0.018943 0.140516 0.021143 0.000003 0.063169 0.000007 
0.008492 0.091998 0.042875 0.314538 0.003426 0.015091 0.114771 0.005949 0.196731 0.021188 0.007142 0.027267 0.035102 0.028919 0.000000 0.086512 
0.008260 0.081788 0.025205 0.229455 0.004726 0.015535 0.151436 0.016542 0.254477 0.038199 0.001330 0.080669 0.011342 0.018178 0.000000 0.062857 
0.010788 0.062470 0.037845 0.250657 0.002882 0.015791 0.184883 0.024771 0.223125 0.013796 0.001657 0.045614 0.006343 0.042178 0.000000 0.077200 
0.002456 0.058689 0.011038 0.197356 0.002452 0.024641 0.204719 0.034024 0.299929 0.014599 0.001017 0.047345 0.024193 0.009938 0.000000 0.067606 
0.008664 0.056032 0.016552 0.279191 0.002738 0.015213 0.186311 0.048421 0.210916 0.038411 0.004220 0.038929 0.021180 0.023114 0.000000 0.050108 
0.034497 0.064958 0.013431 0.249786 0.003855 0.017419 0.136429 0.019911 0.271554 0.019789 0.002954 0.034447 0.024993 0.028032 0.000000 0.077944 
0.023712 0.041580 0.163355 0.260881 0.009935 0.017205 0.124290 0.046750 0.167977 0.010997 0.055340 0.020817 0.007790 0.020759 0.000000 0.028611 
0.004825 0.079417 0.053381 0.284786 0.013390 0.017201 0.103520 0.053372 0.183420 0.010509 0.004323 0.057443 0.011071 0.033636 0.000000 0.089707 
0.010321 0.035585 0.006766 0.298967 0.012984 0.039256 0.226981 0.033659 0.154593 0.006962 0.001426 0.029943 0.046583 0.033769 0.000000 0.062204 
0.056269 0.047446 0.084218 0.272855 0.013472 0.017883 0.114175 0.022384 0.169949 0.014430 0.033336 0.042323 0.010693 0.039301 0.000000 0.061265 
0.005993 0.045808 0.066217 0.344410 0.006937 0.010762 0.146972 0.020122 0.193014 0.021042 0.001404 0.050566 0.021100 0.019920 0.000000 0.045734 
0.022077 0.000000 0.000000 0.000001 0.000000 0.000000 0.000000 0.888279 0.012525 0.000000 0.000000 0.077117 0.000000 0.000000 0.000000 0.000000 
0.056033 0.000000 0.000000 0.030851 0.000000 0.149007 0.293645 0.462101 0.000000 0.000000 0.000000 0.000001 0.008361 0.000000 0.000000 0.000000 
0.000000 0.015755 0.141696 0.313886 0.000000 0.025848 0.000000 0.258787 0.244026 0.000000 0.000000 0.000001 0.000000 0.000000 0.000000 0.000000 
0.000000 0.000000 0.000000 0.000001 0.002571 0.000000 0.000000 0.897517 0.007399 0.000000 0.000000 0.092512 0.000000 0.000000 0.000000 0.000000 
0.000000 0.000000 0.000000 0.000001 0.001962 0.000000 0.030290 0.937226 0.014796 0.015723 0.000000 0.000001 0.000000 0.000000 0.000000 0.000000 
0.000000 0.000000 0.000000 0.000000 0.998698 0.000000 0.000000 0.001302 0.000000 0.000000 0.000000 0.000000 0.000000 0.000000 0.000000 0.000000 
0.000000 0.000000 0.152061 0.436861 0.002723 0.027128 0.000000 0.068117 0.054201 0.000000 0.000000 0.036428 0.020367 0.092718 0.000000 0.109396 
0.000000 0.000000 0.000000 0.016487 0.000000 0.086784 0.309672 0.001633 0.105800 0.134231 0.109577 0.000000 0.000000 0.020981 0.000000 0.214835 
0.000000 0.000000 0.000000 0.000000 0.999455 0.000000 0.000000 0.000544 0.000000 0.000000 0.000000 0.000000 0.000000 0.000000 0.000000 0.000000 
0.001999 0.000000 0.000000 0.013310 0.000419 0.000000 0.000000 0.946314 0.000000 0.002105 0.002662 0.030923 0.002269 0.000000 0.000000 0.000000 
0.000000 0.000000 0.000000 0.000001 0.000000 0.000000 0.000000 0.843781 0.000000 0.000000 0.000000 0.137769 0.018449 0.000000 0.000000 0.000000 
0.856705 0.000000 0.007535 0.000000 0.000776 0.008167 0.000000 0.000353 0.045994 0.000000 0.045846 0.024675 0.009950 0.000000 0.000000 0.000000 
0.020692 0.000000 0.000000 0.014745 0.003580 0.058844 0.295343 0.004848 0.123217 0.183362 0.060684 0.026335 0.000000 0.006015 0.000000 0.202336 
0.000000 0.000000 0.000000 0.031983 0.000000 0.000000 0.000000 0.968016 0.000000 0.000000 0.000000 0.000000 0.000000 0.000000 0.000000 0.000000 
0.000000 0.022940 0.000000 0.040909 0.004842 0.018411 0.392979 0.042519 0.180863 0.199956 0.068638 0.000000 0.021655 0.006288 0.000000 0.000000 
0.000000 0.024922 0.021119 0.315114 0.017445 0.000000 0.107155 0.036071 0.276073 0.000000 0.000000 0.064889 0.006281 0.039037 0.000000 0.091895 
0.000000 0.000000 0.000000 0.065036 0.000000 0.000000 0.000000 0.854439 0.000000 0.000000 0.000000 0.080524 0.000000 0.000000 0.000000 0.000000 
0.047738 0.000000 0.000000 0.000000 0.000000 0.000000 0.000000 0.804118 0.022458 0.000000 0.000000 0.125686 0.000000 0.000000 0.000000 0.000000 
0.000000 0.000000 0.000000 0.000000 0.000000 0.000000 0.000000 0.825731 0.000000 0.000000 0.000000 0.155052 0.009843 0.000000 0.000000 0.009374 
0.000000 0.257703 0.000000 0.060329 0.007703 0.000000 0.000000 0.014836 0.000000 0.041238 0.000000 0.186328 0.000000 0.020184 0.000000 0.411678 
0.042309 0.000000 0.000000 0.020328 0.001363 0.129009 0.335640 0.000099 0.000000 0.267740 0.044430 0.000000 0.000000 0.013815 0.000000 0.145267 
0.000000 0.000000 0.000000 0.029391 0.000000 0.000000 0.000000 0.777360 0.034154 0.000000 0.015440 0.133106 0.000000 0.000000 0.000000 0.010549 
0.000000 0.000000 0.000000 0.000001 0.000000 0.000000 0.000000 0.922664 0.000000 0.000000 0.000000 0.077334 0.000000 0.000000 0.000000 0.000000 
0.000000 0.000000 0.000000 0.075726 0.000000 0.000000 0.028326 0.823892 0.035228 0.000000 0.000000 0.000001 0.000000 0.000000 0.036827 0.000000 
0.026871 0.000000 0.000000 0.058508 0.000000 0.000000 0.000000 0.831800 0.000000 0.000000 0.000000 0.000001 0.036797 0.028599 0.000000 0.017423 
0.029351 0.000000 0.000000 0.000000 0.002474 0.000000 0.102416 0.591323 0.053218 0.054690 0.000000 0.063870 0.000000 0.021932 0.000000 0.080726 
0.000000 0.000000 0.000000 0.000001 0.000000 0.000000 0.000000 0.968123 0.006813 0.009736 0.000000 0.000000 0.003817 0.000000 0.000000 0.011509 
0.020215 0.000000 0.000000 0.092888 0.001163 0.288894 0.471590 0.018732 0.000000 0.000000 0.000000 0.000000 0.037504 0.069013 0.000000 0.000000 
0.011685 0.000000 0.076292 0.119732 0.009235 0.126112 0.229080 0.055863 0.152573 0.047927 0.000000 0.000001 0.024571 0.055314 0.000000 0.091615 
0.000000 0.000000 0.000000 0.035962 0.008371 0.000000 0.000000 0.848134 0.000000 0.000000 0.009117 0.091704 0.006712 0.000000 0.000000 0.000000 
0.000000 0.000000 0.000000 0.029892 0.000000 0.000000 0.000000 0.833470 0.011861 0.000000 0.000000 0.124777 0.000000 0.000000 0.000000 0.000000 
0.000000 0.000000 0.000000 0.000001 0.000000 0.000000 0.000000 0.930611 0.000000 0.000000 0.000000 0.069388 0.000000 0.000000 0.000000 0.000000 
0.036090 0.000000 0.000000 0.000001 0.000000 0.000000 0.013237 0.819921 0.011771 0.000000 0.000000 0.118980 0.000000 0.000000 0.000000 0.000000 
0.000000 0.000000 0.000000 0.024026 0.000000 0.003768 0.000000 0.860859 0.010352 0.005455 0.000000 0.095540 0.000000 0.000000 0.000000 0.000000 
0.000000 0.000000 0.000000 0.026920 0.000000 0.022284 0.000000 0.749803 0.061159 0.043311 0.000000 0.092599 0.003924 0.000000 0.000000 0.000000 
0.000000 0.000000 0.000000 0.000001 0.000000 0.000000 0.000000 0.713253 0.024816 0.026582 0.000000 0.235348 0.000000 0.000000 0.000000 0.000000 
0.000000 0.000000 0.000000 0.082725 0.000000 0.000000 0.062043 0.419846 0.137748 0.039492 0.000000 0.246791 0.011355 0.000000 0.000000 0.000000 
0.000000 0.007954 0.000000 0.042737 0.000000 0.000000 0.000000 0.712418 0.079684 0.023317 0.000000 0.120102 0.013789 0.000000 0.000000 0.000000 
0.000000 0.000000 0.000000 0.000000 0.000000 0.000000 0.000000 0.913759 0.011571 0.010425 0.000000 0.056998 0.000000 0.000000 0.007247 0.000000 
0.000000 0.000000 0.000000 0.044204 0.000000 0.000000 0.000000 0.629810 0.026282 0.036741 0.016972 0.245992 0.000000 0.000000 0.000000 0.000000 
0.000000 0.038960 0.000000 0.304855 0.007840 0.084859 0.150241 0.267118 0.041661 0.000002 0.000000 0.002686 0.039055 0.024812 0.000000 0.037912 
0.000000 0.000000 0.000000 0.358001 0.015480 0.109989 0.204778 0.063352 0.087249 0.000003 0.000000 0.012294 0.030710 0.047662 0.000000 0.070482 
0.020171 0.000000 0.000000 0.000001 0.000000 0.000000 0.019680 0.725531 0.069153 0.009060 0.000000 0.118189 0.002746 0.000000 0.035468 0.000000 
0.000000 0.000000 0.159856 0.135189 0.003520 0.000000 0.018640 0.480405 0.043606 0.048169 0.000000 0.101685 0.008930 0.000000 0.000000 0.000000 
0.000000 0.000000 0.000000 0.000002 0.000000 0.000000 0.037527 0.854657 0.026281 0.018516 0.000000 0.063018 0.000000 0.000000 0.000000 0.000000 
0.000000 0.000000 0.038913 0.000001 0.000000 0.003825 0.000000 0.769751 0.029152 0.031950 0.000000 0.126408 0.000001 0.000000 0.000000 0.000000 
0.023794 0.000000 0.000000 0.000000 0.002091 0.000000 0.000000 0.877177 0.004918 0.000001 0.000000 0.092018 0.000000 0.000000 0.000000 0.000000 
0.700605 0.000000 0.000000 0.014053 0.015633 0.038547 0.000000 0.002924 0.039105 0.041166 0.042982 0.000240 0.104746 0.000000 0.000000 0.000000 
0.000000 0.000000 0.000000 0.013965 0.000000 0.009896 0.000000 0.872460 0.032412 0.000001 0.008218 0.063048 0.000000 0.000000 0.000000 0.000000 
0.000000 0.000000 0.000000 0.000001 0.000000 0.000000 0.006018 0.856013 0.015417 0.000002 0.010924 0.111626 0.000000 0.000000 0.000000 0.000000 
0.019859 0.021402 0.000000 0.000003 0.000000 0.000000 0.000000 0.655182 0.038001 0.017244 0.006691 0.241618 0.000000 0.000000 0.000000 0.000000 
0.000000 0.000000 0.000000 0.013410 0.000000 0.002685 0.000000 0.842861 0.028507 0.000001 0.000000 0.100544 0.005127 0.000000 0.006864 0.000000 
0.000000 0.000000 0.000000 0.000001 0.000000 0.005390 0.000000 0.757321 0.053029 0.048804 0.000000 0.105954 0.002290 0.000000 0.027212 0.000000 
0.000000 0.000000 0.000000 0.000000 0.000000 0.000000 0.000000 0.908446 0.005163 0.000001 0.000000 0.086388 0.000000 0.000000 0.000000 0.000000 
0.000000 0.000000 0.000000 0.018871 0.000000 0.010329 0.000000 0.661650 0.044783 0.000002 0.000000 0.254421 0.003570 0.000000 0.006372 0.000000 
0.000000 0.000000 0.000000 0.000001 0.000000 0.000000 0.000000 0.674526 0.076873 0.000004 0.000000 0.248596 0.000000 0.000000 0.000000 0.000000 
0.029539 0.000000 0.000000 0.024621 0.000000 0.000000 0.014981 0.648710 0.030291 0.024726 0.000000 0.227131 0.000000 0.000000 0.000000 0.000000 
0.000000 0.000000 0.000000 0.000002 0.000000 0.040901 0.000000 0.634112 0.106676 0.000007 0.000000 0.200206 0.018097 0.000000 0.000000 0.000000 
0.000000 0.000000 0.000000 0.000000 0.000000 0.000000 0.000000 0.910366 0.000449 0.000001 0.000000 0.085964 0.003219 0.000000 0.000000 0.000000 
0.000000 0.030862 0.033584 0.000001 0.000000 0.000000 0.020528 0.693897 0.027608 0.012046 0.000000 0.181472 0.000000 0.000000 0.000000 0.000000 
0.862141 0.000000 0.000079 0.000003 0.001010 0.000000 0.012782 0.001996 0.059963 0.016836 0.010310 0.011173 0.022916 0.000001 0.000000 0.000790 
0.045976 0.000000 0.064239 0.018619 0.002702 0.000000 0.273269 0.000000 0.202805 0.105837 0.057206 0.031868 0.000000 0.079439 0.000000 0.118040 
0.000006 0.000000 0.084490 0.000007 0.000000 0.000000 0.283168 0.000000 0.229123 0.171341 0.059848 0.026992 0.000000 0.022716 0.000000 0.122309 
0.017888 0.000000 0.038593 0.020730 0.000000 0.000000 0.225817 0.000000 0.227346 0.248158 0.062842 0.000002 0.000000 0.009251 0.000000 0.149373 
0.012353 0.000000 0.000186 0.026993 0.003352 0.000000 0.245595 0.000000 0.335542 0.177788 0.053329 0.000003 0.000000 0.000002 0.000000 0.144858 
0.719951 0.000000 0.012625 0.000001 0.001558 0.064014 0.011242 0.000000 0.062307 0.050539 0.015514 0.007467 0.035798 0.000001 0.018068 0.000917 
0.024815 0.000000 0.028002 0.063062 0.000000 0.000000 0.260053 0.000000 0.352291 0.129103 0.037276 0.000005 0.000000 0.004459 0.000000 0.100935 
0.000001 0.000000 0.011073 0.000001 0.000000 0.022165 0.099128 0.001958 0.586694 0.221674 0.016543 0.000001 0.004698 0.007902 0.000000 0.028162 
0.000006 0.000000 0.000167 0.076360 0.000000 0.000000 0.148754 0.000000 0.320421 0.170483 0.040161 0.000004 0.000000 0.008849 0.000000 0.234794 
0.000000 0.000000 0.007043 0.000000 0.000498 0.035691 0.050532 0.000000 0.137649 0.259181 0.344117 0.000000 0.009440 0.000905 0.000000 0.154944 
0.009185 0.000000 0.000037 0.030153 0.002252 0.232655 0.514009 0.000000 0.057855 0.056962 0.009998 0.000001 0.032810 0.052018 0.000000 0.002063 
0.706676 0.002720 0.000005 0.002941 0.002722 0.051613 0.016230 0.000614 0.060267 0.056719 0.049484 0.010021 0.035748 0.000000 0.004019 0.000219 
0.119470 0.000000 0.005655 0.000000 0.001813 0.000000 0.046133 0.000000 0.113345 0.118794 0.365073 0.017294 0.000000 0.000715 0.000000 0.211707 
0.056724 0.000000 0.034256 0.079351 0.000000 0.000000 0.226275 0.010599 0.160361 0.145806 0.082730 0.012511 0.000000 0.020212 0.000000 0.171173 
0.010101 0.000000 0.047707 0.035392 0.000000 0.052643 0.223792 0.000000 0.323736 0.117365 0.073247 0.012841 0.000000 0.020228 0.000000 0.082947 
0.000003 0.000000 0.035161 0.000004 0.006479 0.008242 0.288293 0.000000 0.258217 0.152664 0.073790 0.008675 0.000000 0.012736 0.000000 0.155737 
0.000007 0.000000 0.221281 0.105967 0.003075 0.012535 0.003111 0.460983 0.109953 0.034196 0.002426 0.000004 0.009205 0.035764 0.000000 0.001493 
0.025081 0.000000 0.048869 0.000005 0.005207 0.000000 0.187641 0.000000 0.257904 0.169998 0.071344 0.000004 0.000000 0.004373 0.000000 0.229575 
0.390130 0.006520 0.000004 0.000000 0.001418 0.039234 0.016428 0.000455 0.206115 0.190570 0.102530 0.024367 0.000000 0.000697 0.020956 0.000575 
0.000004 0.000000 0.036023 0.089353 0.000000 0.000000 0.199685 0.013258 0.340250 0.102472 0.015964 0.000004 0.000000 0.000001 0.000000 0.202984 
0.000003 0.000000 0.024776 0.011469 0.001447 0.000000 0.209849 0.000000 0.297377 0.149712 0.042319 0.011729 0.008284 0.014756 0.000000 0.228278 
0.000004 0.000000 0.000126 0.032513 0.000000 0.000000 0.158143 0.004370 0.337180 0.185945 0.032227 0.042586 0.004021 0.027908 0.000000 0.174977 
0.845714 0.000000 0.013830 0.000000 0.000950 0.000000 0.005091 0.000000 0.043849 0.000786 0.056883 0.006353 0.015984 0.000000 0.006759 0.003799 
0.000004 0.000000 0.053923 0.000004 0.005198 0.086859 0.233283 0.000000 0.216071 0.104997 0.068860 0.000003 0.018138 0.043081 0.000000 0.169581 
0.000003 0.000000 0.000106 0.041929 0.004510 0.211417 0.252612 0.000000 0.135312 0.061787 0.067691 0.020954 0.016946 0.021062 0.000000 0.165672 
0.000005 0.000000 0.034934 0.000008 0.002300 0.000000 0.294045 0.023892 0.222928 0.146604 0.070294 0.000005 0.000000 0.014351 0.000000 0.190633 
0.018251 0.000000 0.058497 0.037950 0.002070 0.016553 0.203507 0.000000 0.306383 0.222689 0.024480 0.000003 0.000000 0.000004 0.000000 0.109613 
0.825590 0.000000 0.002820 0.000000 0.001039 0.000000 0.040714 0.000000 0.033832 0.000379 0.044709 0.001487 0.046941 0.002396 0.000000 0.000092 
0.006206 0.000000 0.000008 0.005271 0.000000 0.019480 0.014800 0.000000 0.209381 0.517465 0.058787 0.000000 0.000000 0.000952 0.000000 0.167649 
0.000003 0.000000 0.063800 0.000003 0.000000 0.079569 0.227671 0.000000 0.133251 0.201358 0.070202 0.032357 0.023468 0.012907 0.000000 0.155412 
0.000004 0.000000 0.084396 0.022108 0.000000 0.000000 0.092701 0.000000 0.492396 0.106122 0.062281 0.010835 0.009899 0.000004 0.000000 0.119253 
0.784782 0.006490 0.008634 0.000000 0.000941 0.006272 0.020129 0.000000 0.039398 0.021499 0.083724 0.010869 0.015972 0.000000 0.000000 0.001288 
0.030156 0.000000 0.000137 0.037763 0.000000 0.000000 0.215048 0.000000 0.248874 0.133705 0.086742 0.000002 0.000000 0.008288 0.000000 0.239284 
0.000005 0.000000 0.110368 0.061773 0.000000 0.000000 0.188142 0.003312 0.216564 0.157001 0.077890 0.043740 0.026236 0.000006 0.000000 0.114963 
0.000004 0.000000 0.109117 0.000005 0.001665 0.044652 0.193347 0.000000 0.281215 0.046352 0.053992 0.000004 0.000000 0.020065 0.000000 0.249583 
0.000002 0.000000 0.041080 0.029183 0.002049 0.026174 0.205627 0.007957 0.300809 0.175778 0.068135 0.012786 0.013675 0.004712 0.000000 0.112032 
0.278137 0.022761 0.000005 0.006482 0.002415 0.082332 0.029339 0.001161 0.155884 0.157243 0.142030 0.022044 0.017739 0.000000 0.015056 0.067372 
0.000007 0.000000 0.000089 0.072578 0.004521 0.220175 0.401359 0.000000 0.095397 0.097378 0.000977 0.000004 0.036405 0.046803 0.000000 0.024307 
0.010346 0.000000 0.000100 0.008138 0.000000 0.000000 0.302703 0.000000 0.311922 0.188956 0.020242 0.000002 0.000000 0.015737 0.000000 0.141852 
0.000005 0.000000 0.057677 0.017695 0.000000 0.000000 0.212290 0.000000 0.284276 0.181443 0.028230 0.041876 0.000000 0.023921 0.000000 0.152586 
0.846461 0.000000 0.003715 0.007962 0.000000 0.000000 0.010906 0.003271 0.068429 0.012177 0.012750 0.005504 0.024223 0.000001 0.000000 0.004600 
0.000007 0.000000 0.579386 0.000006 0.000000 0.000000 0.106799 0.000000 0.145185 0.075519 0.056755 0.000004 0.000000 0.000001 0.000000 0.036336 
0.000003 0.000000 0.000043 0.007500 0.000000 0.000000 0.007716 0.827339 0.034539 0.003861 0.000198 0.103233 0.004839 0.000002 0.000000 0.010726 
0.000005 0.000000 0.043317 0.000010 0.000000 0.000000 0.219534 0.000000 0.353615 0.161790 0.055371 0.028522 0.000000 0.000062 0.000000 0.137774 
0.003551 0.000000 0.000059 0.003206 0.000000 0.000000 0.140941 0.000000 0.588696 0.246236 0.000833 0.000001 0.000000 0.008060 0.000000 0.008417 
0.000004 0.000000 0.039709 0.028937 0.002036 0.012412 0.296921 0.000000 0.213459 0.159652 0.034397 0.043155 0.000000 0.000004 0.000000 0.169314 
0.007328 0.000000 0.028425 0.021858 0.001381 0.033395 0.478984 0.000000 0.180373 0.068741 0.044648 0.000002 0.000000 0.008983 0.000000 0.125883 
0.000003 0.000000 0.043405 0.023494 0.000000 0.049899 0.256079 0.000000 0.293470 0.081743 0.039282 0.000003 0.000000 0.039274 0.000000 0.173348 
0.016799 0.000000 0.000312 0.065440 0.006541 0.000000 0.227963 0.000000 0.311833 0.106876 0.059143 0.017998 0.000000 0.000003 0.000000 0.187091 
0.000007 0.000000 0.075924 0.057521 0.010410 0.000000 0.187799 0.007178 0.314915 0.182359 0.031133 0.000003 0.000000 0.000006 0.000000 0.132744 
0.000006 0.000000 0.071389 0.000006 0.000000 0.000000 0.224187 0.000000 0.325018 0.121572 0.056708 0.001541 0.000000 0.000004 0.000000 0.199570 
0.000003 0.000000 0.028183 0.012799 0.001460 0.029945 0.189578 0.207901 0.164454 0.073793 0.028951 0.048391 0.009897 0.031235 0.000000 0.173411 
0.000004 0.000000 0.000122 0.060981 0.011169 0.000000 0.318167 0.002363 0.152434 0.217519 0.090741 0.014872 0.000000 0.003691 0.000000 0.127937 
0.836788 0.000000 0.022237 0.000002 0.001804 0.000000 0.004653 0.001073 0.057762 0.023612 0.035251 0.000001 0.008417 0.005116 0.000000 0.003283 
0.000005 0.000000 0.090427 0.082306 0.001881 0.062717 0.134984 0.033118 0.125557 0.170849 0.064484 0.035028 0.000000 0.033935 0.000000 0.164709 
0.002981 0.000000 0.056040 0.000003 0.000000 0.000000 0.220709 0.000000 0.314650 0.164984 0.066118 0.008816 0.000000 0.000005 0.000000 0.165694 
0.000004 0.000000 0.046253 0.000005 0.002720 0.000000 0.235621 0.000000 0.265638 0.274043 0.015745 0.019474 0.000000 0.012459 0.000000 0.128039 
0.125235 0.000000 0.021363 0.038513 0.000000 0.000000 0.068211 0.000000 0.448171 0.269618 0.004034 0.015815 0.000000 0.005613 0.000000 0.003427 
0.807084 0.005169 0.006863 0.000000 0.001160 0.000000 0.012651 0.000000 0.033124 0.010099 0.087614 0.009527 0.024454 0.001948 0.000000 0.000307 
0.101767 0.000000 0.000050 0.000001 0.005309 0.000000 0.725858 0.000000 0.002763 0.001078 0.029407 0.000001 0.091377 0.031783 0.000000 0.010605 
0.012306 0.000000 0.060526 0.000005 0.000000 0.000000 0.171700 0.000000 0.410871 0.216957 0.011599 0.000003 0.000000 0.023742 0.000000 0.092289 
0.000004 0.000000 0.038303 0.043113 0.000000 0.056631 0.145182 0.010776 0.323981 0.121332 0.080881 0.007409 0.020018 0.013122 0.000000 0.139247 
0.771039 0.007885 0.004609 0.002586 0.000648 0.000000 0.027185 0.000000 0.090346 0.018766 0.050112 0.023218 0.002000 0.001228 0.000000 0.000378 
0.000003 0.000000 0.035055 0.050706 0.000000 0.000000 0.191921 0.008888 0.321532 0.142645 0.043890 0.000002 0.013384 0.013622 0.000000 0.178353 
0.000004 0.000000 0.024421 0.037916 0.000000 0.000000 0.211308 0.000000 0.325930 0.209039 0.045842 0.000005 0.000000 0.000004 0.000000 0.145531 
0.004784 0.000000 0.046463 0.000003 0.003702 0.000000 0.235338 0.015340 0.279911 0.166407 0.051129 0.000002 0.000000 0.000003 0.000000 0.196918 
0.309985 0.000000 0.004308 0.000000 0.001386 0.027446 0.032361 0.000000 0.149940 0.204246 0.144560 0.000000 0.004062 0.001387 0.023008 0.097310 
0.000001 0.000000 0.000034 0.012365 0.000544 0.278177 0.125452 0.005344 0.280330 0.147244 0.030036 0.011506 0.000000 0.024796 0.000000 0.084172 
0.015647 0.000000 0.000312 0.024749 0.003633 0.066054 0.285611 0.005454 0.138213 0.116555 0.051171 0.000003 0.022171 0.000004 0.000000 0.270421 
0.000003 0.000000 0.049276 0.040160 0.002924 0.000000 0.246252 0.009629 0.288367 0.144225 0.047804 0.000002 0.000000 0.000001 0.000000 0.171355 
0.002720 0.000000 0.007534 0.000001 0.000880 0.000000 0.076272 0.000000 0.588569 0.232675 0.028620 0.007606 0.000000 0.000001 0.000000 0.055121 
0.000007 0.000000 0.058623 0.000006 0.000001 0.014250 0.187187 0.000000 0.361605 0.214666 0.014966 0.000003 0.000000 0.011988 0.000000 0.136699 
0.035098 0.000000 0.103598 0.026534 0.000000 0.016565 0.012427 0.385961 0.129095 0.012662 0.002157 0.262988 0.000000 0.000006 0.000000 0.012909 
0.864901 0.000000 0.007960 0.000001 0.000472 0.000000 0.016505 0.000000 0.072193 0.003588 0.014615 0.014959 0.000000 0.000002 0.000000 0.004805 
0.739129 0.000000 0.000042 0.015455 0.000000 0.040758 0.002440 0.000000 0.077654 0.042117 0.018003 0.035091 0.028995 0.000000 0.000000 0.000315 
0.002445 0.000000 0.073164 0.000002 0.000000 0.007591 0.157476 0.000000 0.406039 0.162481 0.039335 0.000001 0.000000 0.000001 0.000000 0.151465 
0.016413 0.000000 0.082639 0.000004 0.008622 0.042666 0.143283 0.003255 0.330655 0.136484 0.056105 0.000002 0.000000 0.000003 0.000000 0.179870 
0.000003 0.000000 0.074894 0.000003 0.002193 0.000000 0.244797 0.006016 0.204521 0.305862 0.041110 0.000002 0.000000 0.010692 0.000000 0.109907 
0.000006 0.000000 0.034919 0.072136 0.000000 0.000000 0.235546 0.000000 0.231132 0.243802 0.067240 0.010033 0.000000 0.000001 0.000000 0.105185 
0.000006 0.000000 0.086020 0.000007 0.000000 0.000000 0.154340 0.000000 0.408413 0.187767 0.037818 0.025728 0.023213 0.019023 0.000000 0.057665 
0.004679 0.000000 0.048362 0.044903 0.000000 0.000000 0.174687 0.000000 0.270671 0.154878 0.098038 0.018278 0.000000 0.011823 0.000000 0.173680 
0.000008 0.000000 0.050560 0.056604 0.000000 0.000000 0.151474 0.016208 0.201025 0.009976 0.047619 0.052207 0.000000 0.000004 0.053601 0.360714 
0.000003 0.000000 0.096530 0.000003 0.001290 0.021972 0.209719 0.003762 0.279890 0.121376 0.049933 0.009365 0.000000 0.000003 0.000000 0.206154 
0.000003 0.000000 0.083232 0.000005 0.001839 0.000000 0.155185 0.007199 0.337513 0.242380 0.075886 0.000003 0.000000 0.000004 0.000000 0.096750 
0.798586 0.005567 0.001710 0.002585 0.001253 0.000000 0.046404 0.000000 0.065409 0.003822 0.052308 0.008403 0.012782 0.000000 0.000000 0.001170 
0.026147 0.000000 0.037861 0.000010 0.000000 0.024490 0.181856 0.000000 0.369701 0.159579 0.030034 0.011803 0.000000 0.009471 0.000000 0.149049 
0.000003 0.000000 0.081978 0.016391 0.000000 0.000000 0.234209 0.002955 0.322711 0.092964 0.062115 0.024840 0.009524 0.000003 0.000000 0.152306 
0.008575 0.000000 0.000055 0.050559 0.000609 0.346859 0.244700 0.000000 0.077376 0.057150 0.044952 0.018771 0.000000 0.019763 0.000000 0.130631 
0.000008 0.000000 0.028971 0.148585 0.003378 0.000000 0.006437 0.713146 0.039823 0.005008 0.003369 0.000005 0.015661 0.021162 0.000000 0.014445 
0.000000 0.000002 0.000001 0.085148 0.000009 0.022923 0.000038 0.014660 0.527145 0.321660 0.000000 0.020286 0.000370 0.007758 0.000000 0.000000 
0.019023 0.027035 0.000000 0.291182 0.006784 0.025601 0.265943 0.032620 0.218569 0.000000 0.000000 0.021028 0.005920 0.023379 0.000000 0.062916 
0.019127 0.026794 0.000000 0.292981 0.006827 0.026147 0.263155 0.032734 0.218679 0.000000 0.000000 0.021134 0.005961 0.023476 0.000000 0.062985 
0.000000 0.018785 0.055438 0.364380 0.006238 0.120130 0.000036 0.066485 0.199671 0.075065 0.038777 0.000019 0.020708 0.034267 0.000000 0.000000 
0.039179 0.000003 0.196809 0.428210 0.000136 0.000031 0.000028 0.070023 0.004686 0.021472 0.000000 0.000018 0.104048 0.135356 0.000000 0.000000 
0.000000 0.050715 0.031563 0.116345 0.018968 0.000041 0.000034 0.021611 0.044280 0.020035 0.000000 0.207983 0.031744 0.066575 0.390105 0.000000 
0.000000 0.074957 0.054455 0.098929 0.021899 0.000050 0.000036 0.008826 0.054522 0.016230 0.000000 0.218255 0.039503 0.036122 0.376216 0.000000 
