-7804726.864559
0
0.000261 0.001336 0.000067 0.002226 0.000432 0.000707 0.000086 0.001114 0.018924 0.013863 0.125328 0.011003 0.000761 0.003777 0.000233 0.002933 0.008448 0.008243 0.019700 0.004540 0.000000 0.000872 0.000358 0.000776 0.005266 0.012127 0.005666 0.039889 0.000000 0.000059 0.000102 0.000000 0.005533 0.007738 0.123317 0.006847 0.000099 0.001854 0.000259 0.000847 0.006507 0.007214 0.025876 0.007257 0.000326 0.003564 0.003851 0.005463 0.001480 0.003712 0.001058 0.012273 0.000374 0.001881 0.000000 0.000699 0.039093 0.060685 0.178821 0.038547 0.000224 0.002425 0.000415 0.001189 0.020161 0.015492 0.020750 0.013159 0.000000 0.000392 0.000000 0.001824 0.000000 0.002317 0.000343 0.000000 0.000000 0.000195 0.000000 0.000000 0.003291 0.002957 0.047402 0.002387 0.000453 0.000690 0.000072 0.000187 0.006513 0.007488 0.010291 0.004761 0.000000 0.000000 0.000353 0.000000 
0.000576 0.000157 0.000000 0.000128 0.000049 0.000205 0.000359 0.000234 0.000676 0.026824 0.000540 0.009308 0.001280 0.000757 0.001033 0.003216 0.000265 0.000173 0.000000 0.001014 0.000294 0.000451 0.001039 0.000454 0.001489 0.000157 0.000607 0.001200 0.000121 0.000306 0.001016 0.000433 0.072127 0.120723 0.033742 0.084962 0.000394 0.000853 0.000236 0.001502 0.000830 0.000291 0.000293 0.003640 0.000145 0.000586 0.001076 0.001403 0.000053 0.000000 0.000000 0.000000 0.000000 0.000110 0.000050 0.000095 0.000585 0.027063 0.000000 0.016994 0.000317 0.000254 0.000478 0.000683 0.000189 0.000000 0.000000 0.008612 0.000030 0.000000 0.000337 0.000482 0.001059 0.002255 0.000132 0.000000 0.000000 0.000846 0.000330 0.000000 0.093851 0.253314 0.114099 0.081943 0.001030 0.001469 0.000762 0.004403 0.001990 0.001514 0.001806 0.002247 0.000427 0.001048 0.000705 0.001273 
0.001385 0.001481 0.000773 0.000863 0.003001 0.001138 0.000706 0.002489 0.003759 0.000002 0.006218 0.001303 0.000149 0.000606 0.000571 0.000000 0.000815 0.000513 0.000496 0.000588 0.000011 0.000000 0.000256 0.000000 0.002298 0.001077 0.000559 0.000731 0.004494 0.001323 0.001197 0.004449 0.009170 0.000000 0.009228 0.001985 0.000039 0.000545 0.000530 0.000406 0.000125 0.000363 0.000310 0.000421 0.000000 0.000000 0.000000 0.000398 0.001703 0.001523 0.000461 0.001053 0.001264 0.000896 0.000206 0.002153 0.006604 0.002098 0.005103 0.002091 0.000116 0.000243 0.000229 0.000177 0.000343 0.000096 0.000432 0.000001 0.000199 0.000082 0.000000 0.000066 0.027615 0.019308 0.007231 0.014441 0.152141 0.053171 0.019090 0.174393 0.215826 0.049417 0.065257 0.106511 0.000108 0.000297 0.000047 0.000188 0.000147 0.000554 0.000147 0.000005 0.000000 0.000000 0.000190 0.000000 
0.000238 0.001272 0.000311 0.009752 0.000395 0.000129 0.000000 0.000051 0.000364 0.003189 0.016285 0.004195 0.000045 0.000083 0.000000 0.001352 0.003139 0.004661 0.001655 0.003120 0.001307 0.003999 0.001456 0.016353 0.002124 0.000500 0.000400 0.015069 0.000000 0.000000 0.000000 0.000070 0.000000 0.000417 0.009208 0.002403 0.000000 0.000146 0.000069 0.000787 0.000352 0.001762 0.001023 0.001515 0.002025 0.001987 0.003142 0.024696 0.000928 0.002503 0.000000 0.010795 0.000243 0.000071 0.000000 0.000197 0.001257 0.017068 0.047711 0.019309 0.000000 0.000187 0.000000 0.000325 0.007082 0.013068 0.004137 0.011403 0.000633 0.002318 0.000000 0.004089 0.033433 0.008677 0.003483 0.252402 0.000000 0.000000 0.000000 0.000000 0.002354 0.015975 0.256255 0.033497 0.000111 0.000510 0.000254 0.002078 0.002696 0.008393 0.004404 0.007406 0.005395 0.009402 0.002130 0.066776 
0.022357 0.016274 0.012041 0.011032 0.009231 0.007307 0.008061 0.007020 0.011349 0.008299 0.000726 0.008768 0.005461 0.004980 0.009902 0.003295 0.014531 0.010554 0.025220 0.015231 0.003379 0.003325 0.006986 0.002671 0.033648 0.027373 0.023688 0.018309 0.009154 0.009303 0.010435 0.010546 0.015424 0.013194 0.008060 0.015725 0.004724 0.009611 0.021258 0.010232 0.007617 0.022237 0.022232 0.018278 0.001974 0.004659 0.011276 0.007166 0.022917 0.023458 0.018197 0.013702 0.008417 0.012873 0.012020 0.009990 0.007159 0.004387 0.000149 0.007280 0.005998 0.005579 0.009753 0.004664 0.006527 0.008576 0.015637 0.007918 0.006406 0.010418 0.041837 0.011198 0.014046 0.022875 0.011137 0.016611 0.000000 0.007053 0.005209 0.002793 0.000001 0.003602 0.000114 0.003168 0.003453 0.005293 0.006478 0.004886 0.005037 0.010507 0.010114 0.008368 0.002756 0.005621 0.006522 0.005171 
0.344009 0.184309 0.016016 0.018822 0.436844 
0.141969 0.012896 0.005108 0.824117 0.015910 
0.949531 0.005291 0.001982 0.029654 0.013542 
0.965106 0.013820 0.003433 0.017629 0.000012 
0.956568 0.000025 0.008721 0.029929 0.004756 
0.120027 0.037901 0.035305 0.106204 0.700563 
0.972188 0.007159 0.004689 0.015955 0.000010 
0.909336 0.048892 0.004610 0.037140 0.000022 
0.967141 0.000009 0.011393 0.012170 0.009288 
0.952419 0.028046 0.000017 0.008458 0.011059 
0.956361 0.010819 0.003223 0.021280 0.008318 
0.461945 0.080590 0.046387 0.000056 0.411022 
0.015834 0.124652 0.779595 0.043702 0.036217 
0.421030 0.151253 0.004116 0.007446 0.416156 
0.499770 0.202433 0.017603 0.006123 0.274072 
0.468271 0.133437 0.027610 0.006542 0.364140 
0.599035 0.128766 0.043289 0.001444 0.227466 
0.481906 0.112278 0.063783 0.005778 0.336254 
0.515668 0.127256 0.023621 0.047433 0.286023 
0.332747 0.060578 0.056206 0.040191 0.510278 
0.363204 0.189056 0.060982 0.002102 0.384656 
0.395953 0.086778 0.038227 0.015798 0.463245 
0.341213 0.099208 0.026240 0.090545 0.442793 
0.382961 0.120389 0.023621 0.004016 0.469013 
0.000000 0.029209 0.970791 0.000000 0.000000 
0.379842 0.000002 0.461972 0.015525 0.142659 
0.314989 0.020868 0.286935 0.022892 0.354315 
0.000000 0.055310 0.944690 0.000000 0.000000 
0.000000 0.028959 0.942476 0.028565 0.000000 
0.000000 0.000001 0.001632 0.000000 0.998367 
0.146896 0.106081 0.076756 0.000000 0.670267 
0.811732 0.048561 0.001762 0.000000 0.137945 
0.000000 0.000000 0.000694 0.000000 0.999306 
0.000000 0.019373 0.972106 0.008521 0.000000 
0.000000 0.082623 0.917377 0.000000 0.000000 
0.000000 0.011907 0.000801 0.977327 0.009964 
0.817423 0.055251 0.008087 0.028310 0.090930 
0.000000 0.006199 0.993801 0.000000 0.000000 
0.782074 0.021264 0.040249 0.000000 0.156413 
0.465349 0.131880 0.046118 0.000000 0.356654 
0.000000 0.038644 0.961356 0.000000 0.000000 
0.000000 0.059423 0.907365 0.033212 0.000000 
0.000000 0.075588 0.924412 0.000000 0.000000 
0.296879 0.637165 0.011805 0.000000 0.054151 
0.859695 0.023128 0.000044 0.024030 0.093103 
0.000000 0.101634 0.898366 0.000000 0.000000 
0.000000 0.000004 0.999996 0.000000 0.000000 
0.071111 0.052536 0.876353 0.000000 0.000000 
0.000000 0.074221 0.836037 0.089742 0.000000 
0.247276 0.067090 0.636849 0.000000 0.048785 
0.000000 0.025991 0.974009 0.000000 0.000000 
0.437362 0.000001 0.016376 0.000000 0.546261 
0.549380 0.000003 0.063618 0.010289 0.376711 
0.000000 0.004581 0.946221 0.000000 0.049198 
0.000000 0.051301 0.948699 0.000000 0.000000 
0.000000 0.023842 0.976158 0.000000 0.000000 
0.000000 0.048206 0.913218 0.038576 0.000000 
0.000010 0.031666 0.950605 0.017719 0.000000 
0.130594 0.041866 0.827540 0.000000 0.000000 
0.043072 0.094731 0.862197 0.000000 0.000000 
0.258964 0.121668 0.563955 0.000000 0.055413 
0.112103 0.075997 0.811900 0.000000 0.000000 
0.000005 0.025206 0.974788 0.000000 0.000000 
0.092874 0.095584 0.811542 0.000000 0.000000 
0.181195 0.059144 0.255939 0.000000 0.503722 
0.305031 0.054028 0.065036 0.000000 0.575905 
0.093075 0.076809 0.830116 0.000000 0.000000 
0.125812 0.048675 0.567252 0.000000 0.258260 
0.074586 0.000869 0.924545 0.000000 0.000000 
0.064459 0.057086 0.878455 0.000000 0.000000 
0.000004 0.042958 0.957039 0.000000 0.000000 
0.000004 0.000046 0.001911 0.930003 0.068036 
0.037182 0.021854 0.940964 0.000000 0.000000 
0.000010 0.045398 0.954591 0.000000 0.000000 
0.052510 0.142467 0.805024 0.000000 0.000000 
0.000007 0.057737 0.934107 0.008149 0.000000 
0.096984 0.061899 0.841117 0.000000 0.000000 
0.000004 0.022751 0.977245 0.000000 0.000000 
0.046056 0.126386 0.827558 0.000000 0.000000 
0.046941 0.079622 0.873437 0.000000 0.000000 
0.062807 0.077610 0.814209 0.045373 0.000000 
0.148304 0.089526 0.762170 0.000000 0.000000 
0.000003 0.040304 0.959693 0.000000 0.000000 
0.053909 0.125559 0.820532 0.000000 0.000000 
0.039259 0.000026 0.002607 0.953073 0.005036 
0.672085 0.039311 0.007335 0.055276 0.225993 
0.811737 0.000075 0.022562 0.012730 0.152896 
0.882011 0.000023 0.000000 0.034014 0.083952 
0.906259 0.019133 0.007332 0.024880 0.042396 
0.103899 0.025769 0.000000 0.852075 0.018256 
0.839571 0.013191 0.016403 0.041897 0.088938 
0.976115 0.004541 0.004021 0.009732 0.005592 
0.882623 0.027928 0.000000 0.019005 0.070444 
0.840449 0.024230 0.000235 0.114615 0.020471 
0.645442 0.000015 0.000000 0.000061 0.354483 
0.127296 0.013085 0.000832 0.846425 0.012363 
0.649898 0.068194 0.000242 0.250454 0.031211 
0.707628 0.045720 0.015206 0.069781 0.161664 
0.811725 0.024504 0.003559 0.033652 0.126559 
0.864607 0.036636 0.000000 0.006963 0.091794 
0.161943 0.000057 0.518017 0.000323 0.319661 
0.845833 0.041429 0.000000 0.039964 0.072774 
0.461736 0.041734 0.000704 0.492790 0.003036 
0.855117 0.015803 0.024149 0.000121 0.104809 
0.876050 0.054843 0.005118 0.004604 0.059385 
0.867483 0.075822 0.008514 0.000186 0.047995 
0.018394 0.012004 0.000000 0.951223 0.018379 
0.766523 0.036990 0.000000 0.021888 0.174598 
0.767197 0.049585 0.000000 0.010096 0.173122 
0.838671 0.050916 0.022744 0.001971 0.085698 
0.855652 0.007683 0.005498 0.033477 0.097691 
0.025787 0.000002 0.000000 0.942983 0.031228 
0.942335 0.031659 0.000000 0.025346 0.000660 
0.776430 0.052269 0.005407 0.030071 0.135822 
0.858846 0.028410 0.000000 0.036059 0.076685 
0.060769 0.014753 0.000000 0.908781 0.015698 
0.860486 0.025322 0.008228 0.047207 0.058756 
0.710198 0.039995 0.012625 0.027353 0.209829 
0.777473 0.045865 0.000000 0.011101 0.165562 
0.843235 0.024229 0.013437 0.031264 0.087835 
0.534536 0.071308 0.001943 0.378449 0.013764 
0.637696 0.039367 0.000000 0.000091 0.322845 
0.924706 0.025377 0.000000 0.012698 0.037219 
0.829593 0.055698 0.000000 0.011155 0.103554 
0.043915 0.013178 0.003548 0.928908 0.010451 
0.315393 0.000061 0.000000 0.035987 0.648559 
0.038397 0.041337 0.916753 0.003200 0.000313 
0.898009 0.052023 0.000000 0.006884 0.043083 
0.988901 0.000015 0.000000 0.007569 0.003515 
0.842616 0.026302 0.021205 0.013963 0.095914 
0.821472 0.000036 0.000000 0.009047 0.169445 
0.799979 0.040241 0.000000 0.000181 0.159600 
0.816389 0.053427 0.000001 0.036161 0.094023 
0.811365 0.000045 0.011468 0.024528 0.152594 
0.858521 0.019710 0.015035 0.027283 0.079452 
0.589664 0.073335 0.227828 0.000127 0.109046 
0.813865 0.021945 0.003793 0.025591 0.134807 
0.040209 0.000016 0.000837 0.933782 0.025155 
0.629830 0.086540 0.041190 0.003736 0.238705 
0.900786 0.010560 0.009951 0.015507 0.063196 
0.886981 0.034255 0.000000 0.010070 0.068694 
0.777413 0.000017 0.013999 0.182009 0.026562 
0.031146 0.012239 0.000000 0.935130 0.021485 
0.226454 0.000015 0.001666 0.098774 0.673091 
0.921283 0.000057 0.000000 0.018090 0.060570 
0.807261 0.031017 0.015597 0.040656 0.105469 
0.103443 0.027663 0.000278 0.860610 0.008005 
0.849137 0.013909 0.014208 0.016808 0.105937 
0.903028 0.026567 0.000000 0.000228 0.070177 
0.880705 0.023191 0.022090 0.012711 0.061304 
0.541071 0.047231 0.000000 0.403209 0.008489 
0.903181 0.030656 0.007258 0.008960 0.049945 
0.837139 0.028638 0.006692 0.034300 0.093231 
0.852445 0.015543 0.013724 0.012673 0.105615 
0.977704 0.012635 0.000000 0.007741 0.001920 
0.894477 0.013296 0.000000 0.016701 0.075525 
0.176773 0.098570 0.586623 0.062604 0.075430 
0.050457 0.007819 0.000000 0.938638 0.003086 
0.085773 0.025855 0.000000 0.879233 0.009139 
0.904873 0.013441 0.000000 0.018273 0.063413 
0.849693 0.017998 0.005266 0.035788 0.091256 
0.872601 0.000023 0.011122 0.016345 0.099909 
0.847966 0.031482 0.000000 0.000448 0.120104 
0.836829 0.036106 0.000001 0.027246 0.099817 
0.816071 0.035648 0.014119 0.021993 0.112170 
0.650668 0.197338 0.023869 0.024704 0.103422 
0.833177 0.040484 0.006729 0.018213 0.101396 
0.872743 0.010278 0.012507 0.020386 0.084087 
0.084365 0.013912 0.000000 0.889778 0.011946 
0.882554 0.038884 0.000000 0.030842 0.047719 
0.819607 0.042153 0.006711 0.005212 0.126318 
0.752340 0.051758 0.000000 0.005285 0.190617 
0.053094 0.017672 0.741491 0.000278 0.187464 
0.935711 0.016498 0.026558 0.000000 0.021234 
0.497862 0.075194 0.036213 0.002529 0.388202 
0.496698 0.075068 0.036426 0.002835 0.388973 
0.437533 0.026174 0.075812 0.014050 0.446432 
0.027479 0.000053 0.078682 0.078878 0.814907 
0.072589 0.659869 0.024244 0.008642 0.234656 
0.079532 0.672270 0.010051 0.026216 0.211931 
0.678845 0.095951 0.022801 0.094335 0.108068 
0.624558 0.025150 0.006370 0.005984 0.337938 
0.998320 0.000010 0.000018 0.000000 0.001652 
0.995122 0.000033 0.004166 0.000000 0.000679 
0.113313 0.660145 0.006893 0.024576 0.195073 
0.444398 0.087517 0.041005 0.000000 0.427079 
0.304801 0.018660 0.048748 0.078411 0.549379 
0.170821 0.035432 0.443107 0.088863 0.261778 
0.398490 0.086770 0.035783 0.000000 0.478958 
0.016574 0.000007 0.027780 0.000000 0.955640 
0.429769 0.082925 0.034260 0.000000 0.453046 
0.051645 0.000039 0.046953 0.000000 0.901362 
0.009471 0.000040 0.000032 0.000000 0.990457 
0.317320 0.026614 0.031096 0.000000 0.624970 
0.045760 0.000051 0.011760 0.000000 0.942428 
0.031464 0.000043 0.015545 0.000000 0.952948 
0.027055 0.000030 0.020578 0.000000 0.952337 
0.465397 0.089914 0.034228 0.005981 0.404480 
0.518102 0.073171 0.030777 0.000000 0.377951 
0.447502 0.077033 0.038551 0.006514 0.430400 
0.280534 0.276678 0.001440 0.000000 0.441348 
0.249846 0.257503 0.136272 0.056273 0.300106 
0.880763 0.032065 0.005595 0.037456 0.044121 
0.893819 0.029788 0.000006 0.033526 0.042860 
0.409641 0.053835 0.039583 0.021554 0.475387 
0.465507 0.066598 0.041719 0.004543 0.421634 
0.479577 0.057199 0.040416 0.039365 0.383443 
0.946567 0.000114 0.000996 0.032984 0.019340 
0.012710 0.003607 0.000003 0.966811 0.016870 
0.923231 0.006033 0.000004 0.037698 0.033034 
0.882449 0.021693 0.000008 0.048109 0.047741 
0.959836 0.000127 0.001609 0.027071 0.011356 
0.959425 0.000121 0.009104 0.029497 0.001854 
0.902489 0.021752 0.003002 0.013425 0.059333 
0.907576 0.009048 0.000006 0.019942 0.063428 
0.937948 0.000139 0.006293 0.040935 0.014684 
0.868106 0.005067 0.005285 0.023787 0.097754 
0.931381 0.000118 0.009047 0.022614 0.036840 
0.755619 0.048866 0.008739 0.027829 0.158946 
0.912263 0.018964 0.002032 0.013599 0.053142 
0.956830 0.000149 0.000003 0.021638 0.021379 
0.873075 0.011292 0.000001 0.024777 0.090855 
0.907365 0.008804 0.000860 0.020016 0.062954 
0.011319 0.003512 0.000001 0.961187 0.023981 
0.489623 0.037756 0.023630 0.000775 0.448215 
0.895015 0.032478 0.002998 0.023507 0.046003 
0.414260 0.077545 0.188343 0.069615 0.250237 
0.742288 0.003109 0.012677 0.089484 0.152442 
0.839893 0.022100 0.000027 0.079352 0.058627 
0.689119 0.000445 0.003655 0.063701 0.243080 
0.692095 0.000338 0.000013 0.085515 0.222039 
0.681788 0.018557 0.010239 0.041528 0.247888 
0.510005 0.079158 0.051026 0.005269 0.354542 
0.810675 0.008257 0.000358 0.073356 0.107353 
0.358068 0.086376 0.233695 0.042812 0.279049 
0.872877 0.017385 0.005287 0.006080 0.098370 
0.387617 0.116485 0.076409 0.083810 0.335678 
0.472086 0.101582 0.063306 0.061524 0.301502 
0.883550 0.030128 0.000003 0.028918 0.057401 
0.846083 0.032257 0.005610 0.029267 0.086783 
0.948618 0.020819 0.000005 0.017238 0.013319 
0.937927 0.002641 0.000005 0.002229 0.057198 
0.391390 0.289333 0.040114 0.024110 0.255053 
0.450026 0.107889 0.049024 0.003406 0.389656 
0.681643 0.054699 0.009783 0.062756 0.191120 
0.681821 0.062139 0.006111 0.000035 0.249895 
0.659549 0.068535 0.004786 0.000041 0.267090 
0.539673 0.061558 0.157582 0.020983 0.220204 
0.850183 0.029055 0.004872 0.030355 0.085535 
0.024721 0.014147 0.002229 0.902874 0.056029 
0.838778 0.043158 0.000009 0.022157 0.095898 
0.662279 0.031297 0.004350 0.104388 0.197686 
0.840043 0.055631 0.004389 0.016402 0.083534 
0.678488 0.055889 0.009538 0.069916 0.186169 
0.716056 0.035515 0.011435 0.078989 0.158005 
0.408918 0.033643 0.430202 0.031407 0.095830 
0.352490 0.090250 0.110118 0.039117 0.408024 
0.645689 0.041764 0.022831 0.080359 0.209357 
0.428513 0.109717 0.067936 0.029336 0.364499 
0.214069 0.022185 0.004386 0.745326 0.014034 
0.345062 0.212225 0.045547 0.064601 0.332565 
0.061915 0.024268 0.027811 0.011102 0.874904 
0.144187 0.000104 0.003628 0.818376 0.033705 
0.885855 0.013906 0.014432 0.025242 0.060565 
0.890519 0.015466 0.014142 0.021924 0.057949 
0.895465 0.010585 0.002678 0.019934 0.071338 
0.892220 0.007545 0.001914 0.017807 0.080514 
0.557924 0.070112 0.030349 0.010093 0.331523 
0.560003 0.077563 0.028701 0.009937 0.323795 
0.556014 0.070248 0.034417 0.000298 0.339023 
0.591775 0.070596 0.034884 0.000314 0.302431 
0.538444 0.110828 0.053011 0.017195 0.280522 
0.918835 0.013480 0.002706 0.021049 0.043930 
0.584301 0.323121 0.001778 0.007697 0.083104 
0.861863 0.025358 0.013235 0.018785 0.080759 
0.845752 0.058005 0.010262 0.021110 0.064871 
0.836101 0.018654 0.015064 0.010675 0.119506 
0.833495 0.014763 0.010642 0.015070 0.126030 
0.926026 0.016561 0.003511 0.017259 0.036643 
0.765362 0.034491 0.003350 0.015164 0.181633 
0.769373 0.025492 0.006634 0.016026 0.182475 
0.792787 0.042267 0.009743 0.014748 0.140455 
0.481852 0.059656 0.052520 0.123671 0.282300 
0.471899 0.096394 0.058186 0.081209 0.292312 
0.187864 0.000164 0.000007 0.803930 0.008035 
0.695472 0.036204 0.014065 0.010002 0.244257 
0.512009 0.046510 0.101848 0.021451 0.318182 
0.936177 0.024226 0.001276 0.023599 0.014722 
0.540177 0.129326 0.042212 0.008734 0.279552 
0.414816 0.024578 0.088441 0.052031 0.420133 
0.902865 0.022885 0.005169 0.028923 0.040158 
0.825193 0.037302 0.003362 0.017952 0.116191 
0.428647 0.070258 0.089575 0.031231 0.380289 
0.461710 0.078606 0.075049 0.046731 0.337905 
0.516426 0.128672 0.054868 0.048610 0.251424 
0.266509 0.075343 0.002316 0.206138 0.449695 
0.768279 0.126821 0.007503 0.016083 0.081316 
0.386534 0.144978 0.049582 0.019285 0.399621 
0.377159 0.283231 0.029743 0.017196 0.292672 
0.326236 0.111510 0.045082 0.093070 0.424103 
0.851409 0.004876 0.004113 0.011579 0.128023 
0.713215 0.058753 0.026754 0.187316 0.013961 
0.771868 0.094535 0.041846 0.073373 0.018377 
0.727907 0.002528 0.057913 0.148530 0.063122 
0.888080 0.015029 0.012702 0.034818 0.049370 
0.967469 0.006719 0.000006 0.006987 0.018819 
0.738196 0.011752 0.084832 0.059225 0.105995 
0.177549 0.033204 0.000305 0.777428 0.011514 
0.698444 0.000179 0.008082 0.000317 0.292979 
0.853228 0.007730 0.037267 0.020319 0.081456 
0.923973 0.000218 0.000004 0.005374 0.070432 
0.881539 0.015274 0.000004 0.019139 0.084045 
0.973856 0.008283 0.000004 0.006258 0.011599 
0.889794 0.008180 0.018923 0.013040 0.070064 
0.864858 0.018377 0.000004 0.041771 0.074990 
0.833664 0.043415 0.001066 0.023211 0.098644 
0.913128 0.030538 0.009018 0.017122 0.030194 
0.915311 0.021138 0.007030 0.021956 0.034565 
0.940358 0.036197 0.002031 0.011521 0.009894 
0.896191 0.020238 0.002142 0.016789 0.064639 
0.804135 0.000198 0.016552 0.058675 0.120439 
0.922296 0.019263 0.008175 0.019113 0.031152 
0.905687 0.031601 0.000282 0.016211 0.046218 
0.921023 0.029415 0.001737 0.015282 0.032542 
0.775786 0.078554 0.004747 0.106743 0.034170 
0.866487 0.035213 0.000006 0.035277 0.063017 
0.959394 0.005298 0.002743 0.030339 0.002227 
0.892367 0.026420 0.010514 0.035087 0.035612 
0.258251 0.096355 0.034704 0.000260 0.610430 
0.575483 0.000414 0.086985 0.095786 0.241333 
0.847113 0.023305 0.001760 0.075249 0.052573 
0.898328 0.017107 0.000006 0.015251 0.069308 
0.944896 0.011048 0.007728 0.019723 0.016604 
0.762982 0.022284 0.009044 0.027111 0.178579 
0.785269 0.063625 0.000010 0.058629 0.092466 
0.756578 0.017638 0.004377 0.183440 0.037967 
0.891630 0.011527 0.000009 0.016993 0.079840 
0.846919 0.026301 0.004064 0.030272 0.092445 
0.888446 0.014267 0.003472 0.013714 0.080101 
0.852635 0.050624 0.000021 0.025045 0.071675 
0.848866 0.021826 0.006750 0.017235 0.105323 
0.084701 0.000027 0.000001 0.903073 0.012198 
0.891406 0.040870 0.010506 0.009904 0.047314 
0.408407 0.114853 0.071278 0.000399 0.405063 
0.683896 0.154653 0.041470 0.087904 0.032076 
0.927523 0.017508 0.003438 0.031627 0.019905 
0.856044 0.012894 0.000003 0.044285 0.086775 
0.553252 0.144111 0.077365 0.040308 0.184964 
0.068123 0.038166 0.000005 0.868898 0.024807 
0.914469 0.022683 0.013819 0.026431 0.022599 
0.866161 0.031898 0.004882 0.002980 0.094079 
0.965805 0.012694 0.000912 0.016785 0.003803 
0.871555 0.024829 0.008654 0.032020 0.062941 
0.053418 0.009209 0.001229 0.934500 0.001645 
0.565040 0.024271 0.023238 0.000584 0.386866 
0.784187 0.026686 0.000003 0.019471 0.169653 
0.889800 0.029306 0.000004 0.017987 0.062904 
0.537604 0.049349 0.036176 0.000216 0.376654 
0.399441 0.038025 0.136728 0.000666 0.425140 
0.832805 0.031358 0.010185 0.018998 0.106654 
0.774903 0.050415 0.002693 0.050444 0.121545 
0.886985 0.003901 0.016251 0.022935 0.069928 
0.902684 0.026766 0.003362 0.021092 0.046096 
0.809406 0.014256 0.008212 0.038888 0.129238 
0.106835 0.000306 0.000021 0.874349 0.018489 
0.110352 0.023915 0.000003 0.859449 0.006281 
0.173669 0.000024 0.000001 0.801677 0.024630 
0.914701 0.017221 0.000030 0.012840 0.055208 
0.910091 0.018796 0.003338 0.022349 0.045426 
0.696990 0.144203 0.016547 0.006568 0.135691 
0.802140 0.097310 0.000003 0.006016 0.094531 
0.627144 0.034534 0.072629 0.079397 0.186296 
0.041640 0.001660 0.001310 0.943656 0.011733 
0.063002 0.014874 0.000001 0.914620 0.007504 
0.583864 0.048725 0.014211 0.000778 0.352423 
0.590697 0.077269 0.039296 0.000201 0.292537 
0.569459 0.093747 0.031879 0.003648 0.301266 
0.863931 0.000129 0.004091 0.007678 0.124170 
0.424621 0.060946 0.063514 0.000523 0.450396 
0.795860 0.020740 0.000004 0.011462 0.171935 
0.615977 0.017910 0.014341 0.000212 0.351560 
0.164383 0.026994 0.000267 0.804380 0.003975 
0.784596 0.035517 0.003276 0.001916 0.174695 
0.918978 0.018111 0.003896 0.018019 0.040996 
0.970552 0.007658 0.000003 0.016312 0.005476 
0.064103 0.019084 0.000597 0.882963 0.033253 
0.031659 0.008230 0.002515 0.928931 0.028665 
0.352301 0.044464 0.077470 0.000760 0.525006 
0.512070 0.082194 0.006451 0.001856 0.397430 
0.541834 0.253448 0.016028 0.000200 0.188490 
0.623368 0.122966 0.007688 0.000597 0.245380 
0.923196 0.000270 0.000008 0.023972 0.052553 
0.894862 0.016552 0.003942 0.043881 0.040762 
0.889048 0.029662 0.007233 0.015692 0.058364 
0.958710 0.011306 0.002858 0.025480 0.001645 
0.845045 0.017443 0.000008 0.025500 0.112004 
0.938970 0.001937 0.000006 0.051532 0.007555 
0.919507 0.000155 0.009841 0.030786 0.039710 
0.940425 0.034518 0.000005 0.011709 0.013343 
0.604825 0.028296 0.016678 0.031952 0.318249 
0.873182 0.000119 0.003467 0.039866 0.083366 
0.881900 0.015792 0.000008 0.022606 0.079695 
0.882183 0.043303 0.006683 0.025864 0.041968 
0.908320 0.037327 0.000005 0.027677 0.026671 
0.523359 0.100677 0.015227 0.163652 0.197085 
0.449503 0.099137 0.002544 0.027079 0.421738 
0.880684 0.023721 0.007347 0.056653 0.031595 
0.933392 0.007304 0.000004 0.045377 0.013923 
0.056632 0.016136 0.000001 0.926033 0.001198 
0.845252 0.040966 0.003040 0.032833 0.077908 
0.814945 0.058963 0.000770 0.033314 0.092007 
0.918191 0.025244 0.005264 0.017922 0.033379 
0.035462 0.009061 0.002222 0.933765 0.019490 
0.608300 0.065306 0.003420 0.028126 0.294849 
0.814546 0.016577 0.011211 0.027714 0.129951 
0.835747 0.061996 0.003520 0.004012 0.094725 
0.958030 0.003221 0.000007 0.033577 0.005165 
0.554807 0.043922 0.032059 0.021629 0.347583 
0.838687 0.058753 0.001936 0.027190 0.073434 
0.634332 0.054722 0.015052 0.000645 0.295249 
0.924677 0.010031 0.007174 0.016511 0.041607 
0.891555 0.034067 0.001042 0.018216 0.055121 
0.893063 0.041012 0.003259 0.039090 0.023576 
0.967340 0.000518 0.004275 0.003639 0.024229 
0.979702 0.000325 0.000030 0.006323 0.013621 
0.468517 0.025498 0.051845 0.001086 0.453054 
0.383279 0.083817 0.084890 0.050961 0.397053 
0.908675 0.008739 0.004434 0.018362 0.059790 
0.865482 0.012438 0.007999 0.027806 0.086275 
0.966900 0.005674 0.004424 0.013057 0.009945 
0.918405 0.020378 0.005885 0.017591 0.037741 
0.459081 0.063324 0.037262 0.000430 0.439903 
0.929031 0.036891 0.004799 0.006672 0.022607 
0.141975 0.011462 0.000661 0.817143 0.028759 
0.892565 0.036525 0.009802 0.016463 0.044645 
0.928194 0.014776 0.000005 0.025395 0.031631 
0.895916 0.006952 0.001711 0.042091 0.053330 
0.699221 0.006200 0.008868 0.013991 0.271720 
0.013992 0.000001 0.009613 0.000000 0.976394 
0.069961 0.000002 0.048834 0.000000 0.881203 
0.297557 0.698848 0.001171 0.001702 0.000722 
0.203695 0.116535 0.048297 0.000000 0.631473 
0.895613 0.021030 0.015144 0.025185 0.043027 
0.973730 0.012546 0.006067 0.005439 0.002219 
0.973320 0.010443 0.007092 0.005506 0.003639 
0.097544 0.080803 0.011232 0.000000 0.810420 
0.236613 0.000001 0.107963 0.000000 0.655423 
0.169905 0.000001 0.016468 0.000000 0.813625 
0.156968 0.079687 0.070475 0.040084 0.652786 
0.068784 0.047767 0.038863 0.000000 0.844586 
0.193621 0.000002 0.151498 0.000000 0.654879 
0.110171 0.000001 0.075393 0.000000 0.814435 
0.077069 0.076609 0.077794 0.000000 0.768529 
0.235375 0.087894 0.000037 0.000000 0.676694 
0.188922 0.000003 0.039372 0.000000 0.771704 
0.145323 0.066416 0.032010 0.000000 0.756251 
0.127552 0.000001 0.052038 0.000000 0.820409 
0.228223 0.000002 0.027349 0.000000 0.744426 
0.114783 0.146656 0.053165 0.000000 0.685396 
0.153288 0.057407 0.046803 0.000000 0.742502 
0.163300 0.000001 0.042446 0.000000 0.794254 
0.390266 0.054250 0.020629 0.030945 0.503909 
0.195895 0.063531 0.012208 0.000000 0.728366 
0.520710 0.058720 0.034883 0.000000 0.385687 
0.144042 0.075534 0.046034 0.148142 0.586247 
0.288605 0.048005 0.029409 0.000000 0.633982 
0.405612 0.053644 0.026206 0.000000 0.514538 
0.312180 0.234353 0.050311 0.000000 0.403157 
0.080376 0.099756 0.032276 0.031379 0.756213 
0.260120 0.000001 0.033598 0.000000 0.706281 
0.168298 0.065315 0.040793 0.076227 0.649367 
0.100913 0.049219 0.096556 0.000000 0.753312 
0.083240 0.000002 0.052555 0.037887 0.826316 
0.313425 0.685245 0.000818 0.000474 0.000039 
0.115547 0.000002 0.114084 0.000000 0.770368 
0.028845 0.000001 0.008853 0.000000 0.962301 
0.010079 0.000004 0.017908 0.000000 0.972009 
0.010068 0.000001 0.009402 0.000000 0.980529 
0.018530 0.000001 0.008516 0.000000 0.972954 
0.010039 0.000001 0.003516 0.000000 0.986445 
0.120887 0.000001 0.030986 0.000000 0.848126 
0.753444 0.050868 0.018927 0.000000 0.176761 
0.628898 0.050899 0.015576 0.000000 0.304627 
0.056275 0.000003 0.024442 0.000000 0.919280 
0.081992 0.000003 0.042478 0.000000 0.875528 
0.158925 0.000001 0.082441 0.000000 0.758632 
0.322303 0.650125 0.005387 0.000000 0.022185 
0.333445 0.639550 0.005107 0.000000 0.021898 
0.868326 0.000001 0.000031 0.025181 0.106461 
0.867231 0.000001 0.000031 0.025455 0.107282 
0.825312 0.000002 0.000043 0.032633 0.142011 
0.843657 0.019179 0.012878 0.028626 0.095661 
0.840125 0.041591 0.007346 0.012434 0.098505 
0.030256 0.000001 0.033827 0.000000 0.935916 
0.054738 0.000002 0.017430 0.031251 0.896579 
0.207359 0.180387 0.037392 0.000000 0.574862 
0.175544 0.000002 0.030671 0.000000 0.793783 
0.093547 0.000002 0.035719 0.000000 0.870732 
0.296679 0.036840 0.022845 0.000000 0.643636 
0.073191 0.047527 0.000076 0.000000 0.879205 
0.132177 0.155608 0.012452 0.000000 0.699763 
0.012452 0.000000 0.022395 0.000000 0.965153 
0.032503 0.001453 0.166210 0.000000 0.799834 
0.059135 0.046440 0.056312 0.000000 0.838114 
0.121897 0.063704 0.120183 0.046316 0.647900 
0.062978 0.005272 0.177263 0.000000 0.754487 
0.063339 0.006632 0.287291 0.000000 0.642738 
0.119429 0.043880 0.080931 0.000000 0.755760 
0.050587 0.034692 0.039006 0.000000 0.875715 
0.115960 0.021780 0.148250 0.000000 0.714010 
0.019384 0.012178 0.074653 0.000000 0.893785 
0.034758 0.088972 0.078356 0.000000 0.797914 
0.535421 0.084021 0.061374 0.000000 0.319184 
0.095413 0.041437 0.039304 0.020058 0.803788 
0.076680 0.045150 0.078972 0.000000 0.799198 
0.056994 0.041322 0.117456 0.000000 0.784229 
0.061389 0.001021 0.160792 0.000000 0.776798 
0.142627 0.020806 0.051769 0.000000 0.784799 
0.141727 0.013179 0.058914 0.000000 0.786179 
0.079577 0.048195 0.471738 0.000000 0.400490 
0.863559 0.045836 0.032849 0.006361 0.051395 
0.077648 0.033787 0.046901 0.000000 0.841664 
0.093626 0.027387 0.139371 0.000000 0.739615 
0.132839 0.073326 0.071083 0.000000 0.722752 
0.040932 0.008409 0.129061 0.000000 0.821598 
0.100838 0.055239 0.113057 0.000000 0.730866 
0.093437 0.012465 0.320221 0.000000 0.573877 
0.091015 0.048391 0.069017 0.000000 0.791577 
0.060224 0.036912 0.305516 0.056101 0.541246 
0.024405 0.007860 0.038903 0.000000 0.928832 
0.032439 0.014908 0.052984 0.000000 0.899669 
0.131482 0.007819 0.107845 0.045642 0.707212 
0.077275 0.037419 0.049806 0.000000 0.835499 
0.113156 0.010389 0.061465 0.000000 0.814990 
0.127652 0.051030 0.041910 0.000000 0.779407 
0.057208 0.043467 0.135370 0.000000 0.763955 
0.029278 0.018153 0.082296 0.000000 0.870273 
0.117449 0.008176 0.060793 0.037249 0.776333 
0.099257 0.027837 0.064472 0.000000 0.808433 
0.197210 0.092517 0.290192 0.000000 0.420081 
0.062627 0.022859 0.099907 0.000000 0.814607 
0.083763 0.030734 0.068906 0.000000 0.816596 
0.064355 0.029216 0.060468 0.000000 0.845961 
0.132466 0.089344 0.116219 0.000000 0.661971 
0.085616 0.057100 0.119319 0.000000 0.737965 
0.064092 0.093031 0.307911 0.000000 0.534967 
0.069355 0.061347 0.185034 0.000000 0.684264 
0.090932 0.016022 0.070670 0.000000 0.822376 
0.121812 0.045352 0.082659 0.000000 0.750176 
0.085412 0.050250 0.196739 0.000000 0.667598 
0.117978 0.019093 0.093180 0.000000 0.769749 
0.090277 0.005353 0.122025 0.000000 0.782345 
0.091565 0.036718 0.262330 0.000000 0.609387 
0.050954 0.035310 0.250104 0.000000 0.663631 
0.089232 0.027973 0.073040 0.000000 0.809756 
0.023050 0.060021 0.056726 0.000000 0.860202 
0.051797 0.044402 0.070013 0.000000 0.833788 
0.062728 0.025332 0.246798 0.000000 0.665142 
0.078701 0.060277 0.042755 0.000000 0.818267 
0.058252 0.026441 0.041025 0.000000 0.874282 
0.108725 0.014926 0.108604 0.000000 0.767746 
0.089479 0.082127 0.360756 0.000000 0.467637 
0.073873 0.061137 0.164439 0.000000 0.700551 
0.886804 0.042093 0.029385 0.010395 0.031323 
0.099270 0.026956 0.103593 0.000000 0.770181 
0.092455 0.062466 0.089586 0.000000 0.755493 
0.119471 0.010592 0.080684 0.000000 0.789254 
0.045386 0.007180 0.081893 0.050968 0.814573 
0.069319 0.066850 0.428719 0.000000 0.435112 
0.096013 0.024677 0.092373 0.000000 0.786937 
0.191077 0.067871 0.019931 0.000000 0.721121 
0.094145 0.022911 0.045990 0.000000 0.836954 
0.142923 0.095673 0.136963 0.000000 0.624441 
0.016750 0.004636 0.470669 0.000000 0.507945 
0.077420 0.089101 0.718270 0.035888 0.079322 
0.151894 0.084729 0.080983 0.030405 0.651988 
0.130846 0.023673 0.086816 0.000000 0.758665 
0.062097 0.018009 0.109818 0.000000 0.810075 
0.144921 0.038650 0.352193 0.000000 0.464236 
0.093466 0.045018 0.140343 0.000000 0.721173 
0.092896 0.051826 0.054041 0.000000 0.801236 
0.068733 0.048116 0.174351 0.000000 0.708800 
0.009999 0.009183 0.454691 0.000000 0.526127 
0.062545 0.002947 0.217292 0.000000 0.717217 
0.052312 0.040652 0.232545 0.040042 0.634448 
0.058432 0.037760 0.067242 0.000000 0.836565 
0.109365 0.002013 0.158471 0.000000 0.730151 
0.095448 0.021132 0.038992 0.033808 0.810620 
0.102869 0.061275 0.103031 0.000000 0.732825 
0.415305 0.019139 0.064826 0.011504 0.489226 
0.030926 0.011866 0.100645 0.000000 0.856563 
0.787532 0.002861 0.014434 0.012312 0.182861 
0.029427 0.052681 0.059933 0.000000 0.857959 
0.047797 0.017511 0.074539 0.026087 0.834065 
0.012042 0.918801 0.001694 0.003206 0.064258 
0.132074 0.057176 0.106036 0.000000 0.704714 
0.122210 0.060818 0.195483 0.033925 0.587564 
0.112832 0.001163 0.114366 0.000000 0.771639 
0.168246 0.029780 0.139451 0.000000 0.662522 
0.071806 0.027458 0.250057 0.031697 0.618981 
0.073398 0.016841 0.167411 0.000000 0.742350 
0.098544 0.024875 0.143783 0.000000 0.732798 
0.099402 0.047169 0.076028 0.044731 0.732669 
0.052823 0.009133 0.092912 0.000000 0.845132 
0.070644 0.056212 0.158952 0.036115 0.678078 
0.079000 0.003139 0.312627 0.025723 0.579512 
0.100655 0.032554 0.046929 0.000000 0.819862 
0.089727 0.021920 0.138253 0.000000 0.750100 
0.151226 0.025538 0.167795 0.028932 0.626509 
0.081188 0.067484 0.097767 0.000000 0.753561 
0.119645 0.065735 0.147861 0.000000 0.666760 
0.108201 0.050761 0.036109 0.033754 0.771176 
0.066638 0.043375 0.072796 0.000000 0.817190 
0.055795 0.003245 0.059824 0.000000 0.881136 
0.082964 0.054073 0.387063 0.000000 0.475900 
0.118838 0.032181 0.472345 0.000000 0.376636 
0.139380 0.064802 0.161154 0.031017 0.603647 
0.066574 0.104913 0.124049 0.000000 0.704464 
0.031542 0.011212 0.086341 0.000000 0.870905 
0.090114 0.031998 0.103537 0.000000 0.774351 
0.124652 0.024208 0.077282 0.000000 0.773859 
0.070831 0.061724 0.430223 0.014777 0.422445 
0.087771 0.054793 0.243440 0.000000 0.613996 
0.065379 0.044925 0.520004 0.035083 0.334610 
0.108804 0.037544 0.135033 0.018250 0.700369 
0.177242 0.008953 0.240287 0.000000 0.573518 
0.087867 0.024263 0.569924 0.000000 0.317946 
0.096131 0.031665 0.566306 0.026873 0.279024 
0.064669 0.000875 0.307683 0.000000 0.626774 
0.260318 0.066044 0.116241 0.000000 0.557398 
0.108086 0.033641 0.123032 0.000000 0.735241 
0.139803 0.019243 0.066420 0.049242 0.725292 
0.094198 0.024246 0.079792 0.000000 0.801764 
0.231047 0.101753 0.067835 0.000000 0.599364 
0.046722 0.006043 0.738510 0.000000 0.208725 
0.077877 0.049903 0.074938 0.031721 0.765560 
0.547255 0.013404 0.244992 0.000000 0.194349 
0.015826 0.014505 0.744597 0.000000 0.225073 
0.180709 0.034992 0.154602 0.000000 0.629698 
0.082142 0.049589 0.083292 0.000000 0.784977 
0.059018 0.017589 0.259067 0.000000 0.664326 
0.089836 0.043098 0.074152 0.000000 0.792914 
0.137355 0.027656 0.132823 0.000000 0.702166 
0.064168 0.043548 0.159894 0.000000 0.732390 
0.061598 0.021308 0.111352 0.000000 0.805742 
0.033587 0.018276 0.312537 0.000000 0.635599 
0.073121 0.068763 0.167051 0.000000 0.691066 
0.189295 0.019803 0.061077 0.000000 0.729825 
0.073066 0.009034 0.238207 0.000000 0.679692 
0.084705 0.058933 0.056072 0.000000 0.800290 
0.039470 0.038561 0.651981 0.000000 0.269989 
0.052443 0.013881 0.368865 0.000000 0.564811 
0.103884 0.062097 0.139677 0.032998 0.661344 
0.129556 0.024552 0.103387 0.000000 0.742505 
0.094531 0.044485 0.078459 0.000000 0.782526 
0.195840 0.036970 0.158043 0.000000 0.609147 
0.108409 0.049922 0.054685 0.000000 0.786984 
0.107570 0.028453 0.071251 0.049090 0.743637 
0.051891 0.001921 0.030840 0.000000 0.915347 
0.141882 0.102405 0.139307 0.000000 0.616407 
0.096354 0.007863 0.067644 0.023303 0.804836 
0.118233 0.026643 0.306977 0.000000 0.548147 
0.167581 0.073281 0.224023 0.000000 0.535114 
0.126442 0.004935 0.129430 0.000000 0.739193 
0.101104 0.042318 0.258705 0.017326 0.580547 
0.192320 0.066205 0.151793 0.000000 0.589682 
0.041510 0.075731 0.646153 0.026763 0.209843 
0.083941 0.056310 0.223762 0.000000 0.635988 
0.028399 0.000734 0.714920 0.000000 0.255946 
0.063905 0.029670 0.065137 0.000000 0.841288 
0.105535 0.047089 0.128144 0.000000 0.719232 
0.086724 0.031451 0.255576 0.000000 0.626249 
0.110472 0.032881 0.066884 0.000000 0.789764 
0.126746 0.038180 0.102921 0.000000 0.732153 
0.071353 0.058699 0.105967 0.000000 0.763981 
0.187530 0.020959 0.112453 0.000000 0.679059 
0.005368 0.000296 0.101670 0.000000 0.892666 
0.159467 0.031579 0.481619 0.000011 0.327324 
0.133613 0.073664 0.653134 0.000006 0.139582 
0.244713 0.000029 0.047250 0.017118 0.690889 
0.079021 0.164482 0.638332 0.000008 0.118157 
0.761139 0.001660 0.004598 0.023132 0.209471 
0.050715 0.103507 0.651271 0.027138 0.167368 
0.283678 0.018310 0.621989 0.000007 0.076016 
0.063326 0.041019 0.686978 0.064542 0.144134 
0.138904 0.038250 0.680690 0.000008 0.142148 
0.167448 0.037705 0.663979 0.029451 0.101417 
0.130785 0.037380 0.669057 0.000006 0.162772 
0.134108 0.022844 0.841780 0.000007 0.001261 
0.167277 0.056228 0.514727 0.000011 0.261756 
0.308861 0.000121 0.509214 0.083918 0.097886 
0.889670 0.012720 0.020715 0.024965 0.051930 
0.043479 0.026638 0.896693 0.000006 0.033184 
0.088423 0.000082 0.008422 0.349866 0.553206 
0.765983 0.013798 0.022858 0.033822 0.163540 
0.883656 0.011764 0.004767 0.022702 0.077112 
0.114014 0.000066 0.047837 0.334110 0.503973 
0.141074 0.029730 0.458269 0.169012 0.201915 
0.861741 0.010800 0.004612 0.018057 0.104790 
0.188566 0.076784 0.257599 0.029794 0.447257 
0.919561 0.010028 0.003621 0.014173 0.052617 
0.239847 0.078481 0.156084 0.000010 0.525578 
0.142563 0.540093 0.030578 0.000013 0.286754 
0.163519 0.241217 0.098522 0.037356 0.459386 
0.229496 0.000077 0.210220 0.063462 0.496745 
0.927711 0.005863 0.000007 0.029253 0.037166 
0.886137 0.036507 0.000005 0.006649 0.070703 
0.949925 0.005368 0.000019 0.033534 0.011154 
0.937845 0.006629 0.011996 0.025568 0.017962 
0.960850 0.011931 0.000012 0.016865 0.010342 
0.405936 0.097986 0.077782 0.002661 0.415635 
0.625477 0.158073 0.029906 0.012327 0.174217 
0.902752 0.000181 0.002753 0.038877 0.055437 
0.959546 0.000035 0.001893 0.012623 0.025902 
0.922167 0.000064 0.003996 0.024371 0.049402 
0.755091 0.030287 0.005577 0.050134 0.158911 
0.689685 0.029178 0.004110 0.032097 0.244931 
0.499390 0.091055 0.012974 0.017550 0.379032 
0.309978 0.076174 0.050960 0.049651 0.513238 
0.900088 0.035416 0.002206 0.009154 0.053136 
0.906982 0.030169 0.001649 0.004708 0.056490 
0.905194 0.030921 0.003383 0.010479 0.050023 
0.927772 0.034761 0.002012 0.000996 0.034459 
0.920927 0.030908 0.000001 0.007880 0.040284 
0.907996 0.012615 0.000001 0.036621 0.042768 
0.941046 0.027949 0.000000 0.030824 0.000181 
0.949520 0.019775 0.006276 0.014092 0.010338 
0.944964 0.023756 0.001313 0.026701 0.003265 
0.945899 0.021504 0.001094 0.026724 0.004779 
0.951927 0.016492 0.000661 0.017752 0.013168 
0.870216 0.036367 0.013236 0.022025 0.058156 
0.184396 0.000006 0.040585 0.056986 0.718028 
0.799913 0.022758 0.012681 0.015601 0.149046 
0.213969 0.000010 0.081855 0.016898 0.687269 
0.960917 0.009108 0.000001 0.024525 0.005450 
0.257716 0.283974 0.081743 0.057288 0.319279 
0.243479 0.377506 0.076330 0.000005 0.302680 
0.913181 0.028100 0.004118 0.011574 0.043028 
0.650126 0.000003 0.006816 0.014829 0.328227 
0.963530 0.006131 0.016066 0.008914 0.005359 
0.259684 0.061389 0.105150 0.000024 0.573752 
0.850080 0.036785 0.000002 0.000031 0.113102 
0.113068 0.000004 0.000000 0.000016 0.886912 
0.018070 0.000004 0.000000 0.000021 0.981905 
0.951472 0.000008 0.021695 0.012738 0.014088 
0.026193 0.000004 0.000001 0.000017 0.973786 
0.973983 0.000006 0.000001 0.025842 0.000168 
0.975614 0.000004 0.005258 0.018970 0.000153 
0.959333 0.011740 0.000000 0.028876 0.000050 
0.345695 0.139177 0.044702 0.025314 0.445112 
0.011491 0.827623 0.133903 0.000007 0.026976 
0.007933 0.951577 0.009362 0.009957 0.021171 
0.009922 0.952285 0.002867 0.000008 0.034917 
0.008641 0.952198 0.004515 0.000006 0.034640 
0.039210 0.796796 0.000654 0.000018 0.163322 
0.026777 0.897829 0.015126 0.000004 0.060263 
0.027034 0.941648 0.008037 0.000012 0.023270 
0.020534 0.896270 0.005767 0.012271 0.065158 
0.025047 0.880688 0.007988 0.015949 0.070329 
0.016727 0.869781 0.002763 0.000008 0.110721 
0.019108 0.918023 0.011257 0.004017 0.047595 
0.022985 0.913025 0.011040 0.004399 0.048551 
0.018347 0.914473 0.010978 0.004355 0.051847 
0.021908 0.914429 0.011007 0.004358 0.048298 
0.020307 0.922164 0.007815 0.000006 0.049709 
0.012865 0.932342 0.009536 0.000004 0.045253 
0.017333 0.922864 0.012641 0.000004 0.047157 
0.022796 0.904899 0.007110 0.013503 0.051692 
0.023576 0.882413 0.013885 0.015072 0.065054 
0.025252 0.893290 0.018663 0.011339 0.051457 
0.022449 0.900045 0.017206 0.011423 0.048878 
0.009411 0.943443 0.005658 0.002458 0.039031 
0.009841 0.939321 0.005596 0.002896 0.042345 
0.008860 0.941440 0.005924 0.003846 0.039930 
0.010092 0.940480 0.005858 0.002364 0.041206 
