-7674797.318120
0
0.001277 0.001787 0.000752 0.000000 0.002408 0.003467 0.001293 0.004459 0.019406 0.008827 0.017369 0.011835 0.004077 0.010328 0.001637 0.004701 0.038817 0.030721 0.085600 0.033891 0.001870 0.004646 0.003120 0.001896 0.000000 0.000000 0.001952 0.000000 0.000000 0.002272 0.002076 0.002150 0.009418 0.004783 0.032766 0.007902 0.000000 0.002006 0.000000 0.000000 0.025628 0.024312 0.086373 0.034276 0.002698 0.010386 0.012562 0.000000 0.000280 0.001393 0.002038 0.000000 0.001704 0.005801 0.000000 0.003117 0.014876 0.007728 0.000375 0.017775 0.002063 0.006307 0.002678 0.002800 0.054299 0.041841 0.074553 0.048865 0.000000 0.000714 0.000000 0.000000 0.000000 0.000000 0.000000 0.000000 0.000000 0.001404 0.000000 0.002374 0.002478 0.006213 0.010786 0.005297 0.001308 0.002370 0.000000 0.000000 0.023614 0.026253 0.039225 0.026989 0.000000 0.003324 0.003413 0.000000 
0.033105 0.030085 0.024170 0.021130 0.011294 0.007253 0.005903 0.007423 0.008367 0.001117 0.000539 0.001334 0.004117 0.003469 0.010971 0.002856 0.008060 0.000325 0.004720 0.005459 0.001227 0.000813 0.001890 0.000000 0.069032 0.057067 0.048175 0.043665 0.013465 0.014464 0.013275 0.013483 0.020433 0.005607 0.007166 0.011615 0.005208 0.009176 0.024682 0.010777 0.002536 0.001450 0.001915 0.003148 0.001049 0.000465 0.004053 0.000000 0.040967 0.044453 0.034529 0.027431 0.007568 0.010837 0.009557 0.007553 0.006544 0.000000 0.000000 0.000182 0.006466 0.004335 0.012179 0.005123 0.000000 0.000000 0.000000 0.000173 0.000864 0.000000 0.000000 0.000000 0.032677 0.049085 0.024127 0.034077 0.000000 0.012012 0.005932 0.001687 0.000000 0.010213 0.000000 0.003292 0.003405 0.005036 0.007756 0.005207 0.000992 0.000000 0.000817 0.001268 0.001552 0.001187 0.003386 0.000000 
0.000467 0.000017 0.000000 0.000000 0.000700 0.000858 0.000000 0.001429 0.010463 0.003749 0.242493 0.002193 0.000000 0.000000 0.000000 0.000939 0.001068 0.001190 0.006878 0.000000 0.000000 0.000000 0.000000 0.000000 0.001618 0.002786 0.004167 0.000054 0.000000 0.000000 0.000000 0.000000 0.005000 0.000871 0.246499 0.001825 0.000000 0.000077 0.000000 0.000105 0.001742 0.001849 0.012714 0.001394 0.000000 0.001869 0.002231 0.001074 0.000922 0.000000 0.000688 0.000000 0.000667 0.002347 0.000000 0.000955 0.018501 0.013984 0.251316 0.012736 0.000000 0.000000 0.000000 0.000106 0.000000 0.000000 0.002221 0.000000 0.000000 0.000000 0.000000 0.000000 0.000000 0.000000 0.000443 0.000000 0.000000 0.000303 0.000000 0.000000 0.002205 0.003014 0.124989 0.000058 0.000236 0.000000 0.000000 0.000000 0.000776 0.001037 0.004091 0.000000 0.000000 0.000000 0.000086 0.000000 
0.001113 0.001244 0.000475 0.000775 0.003039 0.001174 0.000849 0.002543 0.003725 0.000851 0.003666 0.001370 0.000192 0.000641 0.000549 0.000130 0.000760 0.000649 0.000535 0.000662 0.000000 0.000081 0.000334 0.000000 0.001740 0.000884 0.000367 0.000788 0.004585 0.001326 0.001241 0.004539 0.009310 0.000000 0.006275 0.002525 0.000054 0.000506 0.000468 0.000383 0.000120 0.000411 0.000267 0.000477 0.000000 0.000099 0.000000 0.000372 0.001313 0.001228 0.000312 0.001200 0.001373 0.000925 0.000198 0.002388 0.006648 0.002287 0.004246 0.002321 0.000095 0.000281 0.000158 0.000180 0.000485 0.000113 0.000536 0.000122 0.000313 0.000084 0.000000 0.000115 0.023981 0.016054 0.005568 0.011256 0.152202 0.052496 0.019562 0.175439 0.223524 0.054372 0.064531 0.109537 0.000109 0.000329 0.000000 0.000183 0.000190 0.000768 0.000172 0.000326 0.000061 0.000101 0.000226 0.000000 
0.000000 0.003198 0.000000 0.008551 0.000000 0.000000 0.000000 0.000000 0.019690 0.016256 0.053049 0.009309 0.000362 0.004254 0.000000 0.004367 0.002546 0.005456 0.003290 0.000000 0.000000 0.000350 0.000240 0.000900 0.014001 0.030932 0.010339 0.111928 0.000000 0.000000 0.000000 0.000000 0.002019 0.006720 0.033333 0.003411 0.000000 0.003372 0.000000 0.001496 0.001701 0.006610 0.008024 0.001528 0.000000 0.001846 0.001990 0.008638 0.003231 0.010881 0.001568 0.035654 0.000000 0.000525 0.000000 0.000174 0.061943 0.114537 0.209568 0.058680 0.000062 0.003413 0.000000 0.001823 0.017174 0.016801 0.010847 0.006194 0.000000 0.001650 0.000000 0.004941 0.000000 0.008061 0.000641 0.014963 0.000000 0.000000 0.000000 0.000000 0.008880 0.008515 0.000000 0.006021 0.000000 0.000692 0.000000 0.000000 0.003185 0.005976 0.003233 0.000460 0.000000 0.000000 0.000000 0.000000 
0.000589 0.000248 0.000000 0.000252 0.000000 0.000214 0.000389 0.000274 0.000000 0.022606 0.000039 0.006072 0.001243 0.000685 0.000907 0.003283 0.000190 0.000106 0.000000 0.001078 0.000284 0.000387 0.001035 0.000000 0.001946 0.000396 0.000782 0.001766 0.000000 0.000337 0.001126 0.000459 0.072763 0.114977 0.034237 0.080818 0.000247 0.000577 0.000000 0.001122 0.000717 0.000000 0.000073 0.003147 0.000125 0.000368 0.000878 0.000000 0.000000 0.000000 0.000000 0.000000 0.000000 0.000000 0.000000 0.000000 0.000000 0.021198 0.000000 0.013203 0.000265 0.000175 0.000400 0.000650 0.000000 0.000000 0.000000 0.008635 0.000000 0.000000 0.000000 0.000133 0.001071 0.002644 0.000214 0.000000 0.000000 0.000959 0.000371 0.000000 0.099910 0.269009 0.122468 0.084787 0.000949 0.001351 0.000620 0.004383 0.001955 0.001432 0.001809 0.002247 0.000337 0.000916 0.000653 0.000510 
0.035403 0.005920 0.001215 0.002956 0.016407 0.013766 0.027679 0.009899 0.001023 0.000564 0.000096 0.000001 0.003610 0.000000 0.005139 0.000088 0.000000 0.015198 0.000121 0.000897 0.008131 0.004828 0.025128 0.002176 0.000000 0.000000 0.000000 0.000000 0.014792 0.005532 0.018270 0.015213 0.000000 0.000324 0.000120 0.000124 0.000000 0.000000 0.000000 0.001860 0.000000 0.065355 0.000000 0.005243 0.000539 0.002578 0.021168 0.000063 0.018491 0.008988 0.005367 0.010770 0.023649 0.034228 0.045474 0.030352 0.000199 0.000000 0.002088 0.000002 0.002493 0.002098 0.001127 0.001752 0.000000 0.006153 0.000000 0.000000 0.034724 0.055612 0.253482 0.044654 0.000000 0.000000 0.000000 0.000000 0.000000 0.004767 0.012971 0.000100 0.000302 0.002537 0.000339 0.000291 0.000000 0.000000 0.000000 0.002090 0.000000 0.020434 0.000380 0.000000 0.008018 0.011078 0.015085 0.008482 
0.000000 0.001172 0.000331 0.000000 0.000000 0.000721 0.000000 0.000377 0.000989 0.001569 0.000212 0.001181 0.014589 0.011547 0.027187 0.011734 0.002579 0.002281 0.000000 0.002805 0.003882 0.008509 0.005977 0.033155 0.000000 0.000000 0.000000 0.000000 0.002567 0.000000 0.000000 0.001856 0.003661 0.007287 0.001803 0.004194 0.020262 0.045012 0.079838 0.047785 0.005990 0.033699 0.016170 0.063131 0.004049 0.018484 0.023827 0.149645 0.001687 0.000000 0.000000 0.000000 0.000000 0.000000 0.000000 0.000000 0.000000 0.001006 0.001426 0.001204 0.013565 0.013748 0.023968 0.010733 0.000000 0.003306 0.000000 0.000091 0.002099 0.004881 0.000000 0.041030 0.001945 0.000000 0.000201 0.000000 0.000000 0.000000 0.000541 0.001046 0.004253 0.007798 0.001136 0.003686 0.015613 0.021340 0.025271 0.025944 0.000521 0.008673 0.000668 0.003469 0.005628 0.017308 0.009282 0.066879 
0.000557 0.000282 0.000000 0.000000 0.000000 0.000111 0.000000 0.000000 0.036228 0.090699 0.008040 0.071070 0.000000 0.000000 0.000371 0.000000 0.000501 0.000000 0.000000 0.000430 0.000000 0.000000 0.000000 0.000000 0.000000 0.000000 0.000000 0.000000 0.000404 0.000774 0.000000 0.000296 0.059818 0.168427 0.025627 0.127613 0.000275 0.000000 0.000076 0.000446 0.000000 0.000000 0.000000 0.000000 0.000000 0.000000 0.000000 0.000000 0.000296 0.000000 0.000000 0.000000 0.000000 0.000000 0.000000 0.000000 0.047873 0.147036 0.013878 0.103506 0.000000 0.000000 0.000000 0.000000 0.000000 0.000000 0.000000 0.000255 0.000000 0.000000 0.000000 0.000000 0.001078 0.000120 0.000000 0.000000 0.000000 0.000000 0.000000 0.000322 0.008942 0.048052 0.001025 0.034372 0.000000 0.000000 0.000064 0.000000 0.000000 0.000000 0.000000 0.000000 0.001013 0.000000 0.000120 0.000000 
0.000303 0.001308 0.000363 0.009080 0.000401 0.000098 0.000000 0.000000 0.000000 0.002854 0.008395 0.004221 0.000000 0.000000 0.000000 0.001188 0.003206 0.004665 0.000998 0.003257 0.001289 0.004081 0.001534 0.015884 0.001923 0.000257 0.000098 0.012457 0.000000 0.000000 0.000000 0.000029 0.000000 0.000000 0.001062 0.002414 0.000000 0.000000 0.000000 0.000563 0.000108 0.001213 0.000000 0.000909 0.002082 0.001514 0.002920 0.016957 0.000897 0.002378 0.000000 0.009055 0.000232 0.000000 0.000000 0.000177 0.000000 0.015435 0.037555 0.018926 0.000000 0.000092 0.000000 0.000236 0.007180 0.013332 0.003799 0.012334 0.000678 0.002257 0.000689 0.003278 0.036548 0.008600 0.003736 0.271906 0.000000 0.000000 0.000000 0.000000 0.002327 0.017018 0.274521 0.035671 0.000063 0.000474 0.000250 0.002149 0.002718 0.008506 0.004324 0.007827 0.005884 0.009506 0.002205 0.069603 
0.064479 0.341607 0.000637 0.021530 0.124994 0.000000 0.011595 0.004851 0.406186 0.024120 
0.000483 0.015206 0.170475 0.004500 0.009321 0.016310 0.000000 0.009510 0.000026 0.774168 
0.118574 0.000019 0.558480 0.001883 0.263355 0.000000 0.003225 0.023844 0.024175 0.006445 
0.083040 0.000072 0.756398 0.001894 0.101859 0.000000 0.000000 0.019921 0.036816 0.000001 
0.042754 0.019928 0.656964 0.006768 0.242441 0.000000 0.000000 0.000004 0.024848 0.006294 
0.306474 0.297297 0.014660 0.044708 0.078791 0.000000 0.000000 0.178786 0.048778 0.030506 
0.034612 0.016439 0.742968 0.003355 0.156692 0.000000 0.000000 0.005210 0.040723 0.000001 
0.096999 0.034095 0.545063 0.000021 0.213255 0.000000 0.000000 0.000002 0.092787 0.017778 
0.064493 0.029623 0.763555 0.008447 0.122182 0.000000 0.000000 0.005911 0.005789 0.000001 
0.099039 0.014258 0.643832 0.000012 0.212115 0.030692 0.000000 0.000002 0.000049 0.000002 
0.102813 0.017401 0.552420 0.001944 0.289385 0.000000 0.000816 0.000001 0.026802 0.008418 
0.290004 0.230712 0.272833 0.057789 0.001058 0.000000 0.029621 0.004027 0.113956 0.000002 
0.008259 0.009012 0.010088 0.782520 0.011053 0.121432 0.011983 0.006682 0.000086 0.038885 
0.225279 0.202156 0.227357 0.009350 0.000000 0.039372 0.047214 0.050755 0.193501 0.005016 
0.250102 0.131106 0.316397 0.022860 0.000000 0.114053 0.025640 0.019023 0.116164 0.004655 
0.302998 0.170802 0.251572 0.037703 0.000000 0.038411 0.015460 0.027333 0.150015 0.005706 
0.317151 0.068928 0.335160 0.054078 0.000000 0.047724 0.024935 0.029300 0.121539 0.001185 
0.307593 0.137957 0.267701 0.072263 0.000000 0.040053 0.030869 0.035548 0.102909 0.005107 
0.265123 0.113956 0.305379 0.033409 0.000000 0.032063 0.025547 0.038474 0.148903 0.037146 
0.209374 0.381568 0.185724 0.056288 0.000000 0.022444 0.035290 0.010001 0.068743 0.030568 
0.199413 0.199703 0.198498 0.071883 0.000000 0.076294 0.053546 0.026356 0.172165 0.002142 
0.391022 0.099593 0.169840 0.046913 0.000000 0.031653 0.079458 0.066288 0.106593 0.008640 
0.225348 0.268234 0.184009 0.032314 0.000000 0.032275 0.040433 0.024692 0.110697 0.081999 
0.262017 0.243498 0.231482 0.031342 0.000000 0.050004 0.045699 0.026237 0.106476 0.003244 
0.000000 0.000000 0.000000 0.977155 0.000000 0.022845 0.000000 0.000000 0.000000 0.000000 
0.365517 0.000000 0.000000 0.474446 0.125812 0.000000 0.000000 0.000000 0.000000 0.034224 
0.159702 0.288804 0.236329 0.256985 0.000000 0.037638 0.000000 0.000000 0.000000 0.020543 
0.000000 0.000000 0.000000 0.973933 0.000000 0.000000 0.002815 0.000000 0.023252 0.000000 
0.000000 0.000000 0.000000 0.962049 0.000000 0.000000 0.008312 0.000000 0.011910 0.017730 
0.000000 0.000000 0.000000 0.000181 0.000000 0.000000 0.999819 0.000000 0.000000 0.000000 
0.140070 0.328814 0.000000 0.085029 0.072661 0.060437 0.132740 0.064354 0.115894 0.000000 
0.305617 0.024121 0.096776 0.001833 0.458771 0.000000 0.000000 0.012676 0.100206 0.000000 
0.000000 0.000000 0.000000 0.000049 0.000000 0.000000 0.999951 0.000000 0.000000 0.000000 
0.000000 0.000000 0.000000 0.981854 0.000000 0.009455 0.000824 0.000000 0.000000 0.007867 
0.000000 0.000000 0.000000 0.935283 0.000000 0.045526 0.000000 0.000000 0.000000 0.019191 
0.004738 0.010179 0.048417 0.000663 0.010387 0.011027 0.000000 0.000000 0.000000 0.914589 
0.256040 0.031754 0.149209 0.007145 0.424940 0.021652 0.005198 0.000000 0.082291 0.021771 
0.000000 0.000000 0.000000 0.997449 0.000000 0.002551 0.000000 0.000000 0.000000 0.000000 
0.343655 0.021417 0.216360 0.038168 0.325723 0.021619 0.012885 0.020173 0.000000 0.000000 
0.221706 0.149770 0.294893 0.059789 0.000000 0.047830 0.061496 0.025535 0.138981 0.000000 
0.000000 0.000000 0.000000 0.963941 0.000000 0.036059 0.000000 0.000000 0.000000 0.000000 
0.000000 0.000000 0.000000 0.904732 0.000000 0.049322 0.000000 0.000000 0.000000 0.045946 
0.000000 0.000000 0.000000 0.942004 0.000000 0.043831 0.000000 0.000000 0.014165 0.000000 
0.000000 0.000000 0.000000 0.042175 0.073997 0.230268 0.026731 0.022527 0.604303 0.000000 
0.375279 0.002883 0.131723 0.000051 0.401152 0.000000 0.002427 0.012088 0.058127 0.016268 
0.000000 0.000000 0.033415 0.889924 0.000000 0.076661 0.000000 0.000000 0.000000 0.000000 
0.000000 0.000000 0.000000 1.000000 0.000000 0.000000 0.000000 0.000000 0.000000 0.000000 
0.040313 0.000000 0.038850 0.876867 0.000000 0.035729 0.008240 0.000000 0.000000 0.000000 
0.000000 0.000000 0.000000 0.860084 0.000000 0.000000 0.000000 0.073716 0.025456 0.040744 
0.067954 0.000000 0.042344 0.628118 0.164625 0.063727 0.004984 0.010250 0.000000 0.017997 
0.000000 0.000000 0.000000 0.985076 0.000000 0.000000 0.000000 0.000000 0.014924 0.000000 
0.672764 0.074410 0.000000 0.018081 0.135601 0.000000 0.002112 0.097033 0.000000 0.000000 
0.369740 0.135568 0.146983 0.063405 0.206600 0.000000 0.022076 0.055628 0.000000 0.000000 
0.000000 0.000000 0.000000 0.954981 0.000000 0.000000 0.031550 0.000000 0.000000 0.013468 
0.000000 0.000000 0.000000 0.966450 0.000000 0.000000 0.000000 0.000000 0.016419 0.017131 
0.000000 0.000000 0.000000 0.988498 0.000000 0.011502 0.000000 0.000000 0.000000 0.000000 
0.000000 0.000000 0.000000 0.919682 0.000000 0.039944 0.000000 0.000000 0.000000 0.040374 
0.000000 0.000000 0.013674 0.949401 0.000000 0.021467 0.000000 0.000000 0.000000 0.015458 
0.023578 0.000000 0.094425 0.808702 0.000000 0.045101 0.000000 0.000000 0.000000 0.028195 
0.000000 0.000000 0.051214 0.857971 0.000000 0.074800 0.000000 0.000000 0.016013 0.000002 
0.091100 0.030174 0.187432 0.550120 0.000000 0.126397 0.000000 0.014775 0.000000 0.000002 
0.000000 0.000000 0.107234 0.810296 0.000000 0.039741 0.000000 0.000000 0.024587 0.018143 
0.000000 0.000000 0.015245 0.968686 0.000000 0.016069 0.000000 0.000000 0.000000 0.000000 
0.020441 0.000000 0.057694 0.796837 0.000000 0.090042 0.000000 0.000000 0.000000 0.034986 
0.338864 0.103654 0.040567 0.283661 0.000000 0.000300 0.078541 0.058062 0.096352 0.000001 
0.460200 0.100268 0.093305 0.079756 0.000000 0.000468 0.091281 0.067461 0.107260 0.000001 
0.011760 0.000000 0.077788 0.811528 0.000000 0.073222 0.000000 0.000000 0.000000 0.025702 
0.046100 0.193007 0.049421 0.544653 0.072096 0.057227 0.015133 0.022363 0.000000 0.000001 
0.025919 0.000000 0.046457 0.927172 0.000000 0.000450 0.000000 0.000000 0.000000 0.000002 
0.000000 0.000000 0.025606 0.871189 0.051893 0.051311 0.000000 0.000000 0.000000 0.000001 
0.000000 0.000000 0.000148 0.941666 0.000000 0.033613 0.001688 0.000000 0.000000 0.022884 
0.032724 0.000000 0.062460 0.002955 0.000000 0.002862 0.034669 0.029196 0.000000 0.835134 
0.000000 0.000000 0.031735 0.945072 0.000000 0.023192 0.000000 0.000000 0.000000 0.000000 
0.000000 0.000000 0.016425 0.952270 0.000000 0.031304 0.000000 0.000000 0.000000 0.000000 
0.000000 0.000000 0.054039 0.793458 0.000000 0.129468 0.003659 0.000000 0.000000 0.019376 
0.000000 0.000000 0.027106 0.921692 0.000000 0.044434 0.000000 0.000000 0.000000 0.006768 
0.000000 0.000000 0.085887 0.845656 0.000000 0.058708 0.000000 0.000000 0.000000 0.009749 
0.000000 0.000000 0.001797 0.985267 0.000000 0.012935 0.000000 0.000000 0.000000 0.000000 
0.011244 0.000000 0.043549 0.814876 0.000000 0.117478 0.000000 0.000000 0.000000 0.012852 
0.000000 0.000000 0.075145 0.836445 0.000000 0.068126 0.000000 0.000000 0.000000 0.020284 
0.012540 0.000000 0.049915 0.797821 0.000000 0.076955 0.000000 0.000000 0.000000 0.062769 
0.037052 0.000000 0.112359 0.744284 0.000000 0.083473 0.000000 0.000000 0.000000 0.022832 
0.000000 0.000000 0.000077 0.963336 0.000000 0.035078 0.000000 0.000000 0.000000 0.001509 
0.000000 0.000000 0.037047 0.815601 0.020353 0.122600 0.004398 0.000000 0.000000 0.000001 
0.014792 0.003175 0.071634 0.002600 0.003368 0.000000 0.000000 0.000000 0.000113 0.904318 
0.233149 0.100198 0.238076 0.012332 0.268479 0.000000 0.003684 0.064060 0.037939 0.042085 
0.205213 0.100841 0.285598 0.014142 0.392516 0.000000 0.000000 0.000000 0.001686 0.000003 
0.161454 0.050317 0.281734 0.000000 0.458593 0.000000 0.000000 0.000000 0.028353 0.019549 
0.175015 0.016033 0.400082 0.004502 0.333308 0.000000 0.005865 0.000000 0.054231 0.010965 
0.051440 0.011220 0.089057 0.000000 0.010540 0.021487 0.000000 0.000000 0.006906 0.809351 
0.226233 0.074951 0.421107 0.013402 0.208152 0.000000 0.000000 0.000000 0.036240 0.019915 
0.072308 0.010929 0.715468 0.002477 0.176149 0.000000 0.000000 0.012032 0.010637 0.000001 
0.139270 0.050572 0.394886 0.000001 0.316775 0.000000 0.000000 0.000000 0.098492 0.000003 
0.024856 0.005020 0.112719 0.000185 0.743967 0.000000 0.000000 0.002635 0.037195 0.073422 
0.684215 0.021255 0.077734 0.000000 0.134824 0.000000 0.005117 0.076755 0.000098 0.000001 
0.050115 0.000025 0.077412 0.000608 0.056906 0.014235 0.003594 0.001064 0.001030 0.795012 
0.010218 0.010641 0.069581 0.000272 0.592432 0.021431 0.001694 0.000000 0.087377 0.206355 
0.190762 0.109469 0.175767 0.019883 0.372093 0.000000 0.000000 0.000000 0.068887 0.063139 
0.219630 0.086611 0.359243 0.004042 0.276307 0.000000 0.000000 0.012293 0.026576 0.015297 
0.227776 0.039376 0.284379 0.000000 0.379288 0.011941 0.008602 0.000000 0.048635 0.000002 
0.039258 0.327143 0.130462 0.464245 0.010852 0.000000 0.008371 0.014186 0.005479 0.000004 
0.112620 0.039839 0.286008 0.000001 0.420251 0.000000 0.008247 0.000000 0.105832 0.027201 
0.012967 0.002357 0.265109 0.000525 0.222217 0.045536 0.000957 0.000000 0.000011 0.450322 
0.186677 0.076632 0.390166 0.020623 0.214819 0.000000 0.000000 0.000000 0.111081 0.000002 
0.155855 0.024081 0.347199 0.006462 0.322423 0.000000 0.002567 0.015614 0.125797 0.000002 
0.135701 0.016261 0.425593 0.017705 0.262101 0.009631 0.000000 0.023302 0.109704 0.000002 
0.006065 0.019895 0.047852 0.000000 0.004022 0.000000 0.000000 0.000000 0.012929 0.909236 
0.260892 0.070198 0.226931 0.000001 0.320615 0.000000 0.000000 0.047306 0.074055 0.000002 
0.411701 0.022670 0.117867 0.000000 0.336369 0.033133 0.008606 0.028519 0.041133 0.000002 
0.213155 0.048249 0.242001 0.022044 0.385935 0.009703 0.003032 0.000000 0.075877 0.000003 
0.181486 0.073862 0.398473 0.000001 0.295648 0.000000 0.003302 0.000000 0.033039 0.014189 
0.047735 0.011895 0.036490 0.000000 0.002266 0.000000 0.000000 0.010262 0.001234 0.890119 
0.002271 0.002542 0.370189 0.000000 0.537445 0.000000 0.000000 0.000000 0.081793 0.005760 
0.245192 0.055032 0.164059 0.003978 0.411422 0.024511 0.000000 0.020072 0.058317 0.017417 
0.057974 0.100238 0.533990 0.000001 0.244500 0.007872 0.000000 0.000000 0.040389 0.015036 
0.018273 0.012917 0.045020 0.000000 0.051606 0.007328 0.000000 0.000000 0.008526 0.856331 
0.157756 0.038526 0.269913 0.006493 0.409101 0.000000 0.000000 0.000000 0.085536 0.032675 
0.161735 0.145430 0.254465 0.017368 0.329643 0.000000 0.000000 0.000000 0.056545 0.034814 
0.195581 0.119898 0.274519 0.004836 0.281301 0.000000 0.002159 0.000000 0.121704 0.000003 
0.189806 0.051584 0.354960 0.013170 0.315276 0.000000 0.004918 0.008058 0.048817 0.013411 
0.068473 0.000031 0.168342 0.001309 0.325138 0.050342 0.004498 0.000000 0.035437 0.346431 
0.604680 0.022153 0.160827 0.000001 0.084058 0.000000 0.011797 0.069125 0.047357 0.000002 
0.223164 0.018676 0.388809 0.000000 0.302629 0.000000 0.000000 0.012921 0.053799 0.000001 
0.174972 0.077222 0.374404 0.008421 0.281096 0.000000 0.000000 0.000000 0.083882 0.000003 
0.013592 0.009530 0.077939 0.003640 0.001134 0.000000 0.000000 0.000000 0.012819 0.881345 
0.081148 0.604811 0.167664 0.000000 0.145804 0.000000 0.000000 0.000000 0.000567 0.000005 
0.006759 0.000169 0.035615 0.922762 0.002370 0.017001 0.000000 0.003827 0.011495 0.000002 
0.135915 0.024496 0.418219 0.000001 0.357831 0.047424 0.000000 0.012605 0.003506 0.000003 
0.090189 0.009026 0.761674 0.000000 0.118590 0.000000 0.000000 0.007209 0.013311 0.000001 
0.249130 0.043544 0.267129 0.021717 0.350517 0.000000 0.004834 0.000000 0.063128 0.000002 
0.447018 0.050409 0.187134 0.000000 0.270856 0.000000 0.002221 0.006722 0.035637 0.000002 
0.244215 0.073798 0.316717 0.000001 0.255813 0.000000 0.000000 0.029575 0.079879 0.000002 
0.191279 0.040087 0.342294 0.000002 0.291268 0.016498 0.016256 0.000000 0.083013 0.019302 
0.133634 0.091970 0.400471 0.009079 0.274696 0.000000 0.027181 0.000000 0.062964 0.000004 
0.155186 0.062208 0.353084 0.012309 0.338123 0.000000 0.000000 0.000000 0.079086 0.000004 
0.178549 0.037371 0.178702 0.247852 0.219701 0.000000 0.002170 0.030013 0.105641 0.000001 
0.274362 0.024638 0.186914 0.004133 0.443886 0.000000 0.028069 0.000000 0.023402 0.014595 
0.001867 0.029321 0.067586 0.000797 0.013740 0.000000 0.000000 0.000000 0.005161 0.881528 
0.200006 0.153516 0.150740 0.042834 0.314073 0.032630 0.002857 0.000000 0.103342 0.000003 
0.148064 0.045485 0.363237 0.005110 0.417039 0.000000 0.000000 0.006800 0.014263 0.000002 
0.178199 0.043006 0.370038 0.000001 0.346620 0.000000 0.003070 0.000000 0.059064 0.000002 
0.049001 0.048403 0.644319 0.010326 0.106577 0.000000 0.000000 0.000000 0.020206 0.121169 
0.013651 0.013639 0.035111 0.000000 0.037938 0.005133 0.000000 0.004079 0.007618 0.882831 
0.704570 0.046590 0.005468 0.001316 0.037293 0.000000 0.004679 0.091907 0.004365 0.103813 
0.085715 0.056302 0.516836 0.000000 0.294809 0.000000 0.000000 0.026113 0.020222 0.000002 
0.179810 0.060940 0.337354 0.016160 0.312700 0.000000 0.000000 0.010171 0.053866 0.028999 
0.018231 0.012172 0.108070 0.000000 0.012614 0.025546 0.000000 0.000000 0.004497 0.818871 
0.156358 0.065254 0.374752 0.011815 0.297151 0.000000 0.000000 0.022579 0.072088 0.000002 
0.146401 0.038087 0.398404 0.000001 0.345184 0.000000 0.006606 0.000000 0.065316 0.000002 
0.158181 0.039378 0.335171 0.017571 0.352914 0.000000 0.005379 0.003574 0.087831 0.000002 
0.020360 0.003435 0.185321 0.000000 0.351861 0.020886 0.001019 0.002787 0.047331 0.367000 
0.353734 0.000256 0.325875 0.006359 0.252231 0.019043 0.001491 0.018730 0.022281 0.000001 
0.281516 0.016350 0.131325 0.006719 0.428742 0.000000 0.005942 0.011851 0.093002 0.024554 
0.193200 0.061640 0.328839 0.011599 0.330918 0.000000 0.010139 0.000000 0.063663 0.000002 
0.022350 0.000289 0.719535 0.000000 0.223376 0.000204 0.001751 0.003461 0.029035 0.000001 
0.154081 0.055693 0.447519 0.000001 0.273248 0.000000 0.000000 0.000000 0.069455 0.000003 
0.022889 0.106928 0.149275 0.539618 0.011860 0.108317 0.000000 0.000000 0.000375 0.060737 
0.007581 0.006626 0.082893 0.000000 0.004144 0.009780 0.000000 0.000000 0.000132 0.888844 
0.024248 0.008719 0.103903 0.000000 0.003310 0.025922 0.000000 0.000000 0.000082 0.833816 
0.105620 0.066038 0.471071 0.000000 0.291148 0.000000 0.000000 0.000000 0.063076 0.003047 
0.114424 0.060589 0.351736 0.004223 0.380259 0.000000 0.012103 0.000000 0.055019 0.021647 
0.177780 0.064987 0.280990 0.005381 0.467844 0.000000 0.002812 0.000000 0.000205 0.000001 
0.207062 0.074231 0.307763 0.000001 0.353495 0.000000 0.000000 0.000000 0.057443 0.000004 
0.087541 0.091319 0.506837 0.000002 0.250236 0.031735 0.000000 0.031790 0.000537 0.000004 
0.125337 0.094900 0.318151 0.014393 0.354949 0.000000 0.000000 0.000000 0.084754 0.007516 
0.147570 0.074288 0.183065 0.035829 0.248394 0.090902 0.000000 0.000000 0.219947 0.000005 
0.157277 0.080662 0.313449 0.007074 0.347411 0.000000 0.001708 0.000000 0.092418 0.000002 
0.096195 0.088915 0.432326 0.008109 0.328279 0.000000 0.002548 0.000000 0.043626 0.000002 
0.043977 0.007883 0.074298 0.000000 0.007176 0.000000 0.000000 0.000000 0.014814 0.851852 
0.145773 0.035456 0.435372 0.000001 0.284401 0.000000 0.000000 0.008714 0.075618 0.014665 
0.176744 0.096540 0.357521 0.005944 0.293236 0.013340 0.000000 0.000000 0.056675 0.000002 
0.550883 0.029740 0.061725 0.004681 0.271053 0.034194 0.001284 0.009821 0.030925 0.005693 
0.040460 0.116912 0.035429 0.730844 0.006137 0.000000 0.019882 0.023594 0.026738 0.000004 
0.048893 0.023009 0.713252 0.021955 0.149015 0.016409 0.001458 0.013675 0.012334 0.000000 
0.408668 0.125237 0.238652 0.043603 0.000000 0.019191 0.038223 0.019981 0.098452 0.007994 
0.409269 0.123467 0.238767 0.043948 0.000000 0.019164 0.038792 0.020203 0.098309 0.008082 
0.273171 0.249355 0.231390 0.075140 0.032845 0.000002 0.037350 0.032197 0.068550 0.000000 
0.119473 0.425524 0.022065 0.078199 0.000000 0.000002 0.062056 0.220454 0.039264 0.032963 
0.047922 0.086081 0.053478 0.025969 0.000000 0.651500 0.047897 0.085243 0.001910 0.000000 
0.038544 0.094771 0.051630 0.012316 0.016355 0.653782 0.046806 0.066835 0.018962 0.000000 
0.033286 0.101360 0.219476 0.017817 0.466078 0.096667 0.004235 0.000077 0.000159 0.060846 
0.483877 0.080943 0.031284 0.008030 0.312788 0.000001 0.002113 0.030228 0.033078 0.017658 
0.000778 0.016481 0.980013 0.000261 0.000000 0.000001 0.000356 0.000063 0.002047 0.000000 
0.154331 0.012641 0.825739 0.003729 0.000000 0.000002 0.001816 0.001507 0.000236 0.000000 
0.058341 0.114375 0.076995 0.007900 0.000000 0.618900 0.015999 0.038088 0.051121 0.018281 
0.441056 0.119016 0.178894 0.050638 0.000000 0.023656 0.041496 0.038255 0.106990 0.000000 
0.199387 0.185152 0.127593 0.053537 0.086809 0.000002 0.102413 0.144763 0.060358 0.039987 
0.055160 0.148650 0.104860 0.453987 0.040872 0.000002 0.044969 0.057435 0.032379 0.061687 
0.387257 0.144002 0.190255 0.042520 0.000000 0.034893 0.059879 0.047284 0.093911 0.000000 
0.091374 0.073550 0.011428 0.033095 0.000000 0.000000 0.725266 0.051484 0.013802 0.000000 
0.330703 0.166197 0.225634 0.042874 0.000000 0.016208 0.065814 0.036673 0.115897 0.000000 
0.171890 0.031188 0.032719 0.053491 0.000000 0.000002 0.630963 0.037163 0.042584 0.000000 
0.042659 0.052805 0.005633 0.000627 0.000000 0.000003 0.886002 0.011799 0.000472 0.000000 
0.310786 0.060837 0.176792 0.038844 0.000000 0.000000 0.315314 0.024225 0.073202 0.000000 
0.044323 0.022507 0.036403 0.021841 0.000000 0.000003 0.858942 0.007993 0.007988 0.000000 
0.027738 0.073276 0.026149 0.023034 0.000000 0.000002 0.829491 0.000175 0.020134 0.000000 
0.054320 0.018887 0.020353 0.028200 0.000000 0.000002 0.867275 0.002708 0.008256 0.000000 
0.346251 0.134740 0.250189 0.045071 0.000000 0.024327 0.042178 0.054032 0.103211 0.000000 
0.383151 0.110966 0.253630 0.042178 0.000000 0.000000 0.049125 0.023639 0.134713 0.002598 
0.374073 0.122664 0.229730 0.048340 0.000000 0.019020 0.066764 0.037741 0.099327 0.002340 
0.250948 0.054497 0.000771 0.002155 0.095956 0.103413 0.085979 0.118049 0.288231 0.000000 
0.116785 0.021529 0.048268 0.172149 0.102597 0.162545 0.083345 0.155839 0.136943 0.000000 
0.208978 0.010541 0.283715 0.002352 0.424561 0.027576 0.000005 0.025374 0.007512 0.009384 
0.219007 0.009813 0.253552 0.000004 0.464609 0.025126 0.000005 0.017681 0.001189 0.009015 
0.357379 0.148450 0.199532 0.046913 0.005061 0.000000 0.053199 0.049824 0.126266 0.013375 
0.310877 0.156253 0.230906 0.051193 0.024583 0.000000 0.053350 0.059764 0.113073 0.000001 
0.284125 0.145585 0.275956 0.047133 0.016216 0.000000 0.052546 0.048437 0.112394 0.017609 
0.222705 0.000951 0.382755 0.000004 0.362308 0.000000 0.002026 0.007969 0.008254 0.013029 
0.005055 0.017779 0.032461 0.000002 0.017095 0.000000 0.000004 0.000018 0.005082 0.922505 
0.071509 0.007044 0.472834 0.000003 0.406113 0.000000 0.008960 0.023597 0.000266 0.009673 
0.105977 0.047079 0.400980 0.000005 0.374073 0.000000 0.001646 0.003998 0.042737 0.023505 
0.043047 0.005433 0.739830 0.000010 0.191288 0.000000 0.007583 0.003970 0.000582 0.008256 
0.053167 0.000450 0.693740 0.008322 0.235635 0.000000 0.001216 0.000045 0.000313 0.007113 
0.104819 0.023449 0.412547 0.002732 0.372549 0.000000 0.000011 0.045174 0.038719 0.000000 
0.112676 0.023860 0.304024 0.000004 0.523031 0.000000 0.006339 0.019511 0.010555 0.000000 
0.054925 0.000744 0.535192 0.004588 0.355005 0.000000 0.007865 0.012403 0.012611 0.016669 
0.165376 0.000239 0.166670 0.004287 0.595391 0.000000 0.027831 0.026186 0.003573 0.010447 
0.122676 0.020226 0.495785 0.006900 0.322430 0.000000 0.001920 0.027753 0.002311 0.000000 
0.281050 0.054805 0.108117 0.006147 0.454632 0.035990 0.000007 0.017008 0.024714 0.017530 
0.158035 0.031822 0.391896 0.000011 0.377292 0.000000 0.001971 0.012961 0.026012 0.000000 
0.057836 0.024080 0.569823 0.000002 0.319061 0.000000 0.000004 0.016922 0.012271 0.000000 
0.177953 0.005769 0.154658 0.000001 0.599812 0.000000 0.001246 0.023095 0.037466 0.000000 
0.180263 0.014808 0.325547 0.000008 0.455961 0.000000 0.006703 0.005007 0.011701 0.000000 
0.030535 0.000076 0.010259 0.000001 0.032241 0.000000 0.005136 0.015201 0.005189 0.901362 
0.380015 0.177591 0.245802 0.026959 0.007648 0.000000 0.031045 0.031011 0.099928 0.000001 
0.107739 0.033564 0.497039 0.003436 0.271434 0.000000 0.000005 0.020841 0.065941 0.000000 
0.107688 0.198518 0.313058 0.188519 0.009603 0.000000 0.033087 0.000158 0.096222 0.053147 
0.060679 0.151282 0.284292 0.009541 0.440809 0.000000 0.000010 0.000064 0.001423 0.051899 
0.024977 0.052834 0.564746 0.000019 0.251996 0.000000 0.000011 0.041210 0.024085 0.040120 
0.229265 0.164128 0.294174 0.000017 0.255878 0.000000 0.000019 0.019195 0.001988 0.035336 
0.080932 0.231713 0.370881 0.000007 0.274201 0.000000 0.000006 0.008163 0.000590 0.033506 
0.170136 0.152671 0.133061 0.010493 0.490840 0.000000 0.000013 0.012660 0.006260 0.023867 
0.194406 0.240738 0.346840 0.053689 0.007830 0.000000 0.014717 0.025020 0.116760 0.000001 
0.051099 0.128485 0.505385 0.000008 0.249774 0.000000 0.005285 0.000033 0.021148 0.038784 
0.117867 0.181122 0.255016 0.231416 0.005062 0.000000 0.039064 0.007195 0.121457 0.041800 
0.378993 0.013634 0.231146 0.003877 0.306020 0.000000 0.002787 0.018096 0.045448 0.000000 
0.193900 0.182134 0.276898 0.098146 0.003894 0.000000 0.045075 0.016159 0.112495 0.071299 
0.141580 0.218863 0.330788 0.074268 0.008885 0.000000 0.025560 0.022827 0.124943 0.052286 
0.106879 0.036515 0.282431 0.000002 0.515477 0.008190 0.002857 0.000021 0.040728 0.006902 
0.125408 0.051144 0.394329 0.006127 0.325106 0.000000 0.003650 0.025016 0.063374 0.005846 
0.166012 0.012224 0.519485 0.000003 0.259379 0.000000 0.000003 0.003220 0.039673 0.000000 
0.347750 0.004653 0.363905 0.000003 0.257237 0.000000 0.001357 0.022247 0.002848 0.000000 
0.054932 0.206212 0.276653 0.036770 0.043479 0.247475 0.018497 0.040114 0.075867 0.000001 
0.175907 0.258425 0.310969 0.051621 0.008922 0.055182 0.057012 0.005408 0.076553 0.000001 
0.170343 0.071487 0.026933 0.009068 0.583047 0.030318 0.002959 0.010842 0.048991 0.046012 
0.549313 0.018529 0.069497 0.007930 0.216571 0.037905 0.005292 0.048664 0.046299 0.000000 
0.534859 0.025002 0.068954 0.006972 0.211071 0.038977 0.005238 0.053222 0.055704 0.000000 
0.220854 0.145648 0.324921 0.157746 0.013822 0.000000 0.000028 0.000178 0.114402 0.022401 
0.105310 0.038347 0.422089 0.005317 0.324168 0.000000 0.009854 0.035394 0.053387 0.006133 
0.055214 0.010431 0.029052 0.002758 0.002103 0.003019 0.007345 0.032393 0.014847 0.842838 
0.227545 0.044853 0.254561 0.000009 0.380957 0.000000 0.000014 0.015041 0.077021 0.000000 
0.110804 0.082875 0.026803 0.002314 0.659958 0.031705 0.004473 0.007358 0.002718 0.070992 
0.240984 0.037956 0.258520 0.005225 0.345182 0.017179 0.000004 0.009872 0.085078 0.000000 
0.143276 0.077362 0.034252 0.009046 0.597400 0.028095 0.002449 0.005317 0.053547 0.049257 
0.151979 0.057654 0.062014 0.010157 0.600112 0.016258 0.004947 0.001217 0.036683 0.058980 
0.113925 0.072886 0.286161 0.418956 0.012036 0.000000 0.013062 0.000146 0.048433 0.034395 
0.082144 0.308891 0.184712 0.121916 0.089033 0.000000 0.000018 0.058383 0.129113 0.025789 
0.124657 0.161356 0.478632 0.027836 0.010859 0.000000 0.017533 0.041412 0.089328 0.048386 
0.126096 0.275311 0.280530 0.072863 0.023440 0.033493 0.013075 0.051949 0.123243 0.000001 
0.045587 0.000053 0.056636 0.003828 0.170924 0.021504 0.007453 0.003222 0.000922 0.689873 
0.068036 0.248887 0.179793 0.042968 0.115346 0.185134 0.014204 0.056309 0.052924 0.036398 
0.060349 0.196301 0.039407 0.031437 0.034180 0.000000 0.016322 0.597429 0.008379 0.016196 
0.035305 0.020331 0.103047 0.000006 0.054996 0.000000 0.007181 0.000049 0.003322 0.775763 
0.074303 0.050978 0.440246 0.012733 0.381698 0.000000 0.005577 0.011773 0.022691 0.000000 
0.076128 0.044906 0.433490 0.012489 0.387660 0.000000 0.006581 0.011343 0.027404 0.000000 
0.145348 0.026307 0.451955 0.002007 0.319563 0.000000 0.007397 0.037473 0.009950 0.000000 
0.140719 0.031683 0.423212 0.001308 0.344358 0.000000 0.008585 0.032902 0.017232 0.000000 
0.278159 0.156775 0.349090 0.042461 0.003390 0.000000 0.039372 0.026654 0.104099 0.000000 
0.270222 0.153212 0.351923 0.041068 0.003265 0.000000 0.036520 0.028693 0.115096 0.000000 
0.253405 0.166543 0.358188 0.040719 0.003771 0.000000 0.054746 0.014259 0.108368 0.000000 
0.262102 0.131869 0.382350 0.042920 0.003752 0.000000 0.052548 0.017681 0.106777 0.000000 
0.176834 0.171500 0.353472 0.060065 0.008291 0.035367 0.018068 0.053992 0.122411 0.000001 
0.335762 0.002486 0.251814 0.000002 0.365527 0.003176 0.002758 0.017500 0.012283 0.008692 
0.131549 0.028069 0.086825 0.002735 0.278628 0.158888 0.007826 0.016490 0.288990 0.000000 
0.203224 0.029392 0.345116 0.013330 0.326032 0.000000 0.006794 0.019847 0.056264 0.000000 
0.126756 0.027037 0.312442 0.010961 0.391234 0.019884 0.009483 0.019954 0.082251 0.000000 
0.243228 0.041112 0.241374 0.014825 0.401677 0.000000 0.008975 0.014542 0.034266 0.000000 
0.144621 0.026081 0.220095 0.009547 0.526068 0.000000 0.023899 0.020258 0.029432 0.000000 
0.167058 0.021134 0.407778 0.002325 0.345920 0.000000 0.004208 0.003938 0.047639 0.000000 
0.247021 0.021318 0.229972 0.003537 0.352448 0.014580 0.044718 0.044486 0.041920 0.000000 
0.246907 0.026845 0.230439 0.007685 0.362689 0.000000 0.043017 0.035919 0.046499 0.000000 
0.207519 0.069270 0.156740 0.008242 0.383049 0.000000 0.002469 0.000014 0.167903 0.004795 
0.103700 0.202136 0.362145 0.052202 0.021137 0.023838 0.042643 0.023406 0.067466 0.101327 
0.186860 0.140003 0.320010 0.064871 0.036088 0.060254 0.027406 0.096587 0.067919 0.000001 
0.008394 0.000892 0.112891 0.000005 0.129438 0.000000 0.000021 0.000037 0.000187 0.748134 
0.367036 0.063953 0.105409 0.016287 0.330992 0.003129 0.004389 0.033871 0.069077 0.005857 
0.263168 0.177939 0.305378 0.108377 0.018263 0.000000 0.018113 0.023692 0.085069 0.000001 
0.068896 0.009916 0.379144 0.000660 0.470062 0.000000 0.003348 0.000008 0.061279 0.006686 
0.205699 0.100225 0.381488 0.048855 0.003498 0.069436 0.075316 0.023217 0.092264 0.000001 
0.143642 0.274269 0.291117 0.086472 0.008383 0.000000 0.000015 0.104252 0.091849 0.000001 
0.102873 0.030351 0.433338 0.004731 0.356735 0.000000 0.000003 0.010270 0.054150 0.007551 
0.203661 0.035716 0.234293 0.003765 0.398639 0.000000 0.012517 0.016266 0.088034 0.007109 
0.094507 0.302965 0.288696 0.101525 0.016471 0.000000 0.000023 0.075846 0.119966 0.000001 
0.150457 0.221405 0.312674 0.086671 0.004788 0.000000 0.019192 0.039898 0.141401 0.023515 
0.113020 0.159840 0.414015 0.054207 0.005334 0.094414 0.061164 0.004143 0.059691 0.034171 
0.023566 0.452037 0.151634 0.008226 0.083028 0.035410 0.010003 0.000051 0.078350 0.157694 
0.143113 0.042832 0.226736 0.011698 0.337908 0.024941 0.006520 0.009532 0.196721 0.000000 
0.122572 0.201887 0.160383 0.071731 0.098555 0.035983 0.023682 0.106064 0.179144 0.000000 
0.093061 0.191868 0.130370 0.034052 0.130500 0.183814 0.007892 0.049387 0.179056 0.000000 
0.140496 0.280388 0.200270 0.048221 0.011384 0.052153 0.016445 0.067981 0.110274 0.072389 
0.236488 0.029199 0.330307 0.002365 0.333952 0.000000 0.015783 0.048274 0.003631 0.000000 
0.010790 0.003883 0.718556 0.026729 0.002746 0.000000 0.010785 0.014259 0.116607 0.095646 
0.022889 0.030490 0.671806 0.052484 0.021969 0.000000 0.006182 0.019858 0.127407 0.046915 
0.082860 0.086517 0.684428 0.051446 0.010110 0.000000 0.000014 0.000203 0.029249 0.055172 
0.249180 0.011372 0.446371 0.012294 0.207937 0.000000 0.010636 0.011926 0.033630 0.016654 
0.092950 0.011974 0.652777 0.000004 0.199438 0.000000 0.006084 0.005984 0.030789 0.000000 
0.016401 0.121702 0.696914 0.070673 0.008356 0.000000 0.029416 0.000264 0.056273 0.000001 
0.048161 0.000073 0.125279 0.000300 0.041023 0.027636 0.004530 0.004612 0.009666 0.738721 
0.409235 0.087195 0.251663 0.006182 0.160310 0.000000 0.026333 0.033419 0.025663 0.000000 
0.118957 0.090383 0.584140 0.026700 0.098251 0.000000 0.003725 0.000121 0.077722 0.000001 
0.295037 0.003331 0.331284 0.000003 0.319731 0.000000 0.013257 0.023054 0.014303 0.000000 
0.202378 0.050451 0.331512 0.000003 0.358684 0.000000 0.004367 0.005471 0.047134 0.000000 
0.125162 0.002003 0.622115 0.000003 0.208275 0.000000 0.002895 0.009764 0.029783 0.000000 
0.230265 0.038174 0.420123 0.015827 0.246163 0.000000 0.006011 0.010269 0.033168 0.000000 
0.109123 0.059521 0.483527 0.000003 0.278457 0.000000 0.006578 0.013216 0.034435 0.015140 
0.219500 0.051966 0.434787 0.000022 0.200524 0.000000 0.011940 0.019227 0.062033 0.000001 
0.160862 0.013444 0.412289 0.007054 0.349842 0.021322 0.004237 0.011076 0.019874 0.000000 
0.161500 0.024547 0.382089 0.006640 0.373037 0.000000 0.000003 0.004464 0.047720 0.000000 
0.119674 0.025201 0.545811 0.001339 0.247720 0.014228 0.000002 0.000034 0.045991 0.000000 
0.153813 0.043094 0.314080 0.000004 0.436495 0.000000 0.000002 0.005726 0.046785 0.000000 
0.206308 0.078966 0.382421 0.011161 0.231275 0.000000 0.000005 0.024146 0.035836 0.029882 
0.095728 0.027267 0.498496 0.006977 0.320577 0.000000 0.000007 0.008730 0.042217 0.000000 
0.182061 0.026541 0.474640 0.000004 0.243785 0.010503 0.005779 0.010963 0.045722 0.000000 
0.162559 0.006958 0.509461 0.002327 0.244131 0.000000 0.008879 0.016278 0.049408 0.000000 
0.105747 0.034354 0.694547 0.005086 0.004300 0.040303 0.000017 0.009642 0.050971 0.055032 
0.155574 0.045035 0.362119 0.000005 0.350757 0.000000 0.003745 0.000043 0.065208 0.017513 
0.076502 0.006837 0.625266 0.001396 0.271500 0.000000 0.000003 0.000030 0.008584 0.009882 
0.156176 0.031007 0.453243 0.009246 0.280324 0.005118 0.003585 0.000026 0.044522 0.016752 
0.037311 0.547125 0.143697 0.031999 0.065001 0.059123 0.000016 0.043217 0.072511 0.000000 
0.068592 0.122977 0.468948 0.084665 0.036523 0.000000 0.033260 0.116715 0.042957 0.025362 
0.146962 0.027524 0.279285 0.000014 0.398724 0.000000 0.002422 0.000134 0.087505 0.057431 
0.234943 0.024569 0.488133 0.000005 0.191943 0.000000 0.012917 0.016329 0.031161 0.000000 
0.087015 0.019810 0.653753 0.007191 0.198136 0.000000 0.002295 0.011544 0.020256 0.000000 
0.126224 0.102684 0.336242 0.008550 0.313509 0.000000 0.025132 0.030508 0.057150 0.000000 
0.106693 0.041113 0.457527 0.000008 0.216821 0.041752 0.017823 0.042851 0.047662 0.027750 
0.015454 0.033057 0.801339 0.004902 0.001879 0.000000 0.015624 0.014817 0.045837 0.067092 
0.257944 0.015149 0.301649 0.000003 0.386862 0.000000 0.010488 0.012062 0.015842 0.000000 
0.180593 0.032446 0.337480 0.003756 0.350136 0.000000 0.015574 0.010850 0.055013 0.014152 
0.316812 0.010629 0.272300 0.000003 0.329877 0.000000 0.003075 0.025388 0.041916 0.000000 
0.097653 0.036623 0.427180 0.000011 0.310843 0.017784 0.004211 0.033710 0.071985 0.000000 
0.249521 0.034383 0.265616 0.005548 0.377585 0.000000 0.005781 0.018173 0.043393 0.000000 
0.002175 0.000734 0.093935 0.000001 0.024977 0.000000 0.005255 0.005656 0.006443 0.860825 
0.158612 0.021927 0.479893 0.010424 0.201374 0.000000 0.000009 0.016474 0.111287 0.000000 
0.179334 0.276739 0.204343 0.086247 0.024417 0.000000 0.000018 0.043674 0.185229 0.000001 
