-7651770.297201
0
0.032525 0.032217 0.024986 0.024824 0.007597 0.004494 0.001968 0.004539 0.006515 0.000000 0.000000 0.000271 0.000465 0.001619 0.004621 0.001054 0.005547 0.000000 0.001080 0.001099 0.000042 0.000000 0.000000 0.000000 0.097979 0.080507 0.066976 0.063072 0.008987 0.009847 0.008933 0.009511 0.019937 0.001306 0.004642 0.008833 0.001896 0.002286 0.014628 0.005750 0.002644 0.000716 0.002754 0.002400 0.000000 0.000187 0.001176 0.001366 0.045343 0.053283 0.039880 0.031771 0.004635 0.007387 0.005283 0.003259 0.007346 0.000000 0.000000 0.000000 0.002739 0.002439 0.005601 0.003216 0.003001 0.000000 0.000000 0.001322 0.000000 0.000000 0.000000 0.000000 0.040393 0.064827 0.032318 0.046510 0.000601 0.008709 0.002258 0.000387 0.000000 0.005418 0.000000 0.001920 0.001050 0.001353 0.003155 0.001185 0.001296 0.000000 0.000000 0.000000 0.000000 0.000000 0.000320 0.000000 
0.001041 0.000000 0.000000 0.000556 0.000000 0.000000 0.000335 0.000000 0.000000 0.031272 0.000000 0.008604 0.001705 0.000456 0.000835 0.005024 0.000000 0.000000 0.000000 0.000000 0.000287 0.000508 0.001416 0.000000 0.003973 0.001555 0.001054 0.003474 0.000000 0.000000 0.001492 0.000000 0.086943 0.176713 0.047586 0.104558 0.000000 0.000000 0.000000 0.001021 0.000939 0.000000 0.000000 0.003861 0.000000 0.000062 0.001291 0.000000 0.000000 0.000000 0.000000 0.000000 0.000000 0.000000 0.000000 0.000000 0.000000 0.029935 0.000000 0.005823 0.000000 0.000000 0.000000 0.000434 0.000820 0.000000 0.000000 0.013676 0.000000 0.000000 0.002653 0.000000 0.002118 0.004920 0.000000 0.000000 0.000000 0.000000 0.000000 0.000000 0.018760 0.297277 0.037399 0.075964 0.001310 0.001544 0.000706 0.005985 0.002540 0.001969 0.002802 0.003322 0.000475 0.001209 0.000817 0.000981 
0.001143 0.001118 0.000464 0.000894 0.003174 0.001158 0.000752 0.002713 0.004071 0.000171 0.005288 0.001134 0.000000 0.000377 0.000000 0.000237 0.000693 0.000585 0.000267 0.000247 0.000000 0.000111 0.000381 0.000141 0.002006 0.000933 0.000000 0.000681 0.004938 0.001197 0.001256 0.004770 0.004261 0.004155 0.007846 0.000000 0.000000 0.000000 0.000000 0.000000 0.000000 0.000213 0.000000 0.000000 0.000000 0.000000 0.000037 0.000751 0.001355 0.001275 0.000336 0.001151 0.001367 0.000868 0.000219 0.002397 0.007644 0.002012 0.005889 0.000000 0.000000 0.000093 0.000000 0.000000 0.000382 0.000046 0.000421 0.000391 0.000208 0.000119 0.000000 0.000000 0.030234 0.020604 0.007029 0.015906 0.181893 0.061996 0.022078 0.206286 0.210376 0.029192 0.020647 0.107585 0.000000 0.000000 0.000000 0.000000 0.000000 0.000683 0.000218 0.000480 0.000074 0.000103 0.000170 0.000108 
0.000000 0.000000 0.000000 0.000000 0.000000 0.001135 0.000000 0.000272 0.002660 0.000563 0.000000 0.001077 0.000000 0.000000 0.000000 0.004228 0.000000 0.007968 0.001328 0.004456 0.003527 0.013554 0.004673 0.052840 0.000393 0.000000 0.000000 0.000000 0.000000 0.000000 0.000000 0.000000 0.002785 0.003211 0.000206 0.001612 0.000000 0.008964 0.000000 0.027843 0.009934 0.050676 0.040050 0.075350 0.004756 0.038279 0.030866 0.271966 0.001257 0.000000 0.000000 0.000000 0.000151 0.000000 0.000000 0.000000 0.000162 0.001465 0.000099 0.000967 0.000000 0.004019 0.000000 0.005947 0.003154 0.015836 0.012983 0.009077 0.000000 0.019228 0.000000 0.089447 0.000384 0.000000 0.000000 0.002280 0.000000 0.000000 0.000000 0.000000 0.003850 0.006760 0.000546 0.004074 0.000000 0.003253 0.000000 0.010980 0.002005 0.018024 0.005520 0.010117 0.000000 0.023086 0.007443 0.072716 
0.000000 0.005036 0.000000 0.000000 0.000000 0.000000 0.000000 0.000876 0.000280 0.000576 0.001376 0.000000 0.036292 0.027674 0.058407 0.021539 0.019597 0.000875 0.007190 0.003619 0.002486 0.000871 0.003696 0.000787 0.000000 0.000000 0.000000 0.000000 0.000000 0.001920 0.000000 0.000000 0.003643 0.007581 0.003568 0.004448 0.050704 0.084970 0.193139 0.056324 0.005412 0.000483 0.000092 0.003126 0.004989 0.001034 0.014455 0.001924 0.000000 0.000000 0.000000 0.000000 0.000000 0.000000 0.000000 0.000000 0.000000 0.000000 0.004134 0.000000 0.039127 0.024491 0.063783 0.018455 0.004746 0.000000 0.000000 0.000000 0.000000 0.000000 0.000000 0.000000 0.004021 0.005352 0.000911 0.000000 0.000000 0.001961 0.000395 0.000000 0.002696 0.007284 0.001645 0.001621 0.035949 0.042655 0.056465 0.033690 0.004880 0.000000 0.001407 0.000000 0.003279 0.003420 0.007916 0.000728 
0.000000 0.000799 0.000103 0.000000 0.000000 0.000281 0.000000 0.000349 0.000000 0.008077 0.000000 0.002820 0.000263 0.001225 0.000925 0.000000 0.000000 0.000000 0.000000 0.001952 0.000085 0.000000 0.000000 0.000000 0.000570 0.000000 0.001706 0.000000 0.000181 0.000535 0.000000 0.000873 0.044269 0.000000 0.008453 0.035627 0.000536 0.001737 0.000365 0.001565 0.000656 0.000697 0.000643 0.002297 0.000000 0.000688 0.000000 0.000000 0.000278 0.000000 0.000000 0.000196 0.000000 0.000000 0.000000 0.000000 0.000000 0.007510 0.000000 0.026834 0.000458 0.000578 0.000833 0.000959 0.000000 0.000000 0.000000 0.000000 0.000149 0.000000 0.000491 0.000592 0.000000 0.000000 0.001237 0.000000 0.000000 0.002054 0.000542 0.000515 0.251942 0.204240 0.277381 0.100079 0.000366 0.001038 0.000458 0.001264 0.001301 0.000429 0.000000 0.000000 0.000000 0.000000 0.000000 0.000000 
0.000283 0.000270 0.000000 0.000000 0.000000 0.000000 0.000000 0.000000 0.037801 0.084450 0.008290 0.064490 0.000000 0.000000 0.000287 0.000000 0.000649 0.000000 0.000000 0.000144 0.000000 0.000000 0.000000 0.000000 0.000000 0.000186 0.000000 0.000000 0.000053 0.000455 0.000000 0.000153 0.059528 0.164065 0.024350 0.126901 0.000492 0.000000 0.000266 0.000397 0.000000 0.000000 0.000000 0.000000 0.000000 0.000047 0.000000 0.000115 0.000222 0.000767 0.000136 0.000000 0.000000 0.000000 0.000000 0.000000 0.055583 0.157268 0.015399 0.112290 0.000000 0.000000 0.000000 0.000000 0.000000 0.000362 0.000000 0.000192 0.000000 0.000000 0.000000 0.000000 0.000913 0.000177 0.000000 0.000000 0.000000 0.000000 0.000000 0.000261 0.011154 0.039038 0.000000 0.032270 0.000000 0.000000 0.000140 0.000000 0.000000 0.000118 0.000000 0.000000 0.000000 0.000000 0.000040 0.000000 
0.000391 0.000104 0.000000 0.000000 0.000000 0.000000 0.000000 0.000078 0.000282 0.000439 0.000104 0.000000 0.000000 0.000000 0.000000 0.000125 0.000000 0.003191 0.000084 0.000000 0.000000 0.000000 0.007109 0.000000 0.000000 0.000000 0.000000 0.000000 0.000073 0.000000 0.000000 0.000000 0.000000 0.000298 0.000121 0.000110 0.000000 0.000000 0.000000 0.000000 0.000000 0.097177 0.000000 0.000378 0.000000 0.000000 0.009431 0.000103 0.000405 0.000000 0.000000 0.000000 0.000000 0.000358 0.001694 0.000384 0.000100 0.000000 0.001326 0.000000 0.000000 0.000000 0.000000 0.000000 0.000000 0.000000 0.000000 0.000000 0.054615 0.096243 0.638260 0.068450 0.000000 0.000000 0.000000 0.000000 0.000000 0.000000 0.000000 0.000000 0.000759 0.000254 0.000467 0.000109 0.000000 0.000000 0.000000 0.000000 0.000000 0.016495 0.000216 0.000000 0.000000 0.000262 0.000000 0.000000 
0.000000 0.000659 0.000000 0.000000 0.000193 0.001322 0.000000 0.001469 0.009803 0.004978 0.020794 0.004267 0.003944 0.012025 0.000843 0.006230 0.036484 0.029189 0.074226 0.021731 0.001032 0.003110 0.001379 0.000000 0.004123 0.010951 0.008730 0.009365 0.000000 0.000000 0.000000 0.000545 0.004513 0.002597 0.031253 0.003179 0.000000 0.002348 0.000000 0.000000 0.026174 0.025138 0.089025 0.028402 0.001419 0.007140 0.010024 0.000000 0.000000 0.002293 0.000960 0.000000 0.000365 0.003476 0.000000 0.000795 0.017214 0.026654 0.014797 0.017012 0.001548 0.006405 0.001292 0.002023 0.080544 0.047738 0.077499 0.058363 0.000000 0.000000 0.000000 0.000000 0.000000 0.000000 0.000000 0.000000 0.000000 0.000000 0.000000 0.002310 0.004567 0.006222 0.007235 0.004148 0.001504 0.001767 0.000000 0.000000 0.027598 0.026122 0.036549 0.023288 0.000000 0.000000 0.001106 0.000000 
0.000000 0.002706 0.000000 0.009102 0.000208 0.000124 0.000079 0.000647 0.024270 0.016945 0.072530 0.011548 0.000000 0.003243 0.000000 0.003495 0.000618 0.004165 0.000856 0.000000 0.000000 0.000000 0.000677 0.000000 0.006429 0.021124 0.003373 0.120305 0.000000 0.000000 0.000000 0.000000 0.000000 0.000000 0.047051 0.000000 0.000000 0.003126 0.000000 0.000720 0.000000 0.003414 0.000364 0.000000 0.000000 0.000939 0.001078 0.000000 0.002172 0.009708 0.000847 0.040443 0.000726 0.001509 0.000000 0.001317 0.066363 0.110832 0.264650 0.062190 0.000000 0.003232 0.000000 0.001890 0.004453 0.012630 0.005575 0.000592 0.000000 0.000000 0.000000 0.000000 0.000000 0.006291 0.000000 0.017597 0.000000 0.000000 0.000000 0.000000 0.006037 0.006067 0.003289 0.005195 0.000000 0.000748 0.000000 0.000000 0.000476 0.004355 0.001681 0.000000 0.000000 0.000000 0.000000 0.000000 
0.027407 0.012798 0.009219 0.006330 0.016233 0.013658 0.017907 0.013162 0.019599 0.012027 0.002437 0.015055 0.004328 0.003455 0.008275 0.001587 0.018232 0.018761 0.041661 0.029072 0.006180 0.006379 0.013890 0.004880 0.000840 0.000000 0.000451 0.000000 0.015049 0.014493 0.018312 0.017720 0.015028 0.011027 0.012622 0.013411 0.000000 0.002642 0.000000 0.005930 0.008189 0.024763 0.027922 0.024070 0.003313 0.007849 0.016950 0.006107 0.020092 0.014599 0.012344 0.011624 0.015947 0.023963 0.024208 0.021008 0.008779 0.000000 0.000000 0.010508 0.003739 0.004649 0.005844 0.004090 0.000000 0.014457 0.024939 0.007539 0.008078 0.010459 0.010738 0.010895 0.002854 0.003173 0.001408 0.000000 0.001695 0.011464 0.011752 0.006648 0.000000 0.014908 0.001236 0.008241 0.000000 0.002671 0.001917 0.004313 0.004222 0.016495 0.016072 0.013274 0.006538 0.010933 0.012814 0.009653 
0.000392 0.000312 0.000000 0.000000 0.000781 0.000985 0.000320 0.001451 0.010209 0.003784 0.240860 0.002306 0.000093 0.000079 0.000220 0.001200 0.001460 0.001158 0.008427 0.000408 0.000000 0.000000 0.000000 0.000000 0.004388 0.005989 0.006266 0.000000 0.000000 0.000000 0.000222 0.000000 0.005609 0.001910 0.248507 0.002048 0.000000 0.000593 0.000000 0.000237 0.001791 0.001788 0.013745 0.001083 0.000000 0.002046 0.002334 0.000000 0.000996 0.000000 0.000863 0.000000 0.000322 0.001922 0.000000 0.000453 0.017452 0.013889 0.233416 0.011260 0.000000 0.000000 0.000365 0.000147 0.000000 0.000000 0.002134 0.000000 0.000000 0.000000 0.000000 0.000000 0.000413 0.000664 0.000567 0.000000 0.000000 0.000572 0.000000 0.000000 0.002841 0.003269 0.128241 0.000205 0.000377 0.000106 0.000000 0.000000 0.000975 0.000762 0.004468 0.000000 0.000000 0.000000 0.000320 0.000000 
0.000329 0.001280 0.000307 0.009080 0.000491 0.000136 0.000000 0.000000 0.000000 0.003126 0.010295 0.004451 0.000118 0.000000 0.000000 0.001169 0.003662 0.004776 0.001794 0.003572 0.001234 0.003696 0.001432 0.014041 0.001690 0.000000 0.000000 0.011635 0.000000 0.000000 0.000000 0.000000 0.000000 0.000992 0.003132 0.002884 0.000000 0.000000 0.000000 0.000000 0.000058 0.000000 0.000000 0.000000 0.002000 0.000000 0.001988 0.007043 0.000855 0.002265 0.000000 0.008690 0.000283 0.000000 0.000000 0.000267 0.000000 0.015482 0.038447 0.019108 0.000000 0.000000 0.000000 0.000095 0.007874 0.013313 0.004050 0.012787 0.000690 0.001695 0.000000 0.000000 0.037091 0.008632 0.003700 0.279163 0.000000 0.000000 0.000000 0.000000 0.001429 0.017113 0.282623 0.036127 0.000104 0.000460 0.000341 0.001834 0.002946 0.008251 0.004656 0.007845 0.006167 0.008865 0.002081 0.068262 
0.273641 0.000000 0.019306 0.001308 0.047057 0.000000 0.435354 0.004398 0.049620 0.067031 0.074588 0.001210 0.026487 
0.011782 0.000000 0.002396 0.017438 0.006951 0.024677 0.000023 0.000821 0.000352 0.024556 0.000000 0.156473 0.754531 
0.006609 0.000000 0.001663 0.030396 0.006940 0.000000 0.035291 0.001338 0.136241 0.231659 0.000000 0.549864 0.000000 
0.000104 0.000000 0.001735 0.021610 0.000000 0.000000 0.042628 0.000000 0.093278 0.077680 0.000000 0.762966 0.000000 
0.015808 0.000000 0.006733 0.009392 0.000000 0.000000 0.032434 0.000000 0.050991 0.237033 0.000000 0.647609 0.000000 
0.219795 0.000000 0.019918 0.097299 0.085285 0.044370 0.000172 0.000000 0.231098 0.070282 0.192767 0.012930 0.026084 
0.010718 0.000000 0.003163 0.000012 0.006816 0.000000 0.046994 0.000375 0.045707 0.143417 0.000000 0.738026 0.004771 
0.035582 0.000000 0.001604 0.005385 0.000000 0.000000 0.105686 0.000000 0.113488 0.188406 0.000000 0.535053 0.014796 
0.020464 0.000000 0.008159 0.011876 0.000000 0.000000 0.000026 0.000000 0.065880 0.120347 0.007699 0.765549 0.000000 
0.000184 0.018867 0.000015 0.008171 0.000000 0.015862 0.000040 0.000000 0.113590 0.190116 0.016411 0.636745 0.000000 
0.024183 0.000000 0.001789 0.010843 0.000000 0.000000 0.041076 0.001265 0.129307 0.239883 0.000000 0.551655 0.000000 
0.105819 0.025873 0.046915 0.000017 0.005231 0.000000 0.084314 0.000000 0.144201 0.001720 0.300662 0.285248 0.000000 
0.022702 0.000000 0.632924 0.023500 0.000000 0.261185 0.025306 0.006558 0.012777 0.003628 0.000000 0.011421 0.000000 
0.079681 0.024027 0.003979 0.014290 0.024943 0.020593 0.176069 0.000002 0.095310 0.000000 0.320615 0.231229 0.009261 
0.048054 0.045022 0.012788 0.002430 0.015067 0.066056 0.123559 0.000005 0.124530 0.000000 0.237061 0.318808 0.006621 
0.067420 0.011995 0.021015 0.001249 0.038733 0.041982 0.144567 0.000003 0.156481 0.000000 0.247609 0.258602 0.010344 
0.021693 0.018707 0.032148 0.017780 0.007611 0.041028 0.121288 0.000002 0.183316 0.000000 0.212808 0.341690 0.001931 
0.039546 0.018801 0.046257 0.008860 0.017943 0.030636 0.100328 0.000002 0.151878 0.000000 0.305573 0.270882 0.009296 
0.027474 0.012829 0.017029 0.006576 0.022576 0.029381 0.141549 0.000002 0.120922 0.000000 0.271054 0.308823 0.041787 
0.256941 0.014025 0.045505 0.001328 0.015406 0.016011 0.065781 0.000010 0.107411 0.000000 0.255306 0.193275 0.029001 
0.087938 0.044992 0.051484 0.004590 0.029392 0.044219 0.158366 0.006269 0.093766 0.000000 0.268622 0.205750 0.004613 
0.019859 0.015464 0.029885 0.018669 0.027992 0.023804 0.091470 0.002711 0.228712 0.000000 0.351193 0.175447 0.014794 
0.139184 0.011045 0.018360 0.002014 0.033150 0.037305 0.105249 0.004355 0.100245 0.000000 0.282639 0.191465 0.074989 
0.102176 0.014674 0.015729 0.004519 0.015593 0.046322 0.096268 0.000002 0.105560 0.000000 0.358129 0.236301 0.004726 
0.000000 0.000000 0.815713 0.000000 0.000000 0.176845 0.000000 0.000000 0.007442 0.000000 0.000000 0.000000 0.000000 
0.000000 0.000000 0.407924 0.012672 0.000000 0.068792 0.000000 0.000000 0.381745 0.000000 0.021693 0.079059 0.028116 
0.163418 0.000000 0.259958 0.000000 0.000000 0.000067 0.000000 0.000000 0.034080 0.000000 0.273419 0.257820 0.011237 
0.000000 0.000000 0.821152 0.000000 0.000000 0.178848 0.000000 0.000000 0.000000 0.000000 0.000000 0.000000 0.000000 
0.022265 0.000000 0.832309 0.000000 0.000000 0.110778 0.000000 0.000000 0.015110 0.000000 0.019537 0.000000 0.000000 
0.000000 0.000000 0.000955 0.000000 0.000000 0.000012 0.000000 0.999033 0.000000 0.000000 0.000000 0.000000 0.000000 
0.207498 0.000000 0.057696 0.000000 0.000000 0.044298 0.133370 0.000000 0.044975 0.000000 0.461506 0.050657 0.000000 
0.043847 0.000000 0.001284 0.010591 0.015620 0.006470 0.130244 0.000000 0.356681 0.350524 0.000000 0.084739 0.000000 
0.000000 0.000000 0.000392 0.000000 0.000000 0.000005 0.000000 0.999603 0.000000 0.000000 0.000000 0.000000 0.000000 
0.000000 0.000000 0.881124 0.000000 0.000000 0.118876 0.000000 0.000000 0.000000 0.000000 0.000000 0.000000 0.000000 
0.000000 0.000000 0.741364 0.000000 0.000000 0.232096 0.000000 0.000000 0.000000 0.000000 0.026541 0.000000 0.000000 
0.011581 0.000000 0.000245 0.014203 0.000000 0.021194 0.000000 0.000719 0.000000 0.013573 0.000000 0.041523 0.896962 
0.057330 0.000000 0.002791 0.006949 0.000000 0.035955 0.117115 0.004581 0.301355 0.327979 0.000000 0.132905 0.013042 
0.000000 0.000000 0.906898 0.000000 0.000000 0.093102 0.000000 0.000000 0.000000 0.000000 0.000000 0.000000 0.000000 
0.036363 0.000000 0.034695 0.042331 0.000000 0.007193 0.039384 0.003793 0.342079 0.231895 0.039228 0.223039 0.000000 
0.045790 0.000000 0.032866 0.000000 0.034688 0.064225 0.127134 0.008542 0.056489 0.000000 0.326928 0.303338 0.000000 
0.000000 0.000000 0.791475 0.000000 0.000000 0.161633 0.000000 0.000000 0.000000 0.000000 0.046892 0.000000 0.000000 
0.000000 0.000000 0.740630 0.000000 0.000000 0.222746 0.000000 0.000000 0.000000 0.000000 0.000000 0.000000 0.036624 
0.000000 0.000000 0.760760 0.000000 0.000000 0.239240 0.000000 0.000000 0.000000 0.000000 0.000000 0.000000 0.000000 
0.000000 0.059854 0.011670 0.000000 0.000000 0.175067 0.616473 0.000000 0.000000 0.060241 0.076695 0.000000 0.000000 
0.019305 0.000000 0.000055 0.005111 0.011684 0.000016 0.088515 0.001416 0.416386 0.318543 0.000000 0.116041 0.022929 
0.000000 0.000000 0.728403 0.000000 0.000000 0.226895 0.000000 0.000000 0.013710 0.030992 0.000000 0.000000 0.000000 
0.000000 0.000000 0.812217 0.000000 0.000000 0.187783 0.000000 0.000000 0.000000 0.000000 0.000000 0.000000 0.000000 
0.000000 0.000000 0.753298 0.000000 0.000000 0.129143 0.000000 0.000000 0.000000 0.024557 0.093002 0.000000 0.000000 
0.013203 0.000000 0.764793 0.052955 0.035845 0.133204 0.000000 0.000000 0.000000 0.000000 0.000000 0.000000 0.000000 
0.000000 0.000000 0.537271 0.000000 0.016915 0.148583 0.033608 0.002839 0.087722 0.155617 0.000000 0.000000 0.017444 
0.000000 0.000000 0.905842 0.000000 0.000000 0.094158 0.000000 0.000000 0.000000 0.000000 0.000000 0.000000 0.000000 
0.063623 0.000000 0.017225 0.041796 0.064935 0.000009 0.000000 0.000000 0.744357 0.000000 0.050301 0.000000 0.017753 
0.070683 0.000000 0.055709 0.017919 0.051624 0.000025 0.056433 0.005547 0.314294 0.129493 0.133389 0.151521 0.013361 
0.000000 0.000000 0.781690 0.000000 0.000000 0.174078 0.000000 0.007325 0.000000 0.000000 0.036907 0.000000 0.000000 
0.000000 0.000000 0.772386 0.000000 0.000000 0.227614 0.000000 0.000000 0.000000 0.000000 0.000000 0.000000 0.000000 
0.000000 0.000000 0.840228 0.000000 0.000000 0.159772 0.000000 0.000000 0.000000 0.000000 0.000000 0.000000 0.000000 
0.000000 0.000000 0.767070 0.000000 0.000000 0.189398 0.000000 0.000000 0.008447 0.000000 0.000000 0.000000 0.035085 
0.000000 0.000000 0.798437 0.000000 0.000000 0.184842 0.000000 0.000000 0.010843 0.005854 0.000000 0.000024 0.000000 
0.000000 0.000000 0.706264 0.000000 0.000000 0.159642 0.000000 0.000000 0.030731 0.027244 0.000000 0.076119 0.000000 
0.000000 0.000000 0.666647 0.000000 0.000000 0.294131 0.000000 0.000000 0.000029 0.039099 0.000000 0.000095 0.000000 
0.000000 0.000000 0.386987 0.006935 0.000000 0.288562 0.000000 0.000000 0.051002 0.013371 0.081605 0.171539 0.000000 
0.000000 0.000000 0.669874 0.011021 0.000000 0.190063 0.000000 0.000000 0.000041 0.000289 0.025241 0.103471 0.000000 
0.000000 0.000000 0.840760 0.000000 0.000000 0.150824 0.000000 0.000000 0.000006 0.008395 0.000000 0.000014 0.000000 
0.000000 0.000000 0.589410 0.000000 0.000000 0.314975 0.000000 0.000000 0.022580 0.072963 0.000000 0.000071 0.000000 
0.026494 0.000000 0.253087 0.018296 0.021160 0.020889 0.081376 0.000000 0.211124 0.000165 0.323504 0.043905 0.000000 
0.000000 0.000000 0.057739 0.000000 0.044088 0.019512 0.080755 0.000000 0.293498 0.018629 0.399123 0.086656 0.000000 
0.000000 0.000000 0.665595 0.000000 0.000000 0.227496 0.000000 0.000000 0.018297 0.000199 0.000000 0.075785 0.012629 
0.145333 0.000000 0.438846 0.000000 0.000000 0.162853 0.000000 0.000000 0.015643 0.108299 0.128948 0.000078 0.000000 
0.000000 0.000000 0.782831 0.000000 0.000000 0.148175 0.000000 0.000000 0.030293 0.038624 0.000000 0.000078 0.000000 
0.029457 0.000000 0.707878 0.000000 0.000000 0.204071 0.000000 0.000000 0.000063 0.058473 0.000000 0.000059 0.000000 
0.000000 0.000000 0.803976 0.000000 0.000000 0.178209 0.000000 0.000000 0.000008 0.000041 0.000000 0.000010 0.017756 
0.000000 0.000000 0.003071 0.100299 0.002246 0.000736 0.000000 0.012110 0.000011 0.036344 0.023470 0.043989 0.777724 
0.000000 0.000000 0.811386 0.000000 0.000000 0.145947 0.000000 0.000000 0.010748 0.010297 0.000000 0.021622 0.000000 
0.000000 0.000000 0.783559 0.000000 0.000000 0.196817 0.000000 0.000000 0.004132 0.015471 0.000000 0.000022 0.000000 
0.000000 0.000000 0.598409 0.000000 0.000000 0.327257 0.000000 0.000000 0.000083 0.019479 0.000000 0.041744 0.013028 
0.000000 0.000000 0.775197 0.000000 0.000000 0.194212 0.000000 0.000000 0.007234 0.000078 0.000000 0.023279 0.000000 
0.000000 0.000000 0.673681 0.000000 0.000000 0.220981 0.000000 0.000000 0.005594 0.039890 0.000000 0.059854 0.000000 
0.000000 0.000000 0.828936 0.000000 0.000000 0.170992 0.000000 0.000000 0.000014 0.000044 0.000000 0.000014 0.000000 
0.000000 0.000000 0.608599 0.000000 0.000000 0.333369 0.000000 0.000000 0.016335 0.000112 0.000000 0.041585 0.000000 
0.000000 0.000000 0.607123 0.000000 0.000000 0.319125 0.000000 0.000000 0.000031 0.001707 0.000000 0.072014 0.000000 
0.000000 0.000000 0.606148 0.000000 0.000000 0.295439 0.000000 0.000000 0.020480 0.047840 0.000000 0.000099 0.029993 
0.000000 0.000000 0.567034 0.011935 0.000000 0.271319 0.000000 0.000000 0.041798 0.000246 0.000000 0.107667 0.000000 
0.000000 0.000000 0.831317 0.000000 0.000000 0.166954 0.000000 0.000000 0.001689 0.000034 0.000000 0.000007 0.000000 
0.036063 0.000000 0.637984 0.000000 0.000000 0.273445 0.000000 0.000000 0.012640 0.000295 0.000000 0.039574 0.000000 
0.004989 0.000000 0.003075 0.024764 0.000000 0.000001 0.000327 0.000952 0.005633 0.003323 0.000000 0.067247 0.889689 
0.089515 0.000000 0.000000 0.018026 0.069810 0.041356 0.047058 0.002765 0.248981 0.230099 0.000000 0.214983 0.037407 
0.114343 0.000000 0.000000 0.019504 0.000000 0.039312 0.032054 0.000000 0.224718 0.316348 0.000000 0.253720 0.000001 
0.053480 0.000000 0.000000 0.020548 0.000000 0.000001 0.049846 0.000000 0.167976 0.405544 0.029402 0.273203 0.000000 
0.033413 0.000000 0.004482 0.007840 0.000000 0.000002 0.072789 0.003334 0.191745 0.289629 0.000000 0.396766 0.000001 
0.012834 0.022247 0.000000 0.035095 0.000000 0.000001 0.001217 0.001271 0.045225 0.013495 0.000000 0.082001 0.786614 
0.044897 0.000000 0.006670 0.004627 0.000000 0.000003 0.048374 0.000000 0.208430 0.195123 0.057642 0.411405 0.022828 
0.007776 0.000000 0.001950 0.012690 0.008113 0.000001 0.016392 0.000000 0.082661 0.158567 0.000000 0.711850 0.000000 
0.020172 0.000000 0.000000 0.000079 0.000000 0.008098 0.099201 0.000000 0.093528 0.332017 0.085681 0.361224 0.000001 
0.018446 0.022276 0.000000 0.024084 0.000000 0.000000 0.034066 0.000376 0.064261 0.711089 0.000000 0.060060 0.065341 
0.009270 0.000000 0.000000 0.040402 0.049398 0.000001 0.006257 0.001607 0.711864 0.066445 0.028524 0.079058 0.007176 
0.002089 0.011196 0.000683 0.038460 0.000000 0.003906 0.000120 0.002400 0.044543 0.055108 0.001042 0.069039 0.771414 
0.025873 0.023225 0.000000 0.021211 0.000000 0.013187 0.085521 0.001558 0.031483 0.574116 0.000000 0.028269 0.195557 
0.069456 0.000000 0.007284 0.000363 0.000000 0.026845 0.071566 0.000000 0.188455 0.342936 0.085220 0.150050 0.057824 
0.070305 0.000000 0.000000 0.011253 0.017411 0.017659 0.037669 0.000000 0.235147 0.220818 0.027410 0.351531 0.010795 
0.047421 0.000000 0.000000 0.008928 0.007836 0.015493 0.076236 0.006963 0.252748 0.312727 0.000000 0.271648 0.000000 
0.237746 0.000000 0.465218 0.005446 0.033354 0.000003 0.005010 0.000000 0.017471 0.009154 0.085478 0.141119 0.000001 
0.060996 0.000000 0.000000 0.018441 0.000000 0.000002 0.132396 0.005067 0.135038 0.348324 0.000000 0.282182 0.017553 
0.001411 0.032961 0.000377 0.010701 0.000662 0.016477 0.000034 0.001154 0.026549 0.224822 0.000000 0.237595 0.447257 
0.035196 0.000000 0.012830 0.000065 0.000000 0.000002 0.121824 0.000000 0.142636 0.196873 0.104527 0.386047 0.000001 
0.026287 0.000000 0.000000 0.011398 0.010421 0.017392 0.136347 0.000000 0.157230 0.286794 0.024994 0.329136 0.000000 
0.002192 0.000000 0.003277 0.006360 0.024075 0.045462 0.109519 0.000000 0.122415 0.260460 0.033204 0.393035 0.000000 
0.021096 0.000000 0.000000 0.020674 0.000000 0.003632 0.009136 0.000877 0.000813 0.008648 0.000000 0.040679 0.894444 
0.066612 0.000000 0.000000 0.022206 0.039002 0.000002 0.103352 0.006227 0.286431 0.246341 0.000000 0.218193 0.011636 
0.028632 0.000000 0.000000 0.021935 0.018565 0.031795 0.084534 0.003643 0.433773 0.234041 0.031495 0.111587 0.000000 
0.065746 0.023473 0.019963 0.007143 0.000000 0.000003 0.090126 0.002146 0.250195 0.299620 0.000000 0.241584 0.000001 
0.055473 0.000000 0.000000 0.005014 0.000000 0.000002 0.044251 0.000000 0.166543 0.283457 0.061510 0.378375 0.005375 
0.014061 0.000000 0.000000 0.049691 0.001769 0.000000 0.000059 0.000965 0.034676 0.001933 0.000000 0.032858 0.863988 
0.001696 0.012238 0.000000 0.004983 0.000737 0.000000 0.070749 0.000000 0.021926 0.616230 0.000000 0.271440 0.000000 
0.074529 0.000000 0.000000 0.034570 0.009512 0.036661 0.089176 0.000000 0.275069 0.333402 0.000000 0.147081 0.000000 
0.100401 0.000000 0.000000 0.015392 0.000000 0.019131 0.052846 0.000000 0.069670 0.214581 0.000000 0.527979 0.000001 
0.019976 0.000000 0.000000 0.025658 0.000000 0.006163 0.011002 0.000874 0.013327 0.044280 0.000000 0.038214 0.840506 
0.026355 0.000000 0.003384 0.004028 0.000000 0.000002 0.105302 0.000000 0.169008 0.374951 0.034493 0.248916 0.033560 
0.115364 0.000000 0.000000 0.025908 0.000000 0.049263 0.052977 0.000000 0.126224 0.295076 0.096170 0.239017 0.000001 
0.118940 0.000000 0.000000 0.005809 0.012312 0.017778 0.142548 0.001609 0.214253 0.221448 0.000000 0.265302 0.000001 
0.055071 0.000000 0.007165 0.023922 0.000000 0.016865 0.059104 0.001258 0.189745 0.272614 0.030960 0.343295 0.000000 
0.007751 0.048192 0.001166 0.026153 0.000000 0.012851 0.031852 0.002047 0.086338 0.306254 0.000000 0.141950 0.335445 
0.009892 0.000000 0.000000 0.041693 0.042279 0.000002 0.058870 0.003155 0.591553 0.031001 0.054270 0.167285 0.000001 
0.021300 0.000000 0.000000 0.008966 0.011981 0.000001 0.075269 0.000000 0.250158 0.245718 0.000000 0.386606 0.000000 
0.068567 0.000000 0.000000 0.003097 0.000000 0.044638 0.091259 0.000000 0.182253 0.241328 0.029310 0.339547 0.000001 
0.006104 0.000000 0.003512 0.027832 0.000000 0.000001 0.009223 0.000000 0.002156 0.001414 0.007005 0.074932 0.867821 
0.606764 0.000000 0.000000 0.007881 0.000000 0.000002 0.017533 0.000000 0.090967 0.107139 0.000000 0.169712 0.000001 
0.000268 0.000000 0.754052 0.002853 0.002080 0.194389 0.004381 0.000000 0.006732 0.002797 0.000000 0.032446 0.000000 
0.045763 0.000000 0.000000 0.010239 0.000000 0.032453 0.063878 0.000000 0.158408 0.278097 0.000000 0.411160 0.000001 
0.004729 0.000000 0.000000 0.004136 0.006912 0.000001 0.018845 0.000000 0.100293 0.106569 0.000000 0.758514 0.000000 
0.047204 0.000000 0.000000 0.009709 0.000000 0.047522 0.074827 0.000000 0.261268 0.284438 0.036900 0.238133 0.000000 
0.056599 0.000000 0.000000 0.015650 0.000000 0.000001 0.063554 0.000000 0.465583 0.178200 0.027171 0.193242 0.000000 
0.056144 0.000000 0.000000 0.013892 0.034246 0.008783 0.100742 0.000000 0.253025 0.189901 0.026804 0.316463 0.000000 
0.029105 0.000000 0.000000 0.004252 0.000000 0.027999 0.096772 0.005341 0.172737 0.256486 0.063430 0.327602 0.016276 
0.077616 0.000000 0.007151 0.010969 0.000000 0.000002 0.079458 0.007488 0.117839 0.225299 0.075359 0.398818 0.000001 
0.076915 0.000000 0.006927 0.010008 0.000000 0.009555 0.102603 0.000000 0.178182 0.271003 0.000000 0.344806 0.000001 
0.027400 0.000000 0.188472 0.012888 0.026552 0.074354 0.111432 0.000000 0.186933 0.182110 0.025976 0.163883 0.000000 
0.024884 0.000000 0.000000 0.014340 0.000000 0.024677 0.034010 0.009146 0.266923 0.389805 0.072920 0.163293 0.000001 
0.031180 0.000000 0.000000 0.013789 0.000000 0.000001 0.002187 0.001597 0.002174 0.021632 0.000000 0.057582 0.869859 
0.128035 0.000000 0.040225 0.010012 0.035087 0.033862 0.134028 0.001818 0.210493 0.274817 0.000000 0.131623 0.000001 
0.061987 0.000000 0.000000 0.016121 0.000000 0.020948 0.038687 0.001043 0.165126 0.355334 0.000000 0.340753 0.000000 
0.047786 0.000000 0.000000 0.015865 0.000000 0.018414 0.073424 0.002730 0.197619 0.292212 0.000000 0.351951 0.000000 
0.028696 0.000000 0.005860 0.000022 0.000000 0.006013 0.020007 0.000000 0.044378 0.121306 0.024138 0.626656 0.122925 
0.019660 0.000000 0.000000 0.031537 0.000944 0.005160 0.007849 0.001078 0.005111 0.038754 0.000000 0.027345 0.862562 
0.048516 0.000000 0.000000 0.113443 0.018730 0.000000 0.024465 0.004310 0.688100 0.001461 0.000000 0.004129 0.096846 
0.058625 0.000000 0.000000 0.019022 0.017684 0.000002 0.035742 0.000000 0.107117 0.251227 0.000000 0.510579 0.000001 
0.045487 0.000000 0.008366 0.012829 0.010696 0.018493 0.062998 0.000000 0.171842 0.275577 0.049312 0.324144 0.020257 
0.014129 0.007022 0.000000 0.012751 0.000000 0.016737 0.008969 0.000551 0.014095 0.011902 0.000000 0.102858 0.810987 
0.038150 0.000000 0.009596 0.015676 0.009376 0.000001 0.085933 0.000000 0.134668 0.281536 0.064946 0.360116 0.000000 
0.025314 0.000000 0.000000 0.001056 0.000000 0.008162 0.076079 0.000000 0.138605 0.304573 0.060033 0.386179 0.000000 
0.055611 0.000000 0.016082 0.014407 0.000000 0.000001 0.111856 0.003650 0.176899 0.293909 0.000000 0.327584 0.000000 
0.008097 0.032593 0.000000 0.016505 0.001220 0.000000 0.036727 0.001175 0.036862 0.364009 0.000000 0.142842 0.359971 
0.007229 0.000000 0.004359 0.004331 0.025902 0.018602 0.052424 0.000844 0.384497 0.180235 0.000000 0.321576 0.000000 
0.039062 0.000000 0.005729 0.032501 0.000000 0.000002 0.138260 0.003618 0.313331 0.321442 0.000000 0.130810 0.015245 
0.056295 0.000000 0.009417 0.005198 0.000000 0.000001 0.084129 0.000000 0.194924 0.275948 0.053049 0.321038 0.000000 
0.001226 0.000000 0.000000 0.000027 0.000000 0.007923 0.032196 0.000861 0.032564 0.214988 0.000000 0.707311 0.002904 
0.059683 0.000000 0.000000 0.000082 0.000000 0.000002 0.089192 0.007191 0.169584 0.230162 0.000000 0.444103 0.000001 
0.113431 0.000000 0.350409 0.001499 0.000000 0.315479 0.006692 0.000000 0.030751 0.008168 0.000000 0.139114 0.034457 
0.008426 0.000000 0.000000 0.010106 0.000000 0.010686 0.003299 0.000411 0.004118 0.002767 0.000000 0.078449 0.881738 
0.000648 0.000000 0.000000 0.030547 0.000000 0.030772 0.000932 0.000000 0.013331 0.004668 0.014460 0.099202 0.805439 
0.071538 0.000000 0.000000 0.006740 0.000000 0.000001 0.078321 0.000000 0.123150 0.262066 0.000000 0.458183 0.000000 
0.078217 0.000000 0.003632 0.007213 0.000000 0.000002 0.077936 0.009585 0.149302 0.311532 0.000000 0.346653 0.015929 
0.080550 0.000000 0.003293 0.006363 0.000000 0.009674 0.015678 0.002838 0.212981 0.415682 0.000000 0.252940 0.000000 
0.052942 0.000000 0.000000 0.007588 0.000000 0.000004 0.072319 0.000000 0.202495 0.307566 0.063336 0.293748 0.000001 
0.090845 0.034227 0.000000 0.030505 0.013327 0.000003 0.005258 0.000000 0.101426 0.219175 0.000000 0.505233 0.000001 
0.078791 0.000000 0.000000 0.006114 0.000000 0.025802 0.089728 0.000000 0.120325 0.332984 0.054128 0.292127 0.000001 
0.066047 0.000000 0.012619 0.012545 0.000000 0.093214 0.286015 0.000000 0.132204 0.161724 0.054407 0.181223 0.000001 
0.097650 0.000000 0.003347 0.008557 0.000000 0.017364 0.115753 0.001586 0.188990 0.266188 0.000000 0.300565 0.000000 
0.094330 0.000000 0.007103 0.010090 0.000000 0.000002 0.058022 0.001871 0.113044 0.299307 0.000000 0.416230 0.000000 
0.010527 0.002611 0.000000 0.022586 0.000000 0.000000 0.011907 0.001164 0.034954 0.005084 0.000000 0.070484 0.840682 
0.040898 0.000000 0.000000 0.020125 0.006362 0.017312 0.089348 0.000000 0.163070 0.228227 0.000000 0.434655 0.000001 
0.100641 0.000000 0.002227 0.021805 0.005643 0.030864 0.076546 0.000000 0.181670 0.235194 0.000000 0.345410 0.000001 
0.023077 0.000000 0.000000 0.002391 0.018168 0.029688 0.075239 0.000000 0.574101 0.177735 0.033815 0.056675 0.009110 
0.056993 0.000000 0.697277 0.009348 0.000000 0.000004 0.023245 0.000000 0.008039 0.004814 0.140002 0.041404 0.018874 
0.000240 0.000000 0.012153 0.007527 0.008848 0.023813 0.000004 0.000000 0.035280 0.181089 0.041906 0.689140 0.000000 
0.029400 0.000000 0.027826 0.000000 0.019015 0.024776 0.092348 0.000000 0.248008 0.000000 0.301558 0.243103 0.013964 
0.027591 0.000000 0.028079 0.000000 0.019213 0.024798 0.092039 0.000000 0.246470 0.000000 0.304150 0.243433 0.014227 
0.088919 0.000000 0.065965 0.000001 0.030836 0.000019 0.048361 0.000002 0.131655 0.066981 0.339600 0.227662 0.000000 
0.198402 0.000000 0.067232 0.047755 0.133585 0.000016 0.000004 0.000001 0.000441 0.039786 0.453722 0.002790 0.056266 
0.019110 0.409140 0.017851 0.000001 0.069758 0.240803 0.000002 0.011643 0.001355 0.033962 0.158513 0.037861 0.000000 
0.040048 0.426412 0.005296 0.025582 0.036939 0.240661 0.000003 0.013380 0.004595 0.030213 0.119583 0.044258 0.013031 
0.064006 0.054469 0.011087 0.000000 0.004175 0.061498 0.000001 0.000000 0.046709 0.502280 0.062327 0.132144 0.061304 
0.029934 0.000000 0.004097 0.015467 0.030268 0.000007 0.052782 0.000000 0.465003 0.243681 0.110942 0.021222 0.026597 
0.001957 0.000000 0.000019 0.000000 0.000027 0.000007 0.000001 0.000000 0.000074 0.008980 0.003021 0.985915 0.000000 
0.000132 0.000000 0.000130 0.000001 0.000017 0.000018 0.000002 0.000002 0.149842 0.011460 0.014454 0.823941 0.000000 
0.035698 0.489434 0.000074 0.000000 0.019906 0.163226 0.000002 0.000001 0.009373 0.044321 0.160137 0.049632 0.028197 
0.028572 0.010050 0.035114 0.014962 0.008741 0.022166 0.098228 0.000000 0.287459 0.000000 0.310968 0.183740 0.000000 
0.098948 0.000000 0.046211 0.105736 0.038225 0.000016 0.049538 0.023199 0.104731 0.089212 0.282355 0.117503 0.044326 
0.103800 0.000000 0.316677 0.044120 0.025124 0.190191 0.000002 0.000002 0.033120 0.066400 0.137124 0.083441 0.000000 
0.042072 0.017010 0.027283 0.008365 0.025045 0.023348 0.080045 0.003552 0.205408 0.000000 0.360684 0.197675 0.009514 
0.049090 0.000000 0.020274 0.000000 0.010394 0.000003 0.000000 0.342762 0.010665 0.000000 0.551602 0.015209 0.000000 
0.053679 0.000000 0.025612 0.002918 0.023750 0.022115 0.102735 0.000975 0.156846 0.000000 0.372402 0.233519 0.005449 
0.015305 0.000000 0.043914 0.000001 0.010810 0.000018 0.000003 0.393056 0.028971 0.000000 0.466170 0.041753 0.000000 
0.039826 0.000000 0.000016 0.000000 0.013983 0.000007 0.000001 0.451230 0.000308 0.000001 0.488757 0.005871 0.000000 
0.021703 0.000000 0.021358 0.016064 0.006077 0.016463 0.044579 0.146506 0.155873 0.000000 0.389648 0.181728 0.000000 
0.011403 0.000000 0.010950 0.000000 0.008732 0.000021 0.000001 0.563317 0.000483 0.000001 0.367759 0.037332 0.000000 
0.080913 0.000000 0.000142 0.000001 0.000026 0.012148 0.000003 0.571336 0.000468 0.000001 0.308174 0.026787 0.000000 
0.013118 0.000000 0.000042 0.000000 0.000038 0.021432 0.000002 0.568660 0.000570 0.000001 0.376674 0.019464 0.000000 
0.035374 0.000000 0.021913 0.012319 0.030418 0.038496 0.094680 0.000000 0.190049 0.000000 0.316694 0.253620 0.006436 
0.016703 0.000000 0.024480 0.000000 0.014383 0.014744 0.117039 0.000000 0.203843 0.000000 0.337180 0.258867 0.012761 
0.030939 0.000000 0.028089 0.010100 0.017821 0.029975 0.087127 0.001414 0.189879 0.000000 0.360633 0.235098 0.008925 
0.005660 0.148274 0.000031 0.059745 0.060727 0.000006 0.240016 0.012704 0.179418 0.075920 0.216907 0.000593 0.000000 
0.000921 0.053704 0.119585 0.142535 0.023251 0.146792 0.147033 0.010286 0.060158 0.081647 0.170219 0.043868 0.000000 
0.025305 0.035905 0.005186 0.060297 0.000003 0.000000 0.012769 0.000000 0.225843 0.359159 0.000165 0.275368 0.000000 
0.019121 0.034160 0.000003 0.043758 0.000004 0.000000 0.003711 0.000000 0.234271 0.417123 0.012577 0.235273 0.000000 
0.033116 0.000000 0.039023 0.003679 0.026259 0.000000 0.103473 0.000000 0.147388 0.010087 0.404464 0.204778 0.027731 
0.035096 0.000000 0.039271 0.000241 0.050320 0.000000 0.094201 0.000001 0.148275 0.043786 0.346153 0.230678 0.011978 
0.029082 0.000000 0.030121 0.007582 0.013668 0.000000 0.086069 0.000000 0.084169 0.034824 0.408967 0.280414 0.025105 
0.016807 0.000000 0.000002 0.023622 0.000007 0.000000 0.025731 0.001854 0.257890 0.292042 0.000094 0.377053 0.004899 
0.008303 0.000000 0.000001 0.011787 0.000003 0.004660 0.001159 0.000000 0.001612 0.025870 0.012070 0.021397 0.913137 
0.024854 0.000000 0.000001 0.035290 0.008268 0.007911 0.002384 0.003175 0.093932 0.370212 0.000136 0.453836 0.000000 
0.059575 0.000000 0.000003 0.021065 0.000012 0.000000 0.059926 0.001130 0.127964 0.322483 0.000191 0.394073 0.013578 
0.001112 0.000000 0.000004 0.000116 0.003982 0.000000 0.001640 0.002861 0.054930 0.189910 0.010812 0.725463 0.009170 
0.000841 0.000000 0.007369 0.017766 0.000002 0.000000 0.001221 0.000929 0.068874 0.213107 0.000070 0.689822 0.000000 
0.014383 0.000000 0.002010 0.038392 0.020301 0.000000 0.052385 0.000000 0.121295 0.342616 0.024769 0.383849 0.000000 
0.044287 0.000000 0.000002 0.042730 0.000008 0.000000 0.031595 0.002489 0.151540 0.445577 0.000217 0.281555 0.000000 
0.001394 0.000000 0.003535 0.020245 0.002943 0.000000 0.023152 0.002092 0.073642 0.337564 0.014352 0.509627 0.011455 
0.011644 0.000000 0.003277 0.058438 0.002214 0.000000 0.028163 0.013615 0.207396 0.511873 0.017860 0.145520 0.000000 
0.031716 0.000000 0.006621 0.043329 0.006013 0.000000 0.014693 0.001066 0.138398 0.266650 0.000137 0.491376 0.000000 
0.048911 0.000000 0.002831 0.011956 0.019435 0.028795 0.068058 0.000000 0.315027 0.363299 0.034011 0.090051 0.017626 
0.052340 0.000000 0.000005 0.019772 0.000017 0.008759 0.043449 0.001293 0.200334 0.289201 0.000127 0.384703 0.000000 
0.037983 0.000000 0.000001 0.026471 0.000014 0.000000 0.022839 0.000000 0.082967 0.269737 0.000103 0.559887 0.000000 
0.047563 0.000000 0.000000 0.051485 0.000002 0.000000 0.063036 0.001363 0.216852 0.475616 0.000030 0.144053 0.000000 
0.032415 0.000000 0.000005 0.037262 0.000006 0.000000 0.030916 0.003031 0.196446 0.392032 0.000253 0.307634 0.000000 
0.003824 0.000000 0.000000 0.087135 0.000001 0.000000 0.002791 0.002168 0.015306 0.034513 0.005768 0.004538 0.843955 
0.032471 0.000000 0.015477 0.000525 0.015472 0.000000 0.079472 0.000000 0.172441 0.018373 0.400002 0.251077 0.014689 
0.016802 0.000000 0.002405 0.019388 0.008628 0.000000 0.074875 0.000000 0.107680 0.256419 0.035314 0.478489 0.000000 
0.084240 0.032808 0.171580 0.000208 0.018193 0.000000 0.064069 0.000001 0.029262 0.027878 0.197833 0.312555 0.061374 
0.170925 0.000000 0.006782 0.012475 0.000007 0.010382 0.013275 0.000000 0.090696 0.389670 0.000302 0.265511 0.039975 
0.026422 0.000000 0.000011 0.007495 0.048110 0.000000 0.034000 0.000000 0.040516 0.234507 0.018842 0.548434 0.041664 
0.155126 0.000000 0.000009 0.038890 0.000013 0.000000 0.014479 0.000000 0.220270 0.186638 0.059073 0.304395 0.021107 
0.258024 0.000000 0.000004 0.030895 0.000015 0.000000 0.003515 0.000000 0.103713 0.215182 0.000185 0.388466 0.000000 
0.154443 0.018472 0.008001 0.044898 0.000009 0.000000 0.012114 0.000000 0.185271 0.407161 0.037796 0.131834 0.000000 
0.112200 0.000000 0.045028 0.012306 0.021236 0.000000 0.107007 0.000001 0.046830 0.013922 0.283357 0.358114 0.000000 
0.128482 0.000000 0.000005 0.003159 0.000009 0.000000 0.032805 0.002819 0.071952 0.213141 0.011000 0.500753 0.035874 
0.101610 0.000000 0.218479 0.000882 0.013100 0.000000 0.115699 0.007215 0.051692 0.006358 0.175727 0.264669 0.044568 
0.013516 0.000000 0.002620 0.025390 0.004056 0.000000 0.068063 0.000000 0.391679 0.235540 0.032926 0.226210 0.000000 
0.082110 0.000000 0.049741 0.007866 0.006123 0.092632 0.080388 0.000001 0.056065 0.005699 0.311529 0.278250 0.029596 
0.124799 0.076888 0.057350 0.018814 0.000015 0.000000 0.061198 0.000001 0.060114 0.014931 0.205558 0.335473 0.044860 
0.051257 0.000000 0.000001 0.014363 0.000003 0.013398 0.061023 0.001536 0.134861 0.457831 0.009242 0.256485 0.000000 
0.036874 0.000000 0.004715 0.022942 0.015152 0.000000 0.074886 0.000000 0.133713 0.299932 0.037333 0.374453 0.000000 
0.010010 0.000000 0.000002 0.011904 0.000008 0.000000 0.051899 0.000000 0.176117 0.220872 0.014533 0.514656 0.000000 
0.015467 0.000000 0.000002 0.016431 0.015124 0.000000 0.021971 0.000899 0.385089 0.174072 0.000141 0.370804 0.000000 
0.110989 0.196669 0.032332 0.012699 0.033387 0.072879 0.043609 0.000001 0.009455 0.080105 0.149008 0.258867 0.000000 
